0.505660 -0.097551 0.022881
0.505602 -0.097578 0.022131
0.505188 -0.098212 0.021752
0.505139 -0.097374 0.022543
0.504885 -0.098267 0.020810
0.504872 -0.097208 0.020883
0.504989 -0.097156 0.022384
0.505514 -0.097021 0.021295
0.505369 -0.097860 0.021062
0.505126 -0.097754 0.020911
0.505882 -0.097533 0.022303
0.505824 -0.097560 0.021553
0.505625 -0.097251 0.021111
0.506469 -0.098145 0.023139
0.506059 -0.098050 0.021340
0.506117 -0.098023 0.022090
0.505983 -0.097931 0.022084
0.507820 -0.097377 0.022587
0.507723 -0.097080 0.021491
0.508496 -0.097253 0.020750
0.509208 -0.097290 0.020970
0.509975 -0.098224 0.022243
0.510978 -0.097401 0.022763
0.510909 -0.097432 0.021763
0.512226 -0.097262 0.023608
0.511245 -0.097177 0.021351
0.511799 -0.096912 0.021497
0.512540 -0.097863 0.022515
0.512865 -0.097815 0.022440
0.512847 -0.097823 0.022190
0.513431 -0.097547 0.022252
0.514256 -0.097706 0.022258
0.514801 -0.098278 0.023045
0.515332 -0.097415 0.020914
0.515401 -0.097387 0.021914
0.517660 -0.097556 0.021078
0.517643 -0.097563 0.020828
0.519251 -0.097348 0.021387
0.520867 -0.097255 0.022244
0.520661 -0.098092 0.021755
0.522223 -0.097894 0.022521
0.522238 -0.097886 0.022771
0.524041 -0.097843 0.023119
0.523130 -0.097709 0.021614
0.525521 -0.097842 0.022286
0.526398 -0.097994 0.023291
0.528108 -0.098035 0.022250
0.528994 -0.098182 0.023505
0.529203 -0.098768 0.022566
0.528342 -0.098604 0.021811
0.530447 -0.098717 0.022063
0.530475 -0.098701 0.022562
0.531871 -0.098503 0.022402
0.531856 -0.098511 0.022152
0.533054 -0.098610 0.022016
0.533997 -0.098735 0.024269
0.535740 -0.097862 0.023327
0.535576 -0.098664 0.023835
0.536997 -0.098533 0.023552
0.536820 -0.099342 0.023808
0.537826 -0.098716 0.023805
0.538422 -0.098579 0.023202
0.538274 -0.099376 0.023956
0.540600 -0.098788 0.024191
0.542047 -0.098911 0.023559
0.542060 -0.098905 0.023809
0.542019 -0.098922 0.023059
0.543580 -0.098089 0.023751
0.544239 -0.099079 0.024253
0.545806 -0.099265 0.024239
0.545792 -0.099270 0.023989
0.546434 -0.099113 0.023333
0.546263 -0.099925 0.023585
0.547990 -0.099018 0.023966
0.548146 -0.098210 0.023466
0.550185 -0.098511 0.023597
0.550030 -0.099320 0.024096
0.551085 -0.098391 0.023933
0.550918 -0.099205 0.024182
0.551658 -0.098893 0.024281
0.552364 -0.099107 0.022281
0.553001 -0.099073 0.023963
0.553764 -0.099267 0.022962
0.555160 -0.098457 0.021943
0.555174 -0.098453 0.022193
0.556769 -0.099254 0.022684
0.557590 -0.099428 0.022683
0.559431 -0.098629 0.023704
0.559418 -0.098633 0.023454
0.561153 -0.098561 0.023448
0.561126 -0.098569 0.022948
0.562771 -0.098475 0.022940
0.562758 -0.098479 0.022690
0.564457 -0.098481 0.022577
0.565305 -0.098644 0.023076
0.566077 -0.098577 0.023093
0.566232 -0.097759 0.022847
0.567981 -0.098017 0.022714
0.567185 -0.097845 0.023215
0.568714 -0.098092 0.022779
0.569564 -0.098249 0.023277
0.571194 -0.097558 0.022878
0.571153 -0.097566 0.022128
0.572742 -0.097494 0.022566
0.572729 -0.097496 0.022316
0.574548 -0.097532 0.022365
0.574575 -0.097527 0.022865
0.577068 -0.097635 0.023472
0.575479 -0.096515 0.021732
0.578268 -0.097246 0.022832
0.578308 -0.097239 0.023582
0.580048 -0.097259 0.023612
0.579297 -0.096294 0.022118
0.579142 -0.097121 0.022114
0.581027 -0.096343 0.021911
0.581620 -0.098130 0.023403
0.583377 -0.097503 0.022709
0.586114 -0.097494 0.024699
0.586051 -0.097513 0.023449
0.586025 -0.097521 0.022949
0.587105 -0.097396 0.022759
0.588791 -0.097457 0.022680
0.588916 -0.096645 0.021930
0.587887 -0.097319 0.021180
0.590437 -0.097415 0.022410
0.590476 -0.097402 0.023160
0.591526 -0.097432 0.021745
0.592886 -0.097551 0.020659
0.592058 -0.097393 0.020659
0.593819 -0.097679 0.022659
0.594600 -0.097709 0.022199
0.596155 -0.097803 0.020472
0.595408 -0.097631 0.021972
0.597274 -0.098436 0.022108
0.598253 -0.097760 0.022111
0.600016 -0.097653 0.022176
0.600882 -0.097794 0.022925
0.602197 -0.098548 0.022787
0.601330 -0.098411 0.022038
0.603918 -0.097984 0.021709
0.602902 -0.098678 0.020955
0.604794 -0.097870 0.022116
0.604637 -0.098702 0.021861
0.604610 -0.098709 0.021361
0.606304 -0.097848 0.021327
0.609090 -0.097897 0.021961
0.609056 -0.098703 0.023955
0.607332 -0.098442 0.022708
0.609747 -0.097784 0.022599
0.609693 -0.097794 0.021599
0.612405 -0.097968 0.023700
0.613851 -0.098084 0.022330
0.614695 -0.098212 0.022579
0.614577 -0.099040 0.022821
0.616418 -0.098220 0.023798
0.617910 -0.098914 0.023567
0.618049 -0.098082 0.023825
0.619999 -0.098603 0.023155
0.619168 -0.098478 0.023156
0.619860 -0.099438 0.022898
0.621065 -0.098631 0.023454
0.622287 -0.097761 0.021593
0.622174 -0.098591 0.021838
0.624715 -0.098675 0.022275
0.623843 -0.098560 0.021526
0.623856 -0.098557 0.021776
0.625517 -0.099377 0.022085
0.628976 -0.098726 0.022585
0.628951 -0.098735 0.022085
0.629001 -0.098717 0.023085
0.630385 -0.098593 0.022697
0.632208 -0.097585 0.022601
0.631256 -0.098277 0.022851
0.634972 -0.097430 0.023246
0.634824 -0.098265 0.022997
0.637217 -0.098351 0.023890
0.638662 -0.097326 0.023139
0.639401 -0.098270 0.024141
0.639412 -0.098265 0.024391
0.640997 -0.098403 0.024238
0.642864 -0.098606 0.023253
0.643820 -0.097919 0.023002
0.646582 -0.098159 0.024517
0.645778 -0.097242 0.022016
0.645834 -0.097219 0.023266
0.647712 -0.096501 0.023212
0.647559 -0.097339 0.022711
0.648613 -0.096448 0.023522
0.651102 -0.096524 0.021649
0.650181 -0.097229 0.022396
0.650244 -0.096408 0.021150
0.652615 -0.097668 0.021866
0.654621 -0.097807 0.022935
0.654867 -0.096136 0.023450
0.654011 -0.096028 0.022952
0.656452 -0.097030 0.023659
0.655595 -0.096927 0.023161
0.657294 -0.097233 0.023105
0.657246 -0.097239 0.022105
0.659998 -0.097363 0.022961
0.658439 -0.096329 0.023225
0.659933 -0.097018 0.022908
0.658936 -0.097766 0.021651
0.661109 -0.096876 0.021961
0.661179 -0.096041 0.021470
0.663109 -0.096821 0.021721
0.663935 -0.096915 0.021469
0.667663 -0.097067 0.023670
0.665871 -0.096903 0.021175
0.669077 -0.097353 0.022924
0.669065 -0.097356 0.022674
0.670314 -0.096608 0.022380
0.669539 -0.096508 0.023632
0.672305 -0.096436 0.024565
0.672293 -0.096438 0.024315
0.673238 -0.096225 0.023572
0.672257 -0.096978 0.022570
0.675205 -0.096909 0.024516
0.675230 -0.096902 0.025016
0.676789 -0.096699 0.023204
0.676777 -0.096703 0.022954
0.678651 -0.096671 0.022914
0.678599 -0.097487 0.023914
0.681102 -0.097590 0.024685
0.680325 -0.096673 0.023685
0.682064 -0.096413 0.022652
0.684166 -0.097241 0.024926
0.684203 -0.096441 0.023423
0.686563 -0.097058 0.023528
0.685755 -0.096936 0.024026
0.687121 -0.096597 0.023005
0.688020 -0.096677 0.024507
0.689548 -0.097350 0.023569
0.688822 -0.096408 0.023314
0.691384 -0.097179 0.023799
0.690672 -0.096230 0.023793
0.690553 -0.097061 0.023797
0.690667 -0.096648 0.022330
0.691512 -0.096511 0.021264
0.694346 -0.097458 0.022606
0.694479 -0.096620 0.022852
0.693647 -0.096500 0.022850
0.695947 -0.096735 0.021617
0.696776 -0.096478 0.021875
0.697623 -0.096588 0.022125
0.700059 -0.096623 0.022343
0.700035 -0.096633 0.021843
0.700833 -0.096418 0.021419
0.702474 -0.097439 0.023169
0.702729 -0.097029 0.022221
0.704640 -0.097651 0.022656
0.705609 -0.096917 0.023157
0.706178 -0.098356 0.022935
0.706327 -0.097507 0.023686
0.708084 -0.097208 0.023311
0.707942 -0.098835 0.024809
0.708701 -0.097731 0.024407
0.709583 -0.097817 0.025407
0.710295 -0.098260 0.024826
0.710336 -0.098241 0.025576
0.710758 -0.097670 0.025293
0.708983 -0.097498 0.023293
0.709355 -0.096881 0.022111
0.709475 -0.096830 0.024111
0.710801 -0.096994 0.026358
0.708195 -0.095920 0.022605
0.708394 -0.095323 0.021425
0.707018 -0.094199 0.023923
0.708809 -0.093787 0.024634
0.707964 -0.093677 0.024383
0.708699 -0.093839 0.023684
0.708786 -0.093807 0.024934
0.709478 -0.092436 0.024874
0.707716 -0.092231 0.023371
0.707075 -0.090468 0.022614
0.706702 -0.089573 0.021688
0.706991 -0.088921 0.022036
0.707747 -0.089861 0.022793
0.707200 -0.088722 0.023344
0.707294 -0.088692 0.024594
0.706574 -0.088066 0.022779
0.706497 -0.088091 0.021779
0.707539 -0.087375 0.022776
0.707009 -0.086414 0.023418
0.707200 -0.085764 0.023192
0.707381 -0.084928 0.023685
0.707613 -0.084152 0.023016
0.707560 -0.084946 0.024274
0.707678 -0.084030 0.023754
0.707659 -0.084036 0.023504
0.707269 -0.082025 0.023055
0.707347 -0.081223 0.022046
0.707798 -0.078856 0.021433
0.707970 -0.078816 0.023683
0.708262 -0.077912 0.023845
0.708440 -0.077086 0.024086
0.708173 -0.076718 0.022043
0.708307 -0.076688 0.023793
0.708227 -0.076089 0.023834
0.708355 -0.075277 0.023324
0.708355 -0.075010 0.023622
0.707396 -0.074874 0.021868
0.708405 -0.074056 0.021630
0.707834 -0.073043 0.022615
0.707955 -0.072104 0.022546
0.707054 -0.071945 0.021541
0.707421 -0.069815 0.022721
0.708538 -0.069154 0.024215
0.707748 -0.067692 0.023450
0.707689 -0.067702 0.022700
0.706722 -0.066905 0.022422
0.707452 -0.067889 0.023688
0.707669 -0.065852 0.023922
0.707459 -0.066670 0.023682
0.707040 -0.066358 0.022171
0.707313 -0.065526 0.023161
0.705572 -0.064011 0.022006
0.706687 -0.063374 0.023250
0.706319 -0.060133 0.022529
0.706601 -0.059311 0.023518
0.706839 -0.056934 0.023255
0.707001 -0.056125 0.022744
0.707402 -0.053608 0.022844
0.707442 -0.053607 0.023344
0.706754 -0.052591 0.022328
0.707849 -0.051113 0.024317
0.707436 -0.050987 0.024563
0.707375 -0.050990 0.023813
0.707284 -0.049993 0.023293
0.706237 -0.050586 0.023048
0.707087 -0.050799 0.023554
0.706243 -0.048972 0.022921
0.706187 -0.047540 0.021869
0.706454 -0.046730 0.022358
0.705269 -0.044666 0.022072
0.705471 -0.042262 0.021890
0.706181 -0.039846 0.022103
0.705884 -0.037240 0.022883
0.705692 -0.034584 0.021839
0.706014 -0.032663 0.022751
0.706188 -0.031850 0.021988
0.705450 -0.030313 0.022031
0.706263 -0.029918 0.022422
0.706878 -0.030971 0.023194
0.705993 -0.030715 0.022186
0.707117 -0.029396 0.023431
0.706410 -0.025581 0.023384
0.706432 -0.022944 0.023572
0.705617 -0.020035 0.023251
0.704588 -0.014313 0.021371
0.705271 -0.012767 0.022832
0.705442 -0.008831 0.021332
0.706122 -0.006822 0.020985
0.705245 -0.007351 0.023251
0.705633 -0.005077 0.022478
0.706311 -0.003539 0.023176
0.704803 -0.000862 0.021935
0.705647 -0.001190 0.022701
0.705624 -0.001186 0.022451
0.706132 0.002173 0.022296
0.705599 -0.001225 0.022175
0.703987 0.005933 0.019615
0.706048 0.011940 0.022878
0.706724 0.011633 0.021892
0.705376 0.008577 0.021757
0.706078 0.012312 0.021693
0.705275 0.006291 0.022176
0.705529 0.005292 0.022354
0.705935 0.002323 0.021470
0.706944 0.004966 0.022099
0.706622 0.002340 0.021696
0.705379 0.004198 0.020791
0.704332 0.001917 0.020868
0.706018 0.005658 0.021859
0.704043 0.003709 0.020163
0.705100 0.006153 0.021184
0.703989 0.005738 0.021190
0.702938 0.005138 0.021566
0.700324 0.003528 0.021091
0.701938 0.006836 0.022313
0.700106 0.004874 0.021838
0.701019 0.006302 0.022775
0.700389 0.002896 0.022059
0.699618 0.004786 0.021240
0.700393 0.004465 0.021245
0.698708 0.003753 0.020931
0.699207 0.004535 0.022687
0.699016 0.004684 0.022974
0.695205 0.004307 0.022199
0.694219 0.004950 0.021345
0.694082 0.004151 0.022576
0.692912 0.003699 0.022635
0.691341 0.005056 0.020675
0.690919 0.004162 0.022595
0.691105 0.004974 0.022130
0.689869 0.004855 0.022959
0.686403 0.005819 0.021264
0.685353 0.004356 0.021492
0.683964 0.005566 0.021825
0.681774 0.003935 0.022742
0.681179 0.004921 0.023066
0.678591 0.003518 0.022334
0.678800 0.004322 0.022642
0.675028 0.003658 0.021113
0.673679 0.004724 0.022218
0.671995 0.003685 0.022257
0.671343 0.004630 0.022594
0.669228 0.005081 0.019904
0.667537 0.004621 0.022359
0.664295 0.003138 0.022164
0.665358 0.004690 0.022270
0.663392 0.003163 0.021941
0.663471 0.004879 0.021324
0.663281 0.004967 0.023263
0.658467 0.004923 0.018884
0.659474 0.003909 0.020292
0.657123 0.004369 0.019656
0.658244 0.005055 0.020936
0.655645 0.003861 0.020203
0.656717 0.004572 0.021233
0.654785 0.003728 0.021682
0.654731 0.004607 0.020988
0.654770 0.004593 0.021237
0.652299 0.003763 0.020893
0.653296 0.003652 0.021871
0.652160 0.003801 0.022428
0.649652 0.003969 0.022164
0.649615 0.003981 0.021915
0.648477 0.003297 0.022944
0.647399 0.004268 0.021001
0.645399 0.003879 0.021501
0.645508 0.003851 0.022250
0.645380 0.004736 0.021037
0.644425 0.004056 0.023121
0.640868 0.002827 0.021681
0.640919 0.003663 0.021709
0.641098 0.003623 0.022957
0.638966 0.003276 0.023058
0.637083 0.004260 0.021353
0.634815 0.003883 0.021516
0.633937 0.003938 0.021274
0.631672 0.003756 0.020504
0.632767 0.003667 0.022245
0.631087 0.003337 0.021790
0.630353 0.003369 0.022545
0.627847 0.003063 0.022243
0.628898 0.002989 0.023736
0.626035 0.002785 0.020821
0.624693 0.003278 0.021366
0.624934 0.003249 0.023115
0.622374 0.002967 0.021295
0.620135 0.002717 0.021041
0.620177 0.003556 0.021054
0.621963 0.003461 0.021796
0.619519 0.003177 0.021696
0.617671 0.002963 0.022970
0.618477 0.002928 0.022717
0.615469 0.002614 0.022250
0.615536 0.002608 0.022749
0.613415 0.002402 0.021692
0.614388 0.002356 0.022688
0.613482 0.002397 0.022191
0.612988 0.002222 0.023542
0.612019 0.002267 0.022544
0.609940 0.002478 0.022417
0.610818 0.003275 0.022421
0.608132 0.002769 0.022518
0.608876 0.002731 0.021768
0.607019 0.002979 0.022040
0.606179 0.003025 0.022040
0.603235 0.003349 0.020610
0.602376 0.002561 0.020858
0.601598 0.001869 0.021407
0.599601 0.001130 0.019403
0.597599 0.002282 0.019182
0.598701 0.002233 0.021186
0.595735 0.001708 0.020616
0.596737 0.001656 0.021870
0.593395 0.000915 0.021737
0.591646 0.001050 0.022938
0.591549 0.001044 0.022187
0.589974 0.000351 0.023434
0.587903 0.000782 0.023549
0.587067 0.000851 0.023544
0.584574 0.000285 0.022691
0.582321 0.000687 0.023050
0.581417 0.000757 0.022544
0.580512 0.000827 0.022038
0.579087 0.001271 0.023052
0.577276 0.001419 0.022039
0.574527 0.000854 0.022031
0.572649 0.000809 0.022608
0.573553 0.000730 0.023114
0.571019 0.001706 0.023128
0.570928 0.000876 0.023138
0.568040 0.001198 0.020358
0.569147 0.001135 0.022366
0.567216 0.000512 0.022412
0.567215 0.001331 0.021651
0.564570 0.001632 0.020947
0.563498 0.000883 0.019950
0.562684 0.001066 0.021048
0.563675 0.000167 0.023066
0.561304 0.000609 0.022997
0.560242 0.000685 0.021239
0.561067 -0.000239 0.022008
0.559745 0.000165 0.023279
0.556799 0.000645 0.021665
0.557641 -0.000279 0.022686
0.554759 0.001192 0.021477
0.554695 0.001182 0.020976
0.553633 0.000174 0.022868
0.554401 0.000033 0.022377
0.554463 0.000046 0.022878
0.552815 -0.000452 0.022112
0.553092 -0.000391 0.024364
0.550828 0.000782 0.021333
0.549981 0.000121 0.022341
0.548447 -0.000332 0.020953
0.546854 0.000113 0.024002
0.546581 -0.000738 0.023019
0.544612 -0.000377 0.024765
0.545282 -0.000566 0.023525
0.542223 -0.000062 0.022578
0.542068 -0.000098 0.021327
0.539491 0.000188 0.022224
0.540348 0.000037 0.022483
0.537820 0.000164 0.022575
0.536834 -0.000500 0.022580
0.534485 -0.000423 0.022211
0.533753 -0.000249 0.022954
0.530405 -0.000120 0.020970
0.528103 0.000429 0.020736
0.526438 0.000730 0.020727
0.523708 0.000557 0.020783
0.523880 0.000571 0.022034
0.520894 0.001041 0.021061
0.519847 0.001171 0.019559
0.517717 0.000848 0.019732
0.519776 0.000593 0.022484
0.517697 0.001001 0.022681
0.517326 0.000165 0.020926
0.515184 0.000657 0.019885
0.517193 0.001245 0.021390
0.514444 0.000912 0.020361
0.515419 0.000791 0.021360
0.513230 0.000456 0.021504
0.512255 0.000574 0.020506
0.511753 0.000841 0.021303
0.512559 0.000729 0.021051
0.511414 0.000370 0.022337
0.510122 0.000934 0.022289
0.510154 0.000933 0.022539
0.511119 0.000821 0.023536
0.508023 0.000672 0.022103
0.505656 0.000474 0.021262
0.504788 0.001419 0.020274
0.502755 0.001245 0.020519
0.500850 0.000926 0.020614
0.500981 0.000921 0.021614
0.501807 0.001274 0.021884
0.500667 0.000996 0.022927
0.502466 0.001649 0.023180
0.501520 0.001512 0.022969
0.504442 0.002900 0.024977
0.500650 0.004916 0.022226
0.501547 0.004823 0.022723
0.502418 0.005577 0.022229
0.503751 0.006576 0.025810
0.503626 0.007435 0.023818
0.503055 0.008750 0.024491
0.503827 0.009513 0.022995
0.501785 0.010303 0.022338
0.503580 0.010949 0.022589
0.503459 0.012584 0.023062
0.503315 0.011756 0.022559
0.502565 0.013421 0.022690
0.503498 0.013310 0.023690
0.502567 0.014208 0.023250
0.503426 0.014105 0.023501
0.504057 0.015837 0.024581
0.503224 0.015941 0.024579
0.503680 0.018016 0.023755
0.503745 0.018854 0.023252
0.503746 0.022500 0.023913
0.503794 0.023345 0.023157
0.503514 0.024985 0.023194
0.503437 0.024147 0.023701
0.503994 0.025633 0.023786
0.503886 0.025652 0.022535
0.503693 0.027901 0.022470
0.504693 0.028596 0.022967
0.503629 0.030926 0.022206
0.503779 0.031752 0.022449
0.504606 0.034185 0.022703
0.504585 0.034191 0.022453
0.504482 0.034219 0.021202
0.504593 0.035843 0.022588
0.504867 0.039269 0.022194
0.505086 0.040072 0.023186
0.505224 0.041799 0.023812
0.504432 0.042805 0.022548
0.504234 0.043820 0.022079
0.504601 0.045448 0.023063
0.504387 0.047558 0.021838
0.504429 0.047542 0.022338
0.503499 0.049944 0.022407
0.504210 0.048963 0.022665
0.504503 0.052075 0.023936
0.503469 0.051415 0.023188
0.504217 0.053683 0.022517
0.503309 0.052969 0.023269
0.504351 0.055710 0.023294
0.504598 0.056492 0.024541
0.504696 0.058892 0.024693
0.504987 0.060545 0.024683
0.504647 0.065163 0.024794
0.504980 0.068296 0.024487
0.505961 0.068963 0.024483
0.505070 0.071439 0.023061
0.505272 0.072242 0.023552
0.505319 0.073085 0.023995
0.505171 0.072253 0.024257
0.505514 0.075537 0.024206
0.505747 0.076326 0.024945
0.506118 0.078865 0.025622
0.506878 0.078715 0.024878
0.506183 0.081244 0.024712
0.506850 0.081139 0.022717
0.506494 0.083854 0.024752
0.507064 0.082875 0.024024
0.507334 0.085961 0.023246
0.506788 0.086934 0.024224
0.507335 0.089445 0.024054
0.508696 0.091881 0.024009
0.508749 0.091851 0.024760
0.509089 0.093936 0.024611
0.508366 0.091544 0.023663
0.508208 0.094511 0.022783
0.508843 0.093453 0.023567
0.510041 0.094597 0.025256
0.509465 0.093027 0.023796
0.509422 0.095961 0.023082
0.508727 0.096180 0.024569
0.509650 0.096543 0.024701
0.509392 0.095750 0.024727
0.509842 0.097853 0.023257
0.508977 0.095482 0.022591
0.509867 0.097856 0.022737
0.508994 0.095495 0.022579
0.508726 0.094711 0.022860
0.510003 0.099208 0.022100
0.510163 0.102542 0.022299
0.510990 0.102239 0.023080
0.510213 0.102550 0.023051
0.511338 0.104029 0.023817
0.511427 0.106159 0.023919
0.511095 0.105395 0.023956
0.510675 0.106174 0.022141
0.510809 0.104327 0.023001
0.509585 0.103860 0.021253
0.509837 0.107341 0.022686
0.509845 0.108456 0.022883
0.510168 0.107319 0.021701
0.509981 0.108437 0.021646
0.510472 0.107358 0.022964
0.510268 0.108345 0.022809
0.509843 0.107564 0.021839
0.510739 0.107261 0.023873
0.510838 0.108844 0.023751
0.510410 0.110261 0.024075
0.509916 0.109472 0.022096
0.509874 0.110461 0.023313
0.509435 0.109686 0.022081
0.509926 0.109600 0.023302
0.510037 0.109611 0.024804
0.509835 0.109590 0.022051
0.509236 0.108989 0.022357
0.511092 0.109089 0.022130
0.511658 0.108665 0.022389
0.512793 0.109108 0.022897
0.512844 0.109141 0.023077
0.513871 0.109601 0.022083
0.513955 0.109664 0.022314
0.515746 0.109824 0.021081
0.517745 0.109949 0.021942
0.519081 0.109528 0.022361
0.520692 0.108906 0.023123
0.521569 0.109513 0.023273
0.523155 0.109946 0.022916
0.524742 0.109355 0.023171
0.525556 0.109052 0.023673
0.526575 0.109829 0.023413
0.527862 0.108466 0.023407
0.528942 0.107714 0.025769
0.530087 0.107768 0.024767
0.531431 0.106396 0.025759
0.530499 0.106730 0.023008
0.532875 0.107273 0.024363
0.532567 0.106494 0.023854
0.535010 0.107225 0.024357
0.534973 0.107239 0.023607
0.537898 0.106184 0.025517
0.537826 0.106204 0.024016
0.540442 0.106651 0.024417
0.541229 0.109036 0.022678
0.544076 0.108966 0.024416
0.544087 0.108963 0.024666
0.545968 0.109170 0.024352
0.546729 0.108874 0.023856
0.548664 0.109049 0.023583
0.548684 0.109048 0.024083
0.550970 0.109522 0.023900
0.550941 0.109520 0.023150
0.553154 0.109968 0.023661
0.553612 0.108876 0.024187
0.555893 0.109227 0.023723
0.555504 0.108442 0.022494
0.558912 0.109325 0.022981
0.558615 0.108616 0.024757
0.561076 0.109209 0.024391
0.561016 0.109149 0.022641
0.563811 0.108731 0.023248
0.563420 0.107995 0.023285
0.566059 0.108806 0.022975
0.566051 0.108793 0.022725
0.568241 0.108467 0.021805
0.568957 0.108036 0.021841
0.571288 0.108138 0.021965
0.570340 0.106647 0.020818
0.572369 0.107844 0.020294
0.571924 0.107208 0.021095
0.574578 0.107806 0.020937
0.575285 0.107380 0.021731
0.578274 0.107642 0.020680
0.579131 0.106017 0.021330
0.581151 0.107306 0.022320
0.582477 0.106306 0.022670
0.584394 0.107055 0.022282
0.585052 0.106554 0.022583
0.588547 0.105227 0.021389
0.591545 0.106494 0.022428
0.593636 0.106167 0.021044
0.594311 0.105758 0.022839
0.598139 0.106328 0.023708
0.597580 0.105710 0.023752
0.597561 0.105650 0.023005
0.600188 0.105875 0.021445
0.603591 0.105731 0.022664
0.604165 0.106338 0.022624
0.602971 0.106265 0.022117
0.607786 0.106247 0.022857
0.607774 0.106213 0.022358
0.608396 0.105700 0.023402
0.610049 0.105984 0.021624
0.609483 0.105458 0.022655
0.610752 0.105704 0.022174
0.610745 0.105687 0.021924
0.613903 0.105398 0.023296
0.614513 0.104865 0.024337
0.616529 0.104426 0.022284
0.617139 0.105023 0.022508
0.619904 0.105274 0.022567
0.619922 0.105317 0.023316
0.622584 0.105546 0.023477
0.622615 0.105613 0.024726
0.625359 0.105669 0.022974
0.624741 0.105083 0.022743
0.627050 0.106042 0.024003
0.627023 0.105996 0.023003
0.629932 0.105088 0.022866
0.629364 0.105703 0.022834
0.632075 0.104606 0.023503
0.632117 0.104671 0.025003
0.635310 0.104790 0.023779
0.637370 0.105565 0.024207
0.636098 0.104402 0.023226
0.639640 0.104997 0.023644
0.639038 0.105577 0.022370
0.639095 0.105634 0.024120
0.641383 0.105423 0.024456
0.644445 0.105494 0.023445
0.643242 0.105544 0.022929
0.645839 0.105644 0.024299
0.644617 0.105684 0.023283
0.647292 0.104685 0.024314
0.646714 0.105297 0.023796
0.649040 0.105307 0.023892
0.647913 0.106555 0.023610
0.649929 0.106415 0.022817
0.649336 0.107030 0.022052
0.652136 0.106366 0.022783
0.652216 0.106397 0.024534
0.654098 0.105969 0.024062
0.654074 0.105961 0.023562
0.656393 0.106179 0.022731
0.658027 0.106839 0.021747
0.658635 0.106222 0.022756
0.660280 0.106831 0.021920
0.662104 0.107559 0.021867
0.662130 0.107564 0.022367
0.663179 0.107606 0.023223
0.663095 0.106416 0.022977
0.665214 0.106408 0.023501
0.664739 0.107047 0.024997
0.666054 0.106492 0.024653
0.666753 0.106357 0.023925
0.666647 0.106345 0.022175
0.669226 0.106952 0.024656
0.669197 0.106950 0.024155
0.670207 0.106258 0.023093
0.670910 0.106825 0.024347
0.672091 0.106185 0.023851
0.671512 0.106810 0.023599
0.673391 0.106933 0.023814
0.672135 0.106993 0.022809
0.673986 0.107002 0.023564
0.673904 0.106999 0.022314
0.675697 0.106775 0.022409
0.675797 0.106779 0.023910
0.677441 0.106670 0.024063
0.677920 0.107232 0.021815
0.679821 0.107170 0.022327
0.679220 0.107797 0.021827
0.681514 0.107056 0.022616
0.683207 0.106953 0.022733
0.685439 0.107297 0.021957
0.686089 0.106673 0.023207
0.687504 0.107182 0.023009
0.687422 0.107182 0.021759
0.687488 0.107182 0.022759
0.689312 0.107055 0.022543
0.691836 0.107310 0.023365
0.692461 0.107878 0.023367
0.693598 0.107348 0.023382
0.693565 0.107349 0.022882
0.695614 0.107390 0.024040
0.694997 0.108014 0.023290
0.696770 0.106804 0.022711
0.697429 0.107371 0.023212
0.697462 0.107371 0.023712
0.699533 0.107284 0.023034
0.698203 0.107342 0.021034
0.701241 0.106989 0.022744
0.701307 0.106990 0.023744
0.703251 0.106860 0.022925
0.703784 0.106233 0.022425
0.705030 0.106655 0.021703
0.705707 0.107222 0.022453
0.708144 0.106991 0.023616
0.708046 0.106990 0.022116
0.709585 0.107621 0.021650
0.709735 0.107621 0.023900
0.712076 0.107731 0.023689
0.712109 0.107731 0.024189
0.713617 0.108448 0.023750
0.714162 0.107822 0.023500
0.717153 0.107221 0.024005
0.714778 0.107350 0.024006
0.715410 0.107302 0.022375
0.716025 0.106677 0.023125
0.716542 0.107345 0.025020
0.714691 0.106851 0.024521
0.716362 0.106668 0.024423
0.714554 0.107359 0.023673
0.715639 0.106930 0.023296
