0.504029 -0.072365 0.010016
0.504127 -0.071930 0.014041
0.504073 -0.072280 0.010793
0.504044 -0.072288 0.011032
0.503989 -0.072639 0.007784
0.504101 -0.072003 0.013279
0.504051 -0.072411 0.009548
0.504043 -0.072465 0.009048
0.504131 -0.072017 0.013290
0.504111 -0.071905 0.014042
0.504040 -0.072363 0.009795
0.504092 -0.072200 0.011543
0.504050 -0.072306 0.010548
0.504091 -0.072037 0.013046
0.504053 -0.072465 0.009799
0.504073 -0.072330 0.011048
0.504050 -0.072304 0.010775
0.504067 -0.072197 0.011774
0.505859 -0.071749 0.011282
0.507639 -0.071262 0.011268
0.508127 -0.072901 0.012762
0.507639 -0.071143 0.012506
0.507656 -0.071160 0.012513
0.508157 -0.072810 0.013768
0.507663 -0.071411 0.010267
0.508158 -0.073119 0.011023
0.508072 -0.073220 0.009755
0.509881 -0.072489 0.011989
0.509919 -0.072450 0.012000
0.511695 -0.071990 0.011736
0.511691 -0.072040 0.011714
0.511686 -0.072094 0.011214
0.513471 -0.071553 0.011699
0.513494 -0.071546 0.011708
0.515195 -0.071280 0.009950
0.515691 -0.072907 0.011456
0.517463 -0.072239 0.012682
0.517464 -0.072212 0.012932
0.519243 -0.071672 0.013417
0.521050 -0.071380 0.011932
0.521506 -0.072893 0.014152
0.523388 -0.072404 0.013924
0.523390 -0.072621 0.011925
0.525118 -0.071942 0.013655
0.525602 -0.073672 0.014160
0.525118 -0.071915 0.013904
0.527386 -0.073205 0.013897
0.526904 -0.071502 0.013141
0.529140 -0.072956 0.012104
0.529144 -0.073038 0.011355
0.530971 -0.072356 0.013126
0.532744 -0.071817 0.013612
0.535000 -0.073062 0.014103
0.534966 -0.073115 0.014093
0.536777 -0.072929 0.011329
0.536787 -0.072667 0.013084
0.536780 -0.072613 0.013583
0.538503 -0.072059 0.013793
0.538493 -0.071978 0.014543
0.538534 -0.071984 0.014574
0.540865 -0.073746 0.010317
0.540746 -0.073542 0.012790
0.542571 -0.073030 0.013293
0.542621 -0.073330 0.010544
0.542557 -0.072949 0.014042
0.542542 -0.072913 0.014045
0.544303 -0.072348 0.014780
0.544302 -0.072420 0.014019
0.546596 -0.073884 0.012511
0.548337 -0.073053 0.015498
0.548354 -0.073135 0.014748
0.550159 -0.072716 0.013753
0.550153 -0.072689 0.014003
0.551942 -0.072480 0.011943
0.554098 -0.073475 0.015210
0.555857 -0.072938 0.015695
0.555965 -0.073183 0.012936
0.556026 -0.073401 0.010936
0.557725 -0.072497 0.014699
0.559952 -0.073640 0.016179
0.560045 -0.073942 0.013430
0.561762 -0.073429 0.013930
0.561815 -0.073593 0.012431
0.561835 -0.073592 0.012407
0.563540 -0.072891 0.014392
0.565738 -0.074103 0.015634
0.565339 -0.072565 0.013378
0.565284 -0.072402 0.014622
0.567019 -0.071812 0.015607
0.566996 -0.071792 0.015605
0.571063 -0.072691 0.014832
0.571093 -0.072702 0.014855
0.571060 -0.072621 0.015605
0.573354 -0.074089 0.013814
0.573423 -0.074254 0.012314
0.574620 -0.071768 0.014293
0.574987 -0.073312 0.016558
0.578469 -0.072214 0.017779
0.578783 -0.072713 0.013303
0.580551 -0.072103 0.014296
0.580506 -0.072116 0.014533
0.581034 -0.073982 0.013790
0.580493 -0.072089 0.014783
0.582673 -0.073396 0.014760
0.582632 -0.073314 0.015510
0.582624 -0.073111 0.016772
0.584622 -0.073066 0.012758
0.586379 -0.072593 0.013247
0.586306 -0.072457 0.014496
0.586253 -0.072430 0.014472
0.588443 -0.073595 0.015714
0.589684 -0.071252 0.016443
0.592130 -0.072787 0.014207
0.593810 -0.072144 0.015692
0.592104 -0.072759 0.014194
0.596149 -0.073580 0.014171
0.595659 -0.071851 0.014156
0.597875 -0.073073 0.014898
0.601280 -0.071823 0.017375
0.603063 -0.071309 0.017654
0.605186 -0.072487 0.018598
0.605544 -0.073004 0.013848
0.608668 -0.071390 0.020100
0.608924 -0.071889 0.015810
0.610400 -0.071005 0.019545
0.612866 -0.072551 0.017052
0.614696 -0.072003 0.017307
0.614591 -0.071868 0.018557
0.616321 -0.071335 0.019043
0.616405 -0.071431 0.018052
0.618354 -0.071167 0.016038
0.618416 -0.071344 0.014499
0.620648 -0.072619 0.015520
0.620113 -0.070782 0.016014
0.620109 -0.070750 0.015993
0.622422 -0.072107 0.015484
0.622132 -0.071725 0.018749
0.623720 -0.071031 0.020735
0.625410 -0.070515 0.021191
0.627539 -0.070439 0.017426
0.628142 -0.072279 0.016725
0.629528 -0.071368 0.020711
0.631565 -0.071211 0.018189
0.633492 -0.070894 0.016675
0.633519 -0.070886 0.016439
0.635169 -0.070273 0.017675
0.637352 -0.071462 0.018119
0.639341 -0.071199 0.016104
0.639081 -0.071047 0.018624
0.639107 -0.071074 0.018374
0.640912 -0.070536 0.018373
0.643111 -0.071915 0.018330
0.645000 -0.071545 0.017315
0.644425 -0.069684 0.018059
0.646738 -0.070857 0.018062
0.648430 -0.070299 0.018798
0.648480 -0.070403 0.018306
0.650171 -0.069845 0.019042
0.650147 -0.069818 0.019310
0.652621 -0.071291 0.017786
0.652680 -0.071345 0.017286
0.654430 -0.070853 0.017256
0.655992 -0.070118 0.019017
0.656296 -0.070385 0.016517
0.656657 -0.072010 0.018300
0.660215 -0.071055 0.018271
0.662276 -0.072233 0.019223
0.662288 -0.072319 0.019219
0.664228 -0.071978 0.017954
0.665837 -0.071269 0.019459
0.667470 -0.070660 0.020455
0.669583 -0.070452 0.017940
0.672136 -0.072092 0.015660
0.671268 -0.070012 0.018405
0.672939 -0.069390 0.019398
0.673433 -0.071170 0.019404
0.675635 -0.071094 0.016134
0.675322 -0.070852 0.018385
0.676891 -0.070152 0.020409
0.679098 -0.069996 0.017393
0.681163 -0.071122 0.018345
0.682909 -0.070619 0.018581
0.682759 -0.070520 0.019845
0.684688 -0.070151 0.018830
0.686143 -0.069509 0.020543
0.686292 -0.069615 0.019542
0.688882 -0.071066 0.018066
0.688844 -0.071039 0.018316
0.688650 -0.070892 0.019296
0.688764 -0.070973 0.018546
0.692885 -0.071861 0.017981
0.693029 -0.072005 0.017262
0.692649 -0.070300 0.016506
0.695019 -0.071635 0.015996
0.694666 -0.071392 0.018247
0.696372 -0.070862 0.018733
0.698799 -0.072266 0.017734
0.700498 -0.071764 0.018208
0.700255 -0.071602 0.019709
0.700764 -0.071875 0.016983
0.702146 -0.072583 0.022477
0.701989 -0.071028 0.020220
0.704644 -0.072579 0.017961
0.706224 -0.072009 0.019472
0.706476 -0.072172 0.017971
0.707966 -0.071546 0.018874
0.708051 -0.071600 0.018374
0.707680 -0.071342 0.020895
0.708104 -0.071612 0.018393
0.708146 -0.071580 0.018423
0.708019 -0.071499 0.019173
0.707436 -0.069702 0.019689
0.707394 -0.069675 0.019939
0.709030 -0.069069 0.020663
0.708874 -0.067498 0.018656
0.708925 -0.067571 0.018689
0.708245 -0.067153 0.022692
0.708457 -0.067283 0.021441
0.708437 -0.067223 0.021423
0.708778 -0.067432 0.019422
0.709504 -0.064921 0.022634
0.709009 -0.063144 0.022628
0.709012 -0.063119 0.022372
0.708687 -0.061441 0.021365
0.708711 -0.061466 0.021358
0.709264 -0.061789 0.018106
0.709769 -0.057587 0.019849
0.709164 -0.055714 0.020614
0.709292 -0.055784 0.019864
0.708497 -0.053799 0.021607
0.710495 -0.053438 0.020342
0.710015 -0.051705 0.020070
0.707805 -0.051955 0.022586
0.709904 -0.051645 0.020805
0.707963 -0.050522 0.018812
0.707948 -0.050576 0.018808
0.707494 -0.048818 0.018552
0.708937 -0.048178 0.020261
0.708909 -0.046635 0.017503
0.708434 -0.046322 0.020533
0.709297 -0.043861 0.023014
0.708725 -0.042124 0.023238
0.708955 -0.040692 0.018979
0.709298 -0.037954 0.024449
0.710608 -0.034163 0.021420
0.710381 -0.032489 0.020210
0.709780 -0.032235 0.023712
0.709253 -0.030506 0.023682
0.710498 -0.028244 0.023912
0.710536 -0.028302 0.023944
0.710045 -0.026533 0.023938
0.710015 -0.026495 0.023910
0.709588 -0.023166 0.020645
0.708964 -0.021330 0.021373
0.708548 -0.019487 0.021167
0.710117 -0.018934 0.022404
0.709342 -0.017152 0.023586
0.709279 -0.015527 0.021078
0.708935 -0.015352 0.023348
0.708765 -0.015295 0.024348
0.708064 -0.015058 0.028364
0.708215 -0.013506 0.024605
0.707765 -0.010149 0.021865
0.707553 -0.010084 0.023116
0.706941 -0.008297 0.023589
0.707890 -0.005956 0.025571
0.708047 -0.004365 0.021810
0.708635 -0.000293 0.023035
0.708404 0.001378 0.021807
0.707787 0.003177 0.022552
0.708075 0.007327 0.025540
0.709198 0.011224 0.023464
0.709515 0.017000 0.023431
0.708417 0.020580 0.024450
0.709494 0.022850 0.025681
0.707855 0.024068 0.021689
0.707244 0.025855 0.022148
0.707985 0.028158 0.025381
0.707372 0.029931 0.026125
0.707386 0.029901 0.026125
0.709104 0.032106 0.023602
0.707351 0.031669 0.023612
0.707662 0.031626 0.021344
0.707154 0.031668 0.024347
0.707327 0.031667 0.023913
0.705674 0.031177 0.023176
0.705509 0.031214 0.024149
0.703150 0.030787 0.027667
0.701635 0.031902 0.022895
0.700019 0.031409 0.021908
0.697232 0.032815 0.025167
0.695701 0.032265 0.023727
0.694114 0.031849 0.022472
0.692258 0.031376 0.022987
0.692165 0.031269 0.023482
0.688983 0.032633 0.029496
0.689059 0.032698 0.029537
0.688129 0.032147 0.024046
0.684859 0.031149 0.022038
0.682451 0.032448 0.023047
0.682515 0.032448 0.022293
0.680304 0.032009 0.025311
0.678558 0.031609 0.025608
0.678952 0.031570 0.022856
0.675401 0.030535 0.022607
0.673342 0.030098 0.024357
0.667530 0.032136 0.020886
0.665772 0.031695 0.020891
0.664256 0.031186 0.018904
0.661800 0.032497 0.020690
0.660542 0.030246 0.020461
0.658207 0.031461 0.021217
0.656343 0.030992 0.021982
0.656432 0.030992 0.020973
0.652977 0.030020 0.020252
0.652812 0.030119 0.021758
0.651424 0.029588 0.018520
0.648707 0.030906 0.022534
0.646882 0.030434 0.023048
0.646850 0.030472 0.023046
0.645363 0.029954 0.020559
0.645466 0.029846 0.020336
0.643211 0.031132 0.020345
0.641240 0.030736 0.021859
0.639658 0.030230 0.020122
0.637667 0.029797 0.022112
0.633725 0.030590 0.021384
0.633747 0.030597 0.021405
0.631853 0.030137 0.022670
0.628385 0.029156 0.021691
0.628072 0.030894 0.019934
0.624437 0.029917 0.020934
0.624714 0.029919 0.018200
0.622644 0.029490 0.021466
0.621035 0.028982 0.019730
0.618764 0.030237 0.019989
0.618918 0.030211 0.018238
0.617019 0.029748 0.020280
0.615315 0.029256 0.019544
0.615269 0.029231 0.019509
0.613625 0.028726 0.018023
0.613542 0.028742 0.018254
0.611187 0.030048 0.019513
0.609331 0.029564 0.021048
0.605989 0.028591 0.019087
0.605506 0.030358 0.019081
0.603684 0.029938 0.019353
0.603721 0.029930 0.018852
0.601319 0.031204 0.021335
0.599766 0.030680 0.018348
0.599796 0.030632 0.017848
0.598061 0.030144 0.017362
0.597984 0.030197 0.018636
0.594480 0.029228 0.018165
0.594454 0.029265 0.018136
0.593743 0.031083 0.021631
0.592055 0.030592 0.020409
0.588782 0.029566 0.016186
0.588757 0.029579 0.016158
0.586225 0.030937 0.020918
0.584487 0.030422 0.021213
0.582779 0.029927 0.020227
0.581022 0.029455 0.018706
0.578850 0.030719 0.017214
0.576695 0.032011 0.016762
0.574651 0.031611 0.022528
0.571290 0.030572 0.018815
0.569556 0.030080 0.018079
0.567694 0.029638 0.021090
0.567860 0.029575 0.017089
0.565609 0.030847 0.017354
0.563803 0.030381 0.018369
0.563787 0.030352 0.018351
0.560238 0.029399 0.018880
0.560179 0.029445 0.018880
0.558117 0.030680 0.015405
0.556385 0.030179 0.014169
0.554457 0.029735 0.017409
0.554464 0.029731 0.017159
0.552762 0.029232 0.016185
0.552783 0.029219 0.015435
0.550859 0.028785 0.020208
0.548699 0.030014 0.016716
0.548686 0.030027 0.016699
0.546918 0.029546 0.016713
0.542952 0.030316 0.015755
0.543435 0.028545 0.015761
0.541205 0.029912 0.016782
0.537628 0.028972 0.017790
0.535372 0.030223 0.017540
0.535386 0.030204 0.016290
0.533579 0.029767 0.019552
0.531822 0.029275 0.018816
0.530063 0.028782 0.018080
0.526101 0.029499 0.014857
0.526100 0.029529 0.014877
0.526076 0.029644 0.022127
0.524292 0.029129 0.018622
0.520275 0.029883 0.015395
0.518007 0.031121 0.016149
0.518489 0.029350 0.016155
0.516247 0.030723 0.015654
0.516259 0.030753 0.017654
0.516735 0.029004 0.017683
0.514473 0.030260 0.015692
0.512706 0.029714 0.014948
0.512709 0.029718 0.015198
0.511006 0.029342 0.020217
0.509250 0.028900 0.021482
0.508723 0.030606 0.017726
0.506912 0.030101 0.016248
0.505163 0.029639 0.017512
0.503349 0.029041 0.015494
0.501115 0.030384 0.016015
0.501716 0.028717 0.022270
0.501085 0.030361 0.014515
0.499846 0.028153 0.016790
0.499353 0.029914 0.016284
0.499460 0.029955 0.019783
0.499381 0.029897 0.016034
0.499371 0.029857 0.016523
0.501207 0.030392 0.020008
0.501118 0.030408 0.016753
0.499398 0.029962 0.019017
0.500667 0.032179 0.017528
0.498446 0.033481 0.018786
0.500282 0.033957 0.019019
0.500206 0.033913 0.015270
0.499704 0.035761 0.016519
0.501058 0.038041 0.019998
0.500020 0.041468 0.016456
0.500009 0.041465 0.015956
0.499972 0.041485 0.016219
0.500049 0.041504 0.019968
0.500063 0.041496 0.017222
0.500083 0.041501 0.018221
0.500043 0.041479 0.017218
0.500012 0.041472 0.015718
0.501269 0.043735 0.016196
0.501240 0.043730 0.014696
0.500797 0.045543 0.014714
0.502127 0.047796 0.016943
0.499896 0.049058 0.017168
0.501157 0.051313 0.015897
0.501242 0.051314 0.020168
0.500717 0.053090 0.017912
0.501128 0.051273 0.018636
0.500607 0.053050 0.016630
0.500632 0.053103 0.015895
0.500657 0.053096 0.017145
0.500628 0.053045 0.016644
0.502437 0.053514 0.018880
0.500578 0.053059 0.014144
0.501467 0.057100 0.017121
0.499684 0.056626 0.016385
0.501016 0.058889 0.017364
0.500973 0.058866 0.016383
0.500565 0.060590 0.020127
0.502286 0.061099 0.017862
0.501764 0.062892 0.015351
0.501820 0.062849 0.018351
0.501272 0.064739 0.015351
0.501292 0.064723 0.016351
0.500810 0.066458 0.015078
0.500398 0.068163 0.018572
0.500358 0.068153 0.018576
0.499840 0.069956 0.016820
0.501708 0.070384 0.018820
0.501774 0.070309 0.022320
0.501152 0.072229 0.016795
0.501147 0.072234 0.016545
0.501171 0.072199 0.016544
0.502516 0.074369 0.019774
0.502035 0.076134 0.019768
0.501953 0.076189 0.017753
0.501531 0.077922 0.018524
0.501015 0.079741 0.016768
0.500558 0.081471 0.018760
0.500071 0.083246 0.018504
0.501769 0.083782 0.017487
0.499510 0.085087 0.016996
0.501349 0.085520 0.017486
0.501311 0.085590 0.015486
0.500934 0.087295 0.018745
0.500875 0.087405 0.015745
0.499852 0.090835 0.017223
0.499914 0.090715 0.020223
0.501160 0.093001 0.019421
0.500618 0.094898 0.016415
0.500202 0.096699 0.016168
0.500190 0.096668 0.016914
0.499686 0.098486 0.015907
0.501056 0.100533 0.020138
0.500573 0.102248 0.019871
0.499566 0.105917 0.016871
0.500867 0.108190 0.017868
0.500852 0.108232 0.017118
0.500838 0.108274 0.016368
0.502101 0.110467 0.018094
0.502863 0.114627 0.015817
0.502964 0.114598 0.015843
0.502054 0.117952 0.018831
0.501527 0.119806 0.018057
0.501780 0.125564 0.018248
0.501799 0.125493 0.019248
0.501340 0.127346 0.017754
0.500932 0.128838 0.021499
0.500824 0.129206 0.016757
0.502157 0.131270 0.019237
0.501628 0.133215 0.016978
0.499875 0.132675 0.017742
0.499883 0.132757 0.016494
0.499893 0.132718 0.016994
0.501672 0.133061 0.018477
0.501676 0.133042 0.018727
0.503910 0.131731 0.019466
0.503978 0.131956 0.017246
0.505758 0.132380 0.017982
0.506142 0.130660 0.016455
0.507935 0.131009 0.018192
0.509670 0.131508 0.017926
0.509697 0.131553 0.018211
0.511443 0.132191 0.016196
0.511364 0.132141 0.016153
0.514911 0.133029 0.017124
0.517222 0.131744 0.016884
0.518993 0.132169 0.017620
0.521206 0.131001 0.016335
0.522976 0.131484 0.016320
0.524763 0.131715 0.019336
0.525234 0.130053 0.018606
0.526517 0.132286 0.018836
0.526989 0.130344 0.021093
0.528761 0.130874 0.020322
0.530532 0.131433 0.019307
0.530526 0.131449 0.018789
0.532298 0.131990 0.018024
0.532352 0.131937 0.018025
0.534095 0.132245 0.020262
0.534099 0.132559 0.016502
0.535847 0.132905 0.018239
0.538062 0.131460 0.020753
0.539825 0.131942 0.020739
0.539866 0.131911 0.020726
0.541664 0.132550 0.018710
0.543441 0.133134 0.017458
0.543374 0.132859 0.020960
0.547349 0.132005 0.021691
0.547377 0.132102 0.020441
0.549124 0.132413 0.022931
0.551355 0.131112 0.023173
0.553146 0.131799 0.019382
0.554974 0.132290 0.019369
0.556639 0.132519 0.022607
0.556682 0.132672 0.021371
0.558519 0.133332 0.019105
0.560721 0.132008 0.019589
0.560173 0.133619 0.021585
0.562491 0.132492 0.019323
0.564200 0.132858 0.020810
0.564243 0.132927 0.020064
0.565989 0.133371 0.020550
0.565979 0.133356 0.020546
0.568201 0.132034 0.021038
0.568237 0.131996 0.021045
0.570001 0.132480 0.021031
0.569986 0.132624 0.020036
0.571797 0.133186 0.019021
0.573611 0.133614 0.019235
0.577587 0.132755 0.019963
0.577535 0.132746 0.019953
0.579237 0.133131 0.021190
0.579270 0.133190 0.020193
0.581063 0.133714 0.019679
0.581149 0.133895 0.018170
0.583356 0.132550 0.018912
0.585024 0.132826 0.020650
0.586746 0.133251 0.021386
0.588620 0.133898 0.019631
0.590773 0.132496 0.021124
0.592598 0.133008 0.021136
0.592438 0.132811 0.023638
0.594318 0.133509 0.020860
0.596034 0.133934 0.021596
0.598200 0.132597 0.022831
0.598270 0.132676 0.021830
0.600086 0.133188 0.020787
0.600122 0.133228 0.020286
0.600252 0.133396 0.019079
0.602410 0.132015 0.020322
0.604012 0.132248 0.022021
0.605835 0.132792 0.021256
0.607558 0.133306 0.021484
0.609358 0.133816 0.022031
0.611541 0.132477 0.022774
0.611501 0.132459 0.022745
0.611623 0.132577 0.021244
0.613279 0.132862 0.022719
0.613466 0.133039 0.020467
0.615322 0.133601 0.019440
0.616791 0.133809 0.022929
0.618541 0.134364 0.022685
0.619040 0.132650 0.022946
0.620919 0.133234 0.021681
0.622981 0.131798 0.023675
0.622910 0.131688 0.024438
0.624815 0.132290 0.022922
0.624783 0.132263 0.023157
0.626431 0.132650 0.024394
0.626435 0.132630 0.024409
0.628872 0.131507 0.022398
0.630160 0.133762 0.022089
0.634074 0.132889 0.023067
0.634306 0.133058 0.021093
0.635844 0.133366 0.023331
0.635798 0.133343 0.023289
0.636084 0.133561 0.020536
0.637866 0.131940 0.025320
0.638025 0.132057 0.023818
0.637861 0.132003 0.025061
0.639761 0.132586 0.023795
0.639810 0.132596 0.023800
0.643768 0.131765 0.024277
0.643319 0.133548 0.024021
0.643878 0.131739 0.023542
0.647346 0.132705 0.023752
0.647411 0.132741 0.023513
0.649239 0.133267 0.022998
0.650981 0.133734 0.023234
0.650989 0.131731 0.026717
0.652608 0.134195 0.023943
0.653321 0.132522 0.022229
0.654791 0.132812 0.024718
0.654689 0.132796 0.025465
0.655023 0.133013 0.022711
0.656533 0.133326 0.025213
0.657070 0.131603 0.024718
0.657336 0.131745 0.022150
0.658415 0.133859 0.023881
0.658433 0.133874 0.024205
0.659066 0.132208 0.022960
0.660356 0.132384 0.026153
0.660578 0.132522 0.024401
0.662178 0.135006 0.022146
0.663683 0.133269 0.027895
0.665963 0.133998 0.024126
0.666122 0.134196 0.022865
0.665764 0.133866 0.025639
0.667943 0.132551 0.026132
0.668180 0.132735 0.024354
0.669750 0.133103 0.025842
0.669987 0.133242 0.024089
0.673988 0.132474 0.024095
0.673849 0.132395 0.025096
0.675869 0.132948 0.023583
0.677230 0.133255 0.026309
0.677550 0.133433 0.024056
0.679277 0.133901 0.024287
0.679241 0.133881 0.024537
0.680568 0.134107 0.027784
0.682927 0.134916 0.023764
0.682669 0.134775 0.025516
0.684201 0.135148 0.026986
0.686015 0.135635 0.026726
0.688339 0.134401 0.026216
0.688301 0.134447 0.026189
0.688606 0.134608 0.024186
0.690300 0.135038 0.024684
0.690185 0.134977 0.025435
0.691985 0.135426 0.025972
0.693760 0.135914 0.025958
0.694186 0.134117 0.025934
0.694620 0.134338 0.023179
0.696007 0.134709 0.025148
0.695689 0.134547 0.027151
0.697570 0.135026 0.026917
0.697811 0.135148 0.025415
0.699302 0.135418 0.027124
0.699831 0.135683 0.023869
0.699875 0.135757 0.023923
0.701844 0.134339 0.025668
0.699621 0.135706 0.024887
0.701917 0.134450 0.024628
0.701973 0.134400 0.024637
0.703627 0.134828 0.025374
0.704084 0.132999 0.025609
0.703709 0.132821 0.027863
0.703905 0.133047 0.026068
0.703845 0.135012 0.023558
0.706117 0.133736 0.023838
0.705695 0.133537 0.026342
0.705715 0.133506 0.026364
0.705757 0.133525 0.026114
0.706101 0.133632 0.024402
0.707967 0.134161 0.023887
0.707481 0.133985 0.026088
0.707779 0.134126 0.024335
0.707313 0.133920 0.027066
