0.503784 -0.094946 0.022322
0.506028 -0.092015 0.023408
0.504381 -0.094536 0.022931
0.504944 -0.092215 0.022460
0.505313 -0.092913 0.022222
0.505558 -0.091731 0.021861
0.504075 -0.093787 0.020415
0.503070 -0.092247 0.019375
0.503653 -0.092509 0.020096
0.504965 -0.092915 0.021521
0.505224 -0.091775 0.021652
0.504681 -0.091646 0.022970
0.504837 -0.092559 0.021591
0.505085 -0.091436 0.021964
0.504253 -0.093143 0.021843
0.506883 -0.091142 0.020982
0.510976 -0.091552 0.021875
0.510008 -0.090212 0.022045
0.511583 -0.091735 0.019874
0.513016 -0.090845 0.020929
0.514828 -0.091573 0.020709
0.514837 -0.091293 0.020356
0.518367 -0.091818 0.020722
0.519885 -0.091737 0.020197
0.521083 -0.091933 0.020656
0.522211 -0.092054 0.020119
0.525250 -0.093152 0.020523
0.525395 -0.091975 0.020354
0.531489 -0.093326 0.020319
0.534021 -0.092550 0.021332
0.535288 -0.091488 0.020124
0.540666 -0.092549 0.022807
0.540591 -0.092453 0.020810
0.544745 -0.092018 0.020138
0.550104 -0.094461 0.021149
0.551423 -0.093463 0.021179
0.552629 -0.093700 0.023160
0.557443 -0.093154 0.021376
0.562117 -0.093636 0.021372
0.565565 -0.094008 0.020914
0.565570 -0.094016 0.021164
0.570614 -0.093459 0.021433
0.570621 -0.093474 0.021933
0.577623 -0.093105 0.021727
0.581558 -0.093510 0.021532
0.582729 -0.093682 0.022771
0.582733 -0.093696 0.023270
0.587731 -0.092918 0.022970
0.591957 -0.094370 0.022975
0.590790 -0.094213 0.021985
0.593545 -0.093200 0.021547
0.596004 -0.092304 0.021803
0.595876 -0.093485 0.022530
0.600047 -0.093522 0.022814
0.601336 -0.092471 0.022078
0.606448 -0.093908 0.021014
0.610714 -0.094012 0.021551
0.611879 -0.094150 0.022293
0.612003 -0.092970 0.021563
0.618465 -0.093523 0.022951
0.619628 -0.093646 0.022944
0.627762 -0.093885 0.021484
0.630208 -0.092973 0.021989
0.635741 -0.093312 0.021774
0.636902 -0.093438 0.022019
0.643174 -0.092442 0.023090
0.644349 -0.092554 0.022585
0.649023 -0.092533 0.022360
0.652467 -0.092919 0.024096
0.659367 -0.091974 0.023520
0.660546 -0.092086 0.023016
0.664560 -0.093151 0.022622
0.664705 -0.091975 0.021882
0.670373 -0.091965 0.021821
0.670342 -0.091978 0.022821
0.676817 -0.092187 0.022484
0.676826 -0.092185 0.022234
0.684056 -0.092155 0.022837
0.685229 -0.092291 0.022590
0.690853 -0.092544 0.023129
0.691018 -0.091380 0.022629
0.697083 -0.092659 0.022661
0.696974 -0.093820 0.021663
0.701315 -0.093646 0.021060
0.709825 -0.093660 0.022800
0.707357 -0.094503 0.022543
0.704924 -0.095352 0.021287
0.708394 -0.094777 0.022657
0.704783 -0.095463 0.021644
0.709760 -0.095231 0.021546
0.705420 -0.092266 0.022268
0.704882 -0.083205 0.020386
0.706033 -0.083376 0.021389
0.705355 -0.072528 0.020587
0.704347 -0.071193 0.020083
0.705379 -0.065465 0.020672
0.706394 -0.066790 0.020922
0.710055 -0.062871 0.020626
0.704638 -0.058531 0.018390
0.707220 -0.055627 0.021064
0.702088 -0.049016 0.020091
0.705140 -0.048388 0.020041
0.703193 -0.044538 0.019063
0.704371 -0.038257 0.020527
0.703456 -0.035746 0.020044
0.704731 -0.033370 0.019532
0.704151 -0.028697 0.021309
0.704368 -0.022641 0.020672
0.703459 -0.020170 0.020690
0.704565 -0.014967 0.020495
0.702207 -0.014664 0.020008
0.702743 -0.010782 0.018889
0.700680 -0.008227 0.019413
0.702796 -0.001588 0.019699
0.701436 -0.002508 0.018449
0.702860 0.001704 0.018035
0.700426 0.000732 0.018787
0.703083 0.005061 0.019063
0.703189 0.010496 0.019116
0.703250 0.010381 0.020366
0.704393 0.013583 0.018392
0.700335 0.009319 0.018893
0.697508 0.010464 0.018287
0.694962 0.008333 0.019786
0.693146 0.011603 0.018998
0.688862 0.013486 0.019090
0.682310 0.009744 0.018079
0.679814 0.008920 0.018070
0.680996 0.012504 0.018842
0.674706 0.011147 0.017309
0.668029 0.010858 0.016727
0.666506 0.008708 0.016737
0.660343 0.010365 0.016851
0.657460 0.007243 0.016862
0.653756 0.009062 0.017013
0.652216 0.006923 0.017025
0.646538 0.008977 0.016551
0.643848 0.007029 0.016805
0.639383 0.008460 0.016275
0.636595 0.006542 0.015778
0.627727 0.006246 0.016164
0.628897 0.006045 0.016175
0.622503 0.006249 0.015867
0.621503 0.007622 0.015593
0.614248 0.005891 0.015708
0.614282 0.005887 0.015958
0.608593 0.006027 0.015802
0.606256 0.006457 0.015779
0.602771 0.008456 0.015722
0.602261 0.006143 0.015249
0.596241 0.006824 0.014872
0.596120 0.005657 0.015638
0.589444 0.005545 0.015879
0.589426 0.004380 0.017397
0.583238 0.004735 0.017570
0.582042 0.004974 0.017305
0.572978 0.005920 0.016652
0.574139 0.005676 0.016667
0.564046 0.006903 0.015827
0.563902 0.004595 0.018113
0.558119 0.005994 0.017959
0.557667 0.004847 0.016723
0.549533 0.005913 0.015797
0.548111 0.005026 0.015798
0.540386 0.005845 0.015374
0.540198 0.004700 0.015893
0.532955 0.005025 0.017005
0.532637 0.003880 0.016773
0.524756 0.005232 0.016183
0.524347 0.004084 0.015450
0.518312 0.006070 0.015645
0.516788 0.005206 0.015144
0.510338 0.008208 0.014973
0.510268 0.007065 0.016240
0.506642 0.010277 0.015745
0.506841 0.011424 0.015231
0.501195 0.012703 0.015668
0.502753 0.013561 0.016418
0.497657 0.014966 0.015534
0.503067 0.016123 0.017054
0.499739 0.017242 0.015198
0.502397 0.017830 0.015705
0.497879 0.018547 0.015704
0.501411 0.017719 0.016223
0.500110 0.022778 0.016534
0.502750 0.023368 0.017040
0.499122 0.026156 0.016183
0.500607 0.027018 0.016682
0.500713 0.029457 0.017618
0.500915 0.030617 0.017115
0.496756 0.031883 0.017293
0.502905 0.037702 0.017034
0.503197 0.038836 0.017282
0.503313 0.047552 0.019541
0.500054 0.049615 0.019530
0.502148 0.053971 0.018521
0.501142 0.061062 0.019516
0.500326 0.063755 0.017506
0.500337 0.067706 0.018166
0.500362 0.067689 0.018417
0.502872 0.068314 0.017921
0.501188 0.074470 0.019283
0.500677 0.079275 0.018616
0.502097 0.080128 0.018617
0.502874 0.084482 0.021656
0.501007 0.088114 0.021918
0.502321 0.089060 0.020669
0.500654 0.094385 0.020834
0.502216 0.096516 0.019079
0.501805 0.103701 0.020059
0.502999 0.103345 0.020816
0.502470 0.110311 0.020323
0.502489 0.110288 0.020573
0.501896 0.116194 0.019912
0.502323 0.120542 0.020346
0.502203 0.120700 0.018594
0.501645 0.123826 0.019080
0.502725 0.118564 0.020397
0.503040 0.119692 0.020388
0.505018 0.119298 0.020240
0.509232 0.120565 0.020596
0.510313 0.120266 0.019866
0.511127 0.125645 0.019245
0.515257 0.119351 0.019961
0.515609 0.120475 0.019692
0.521955 0.119637 0.021540
0.530685 0.118520 0.021041
0.532412 0.124076 0.020370
0.537600 0.118243 0.022266
0.543675 0.118094 0.022785
0.545848 0.117183 0.021154
0.550024 0.119597 0.020199
0.553648 0.116651 0.023270
0.556783 0.119618 0.023015
0.561001 0.114937 0.022001
0.567158 0.117033 0.023281
0.568757 0.114858 0.021755
0.577410 0.113746 0.022245
0.578432 0.113159 0.022091
0.583753 0.113363 0.023063
0.583865 0.113279 0.021569
0.594048 0.111760 0.023168
0.594936 0.111194 0.024266
0.600322 0.111900 0.022111
0.605688 0.111758 0.022750
0.608170 0.111415 0.023903
0.613462 0.111038 0.024584
0.619129 0.110596 0.025017
0.619973 0.111412 0.023478
0.626282 0.110565 0.024053
0.626345 0.110517 0.023306
0.633159 0.111201 0.023563
0.632305 0.111914 0.022970
0.637695 0.111621 0.024258
0.638683 0.110793 0.023105
0.645260 0.111277 0.023516
0.645280 0.111263 0.023266
0.651626 0.112018 0.024091
0.652476 0.111256 0.024424
0.658600 0.110977 0.024577
0.658605 0.112577 0.023469
0.664298 0.112367 0.023362
0.664279 0.112378 0.023611
0.671140 0.111586 0.025693
0.671217 0.111545 0.024695
0.677142 0.111217 0.023360
0.677178 0.112834 0.022268
0.684389 0.113152 0.024143
0.684503 0.113103 0.022646
0.690464 0.113037 0.023542
0.691246 0.112244 0.024352
0.697710 0.113506 0.022953
0.698583 0.112670 0.022512
0.705538 0.113147 0.023469
0.704688 0.113979 0.023663
0.712276 0.112727 0.024312
0.710653 0.112718 0.023777
0.716736 0.112650 0.024078
0.715145 0.112639 0.023046
0.714354 0.113465 0.022497
0.720998 0.113118 0.023597
0.726288 0.112062 0.023894
0.715517 0.111355 0.022972
0.723383 0.111425 0.024053
0.716762 0.111520 0.023437
0.713760 0.111674 0.021799
0.710442 0.111729 0.021243
0.711487 0.112548 0.020648
0.704777 0.111024 0.020838
0.710013 0.112297 0.021176
0.697484 0.111760 0.020257
0.698341 0.112576 0.020499
0.688938 0.111736 0.019120
0.690002 0.112179 0.020113
0.681550 0.110757 0.018785
0.685905 0.112104 0.019339
0.676656 0.111569 0.018735
0.675580 0.112202 0.019792
0.672765 0.112444 0.022059
0.659975 0.110401 0.019453
0.657598 0.111293 0.019333
0.652419 0.111483 0.017528
0.649562 0.110964 0.017537
0.645580 0.111920 0.018545
0.642223 0.112063 0.018512
0.636955 0.110601 0.016980
0.628717 0.109909 0.017015
0.630560 0.111511 0.017764
0.624256 0.111408 0.016619
0.624400 0.111408 0.017870
0.619298 0.111384 0.016297
0.616761 0.110665 0.016535
0.613651 0.112274 0.016278
0.608770 0.110841 0.018256
0.603250 0.112037 0.017209
0.600686 0.111321 0.017198
0.595057 0.112052 0.018923
0.593068 0.112135 0.016660
0.587312 0.111867 0.018711
0.584832 0.112823 0.018692
0.578190 0.113529 0.017881
0.576395 0.113611 0.017121
0.570752 0.112557 0.018322
0.569983 0.111762 0.019071
0.563720 0.112940 0.018488
0.562111 0.111350 0.019486
0.555369 0.112657 0.016663
0.556440 0.111780 0.018421
0.548943 0.112495 0.016828
0.548057 0.111700 0.016827
0.541920 0.112250 0.017464
0.539470 0.111543 0.018208
0.532568 0.111070 0.015543
0.531809 0.111953 0.015788
0.525845 0.112405 0.015750
0.522380 0.112583 0.015238
0.517298 0.112279 0.015284
0.519280 0.112191 0.017040
0.512976 0.112722 0.016613
0.514786 0.112632 0.017368
0.509110 0.112657 0.017089
0.510915 0.112567 0.017844
0.507516 0.113417 0.018310
0.511555 0.112361 0.017573
0.506250 0.112584 0.017482
0.512702 0.107237 0.017503
0.509544 0.104453 0.018680
0.514455 0.100876 0.019195
0.510190 0.098014 0.018755
0.512660 0.095404 0.019513
0.510990 0.089183 0.020665
0.512504 0.087417 0.020169
0.510985 0.083389 0.020406
0.513375 0.080775 0.020662
0.510286 0.076316 0.018984
0.511777 0.074525 0.018238
0.511248 0.071487 0.018856
0.514449 0.068000 0.019365
0.514605 0.063694 0.019757
0.515268 0.061136 0.019509
0.514023 0.056974 0.020034
0.512233 0.054631 0.020214
0.512856 0.053650 0.018464
0.515409 0.051152 0.020467
0.515420 0.043829 0.020384
0.514543 0.043035 0.020381
0.514064 0.036101 0.020006
0.515650 0.034361 0.020004
0.515627 0.028963 0.020611
0.516440 0.028114 0.020860
0.514936 0.023864 0.019920
0.515969 0.024823 0.021925
0.516440 0.020610 0.023577
0.516207 0.020369 0.020576
0.516811 0.014111 0.022944
0.515771 0.014712 0.019694
0.514945 0.010469 0.019975
0.516727 0.010517 0.021476
0.515346 0.006074 0.021135
0.516453 0.010282 0.022147
0.516295 0.007170 0.021805
0.517199 0.011202 0.020321
0.522369 0.009575 0.022566
0.524817 0.010253 0.021324
0.528377 0.010623 0.021735
0.528462 0.012322 0.022501
0.531344 0.008099 0.020080
0.535678 0.012310 0.022650
0.539630 0.011348 0.021410
0.545453 0.013851 0.021481
0.547854 0.011050 0.022119
0.550341 0.011933 0.022654
0.556195 0.013318 0.022916
0.559692 0.010500 0.023138
0.562028 0.013137 0.022003
0.567319 0.013152 0.022806
0.568078 0.014032 0.023352
0.575667 0.013158 0.024453
0.576389 0.014033 0.025508
0.578102 0.014059 0.025077
0.580484 0.015297 0.023165
0.582301 0.015004 0.023660
0.586244 0.016438 0.024534
0.593798 0.016777 0.026888
0.593833 0.016882 0.025392
0.599536 0.017759 0.024012
0.600546 0.017195 0.023208
0.605363 0.016473 0.023823
0.604364 0.017109 0.023385
0.609939 0.016295 0.024487
0.612527 0.015386 0.024514
0.609324 0.009282 0.022404
0.611432 0.010745 0.023537
0.615807 0.009262 0.023117
0.620358 0.009405 0.023664
0.620358 0.009383 0.023914
0.621902 0.009865 0.025193
0.626800 0.009908 0.022937
0.629417 0.010059 0.023392
0.634116 0.010611 0.024322
0.640246 0.011123 0.022524
0.638743 0.010486 0.021740
0.644288 0.010635 0.021937
0.647987 0.010319 0.025058
0.654568 0.010552 0.023739
0.656047 0.011392 0.023029
0.660636 0.010476 0.022934
0.663218 0.010889 0.023393
0.668323 0.010140 0.023390
0.668656 0.011384 0.022250
0.675009 0.010290 0.023285
0.674188 0.011789 0.022708
0.681125 0.010902 0.021599
0.682503 0.011486 0.024624
0.688027 0.010841 0.024635
0.688017 0.010799 0.025134
0.694381 0.010293 0.023725
0.694402 0.010373 0.022727
0.700621 0.010987 0.023084
0.699212 0.010104 0.023053
0.704710 0.009743 0.022945
0.703816 0.011125 0.023321
0.703578 0.010051 0.022245
0.707243 0.009866 0.022524
0.702388 0.009694 0.023128
0.706137 0.008395 0.023476
0.705241 0.009791 0.023581
0.705636 0.006521 0.022627
0.704236 0.005582 0.023352
0.706755 0.001927 0.021979
0.707003 0.003045 0.022783
0.708909 0.000307 0.021494
0.706609 0.000798 0.021800
0.710225 -0.001137 0.021970
0.707165 -0.004077 0.021892
0.708593 -0.007010 0.020721
0.706414 -0.011356 0.021347
0.704824 -0.017137 0.019338
0.706270 -0.016250 0.021102
0.707080 -0.021174 0.019626
0.703975 -0.024038 0.020580
0.705863 -0.028713 0.019296
0.705928 -0.028630 0.022048
0.705976 -0.033331 0.020739
0.703933 -0.036496 0.019958
0.705234 -0.040005 0.019270
0.705257 -0.039969 0.020020
0.705476 -0.043634 0.018884
0.705237 -0.044670 0.020880
0.704469 -0.052481 0.018974
0.703611 -0.055792 0.020718
0.705238 -0.063009 0.019842
0.704637 -0.065251 0.020339
0.705923 -0.070308 0.021034
0.705802 -0.075191 0.020785
0.705706 -0.078942 0.019840
0.704099 -0.084735 0.018838
0.704482 -0.091753 0.018973
0.705492 -0.096601 0.018938
0.705042 -0.093873 0.020438
0.705303 -0.097881 0.020191
0.704972 -0.099067 0.019689
0.702084 -0.099548 0.019233
0.700546 -0.104143 0.019455
0.696848 -0.099565 0.018963
0.695360 -0.100470 0.018208
0.694169 -0.101705 0.018928
0.690140 -0.103166 0.018160
0.687588 -0.098849 0.018430
0.685068 -0.102238 0.019666
0.680953 -0.098883 0.018431
0.678156 -0.101140 0.018593
0.672970 -0.097452 0.018611
0.667574 -0.097713 0.018475
0.664083 -0.099357 0.020338
0.659415 -0.097229 0.017098
0.655407 -0.098362 0.017279
0.653512 -0.096629 0.018540
0.654749 -0.096880 0.019290
0.645490 -0.095734 0.017699
0.639575 -0.096237 0.015725
0.638632 -0.095927 0.017475
0.637381 -0.095671 0.016725
0.630380 -0.095708 0.018182
0.629092 -0.095453 0.017181
0.620456 -0.094667 0.016879
0.615609 -0.096219 0.016809
0.614553 -0.094810 0.015564
0.609686 -0.095950 0.015452
0.606309 -0.095117 0.016202
0.605257 -0.094833 0.016952
0.598597 -0.095834 0.016117
0.592329 -0.096574 0.016066
0.591632 -0.095132 0.017321
0.584505 -0.095469 0.015379
0.584657 -0.095457 0.016380
0.584695 -0.095454 0.016630
0.576858 -0.095293 0.016333
0.578135 -0.095557 0.017083
0.570735 -0.095573 0.015807
0.563860 -0.095664 0.015294
0.562697 -0.095389 0.015293
0.561493 -0.095117 0.015043
0.554450 -0.094250 0.014907
0.551842 -0.094858 0.014904
0.543495 -0.094463 0.014959
0.537050 -0.094615 0.016685
0.535803 -0.094343 0.016184
0.529693 -0.095019 0.016021
0.528400 -0.094751 0.015270
0.522004 -0.094021 0.016217
0.520563 -0.094901 0.016215
0.513856 -0.094667 0.014769
0.513900 -0.094665 0.015019
0.508352 -0.093392 0.015652
0.509234 -0.094823 0.015653
0.504845 -0.095192 0.015154
0.505252 -0.094031 0.015904
0.499644 -0.094440 0.016975
0.501759 -0.095011 0.015727
0.496941 -0.094354 0.015742
0.501976 -0.094310 0.016496
0.500959 -0.094648 0.019176
0.503437 -0.094060 0.018428
0.507940 -0.093185 0.018329
0.511582 -0.093996 0.019832
0.509235 -0.094039 0.017183
0.516512 -0.094498 0.017933
0.520032 -0.094185 0.018324
0.523729 -0.093819 0.018073
0.524334 -0.093878 0.021045
0.531557 -0.094252 0.022035
0.534267 -0.094435 0.020076
0.539151 -0.094285 0.020570
0.541694 -0.094044 0.021504
0.546466 -0.093871 0.020246
0.544461 -0.093799 0.020349
0.552738 -0.094322 0.019822
0.554124 -0.094926 0.020289
0.561344 -0.095173 0.022513
0.559201 -0.096148 0.021649
0.568923 -0.095643 0.024120
0.570252 -0.094809 0.024379
0.575065 -0.094519 0.024362
0.581460 -0.094513 0.021872
0.582831 -0.093574 0.022880
0.588933 -0.093256 0.023290
0.592602 -0.092691 0.022280
0.595341 -0.093862 0.022669
0.599964 -0.094650 0.023384
0.603855 -0.094542 0.022101
0.607532 -0.093946 0.021591
0.613769 -0.093077 0.024089
0.614771 -0.094405 0.022561
0.621799 -0.093379 0.021654
0.624099 -0.093751 0.022636
0.630897 -0.094200 0.023116
0.633221 -0.094556 0.023098
0.639924 -0.094773 0.021941
0.642352 -0.093976 0.023942
0.647403 -0.094174 0.024050
0.651105 -0.093514 0.023042
0.659169 -0.094231 0.023643
0.660552 -0.093227 0.022651
0.665113 -0.094091 0.021724
0.669832 -0.093618 0.023961
0.679936 -0.093047 0.023362
0.678799 -0.092875 0.022868
0.687353 -0.093330 0.024697
0.687477 -0.093316 0.022697
0.695603 -0.093573 0.023269
0.694495 -0.092250 0.025035
0.700953 -0.093498 0.025146
0.699802 -0.094482 0.022140
0.707130 -0.094765 0.022442
0.704341 -0.094768 0.021583
0.704366 -0.094768 0.021083
0.708148 -0.092137 0.022141
0.706180 -0.089436 0.022148
0.707434 -0.081672 0.023007
0.706685 -0.079131 0.021759
0.708663 -0.074482 0.022062
0.706553 -0.072903 0.020811
0.710670 -0.069454 0.021317
0.710483 -0.070616 0.021068
0.711631 -0.065038 0.021502
0.706588 -0.059366 0.020988
0.710188 -0.056478 0.021483
0.707285 -0.052366 0.021221
0.709701 -0.048915 0.021657
0.706801 -0.044839 0.022144
0.709725 -0.042386 0.021892
0.706825 -0.038219 0.020878
0.710778 -0.036798 0.020622
0.705559 -0.032299 0.021097
0.707730 -0.029554 0.020788
0.705071 -0.024267 0.021006
0.705089 -0.017821 0.020996
0.704111 -0.016324 0.019482
0.706747 -0.013145 0.020852
0.704616 -0.011414 0.019327
0.706915 -0.006410 0.020029
0.704830 -0.004767 0.019994
0.706662 -0.000886 0.020368
0.705751 0.000545 0.020088
0.706029 0.001608 0.021324
0.704628 0.004046 0.020140
0.706040 0.007468 0.018919
0.703745 0.008011 0.019128
0.703562 0.009362 0.019319
0.704204 0.009348 0.019334
0.702453 0.007367 0.019615
0.703960 0.010899 0.018101
0.693707 0.005279 0.017851
0.694534 0.003797 0.018421
0.690573 0.005010 0.018512
0.684871 0.006744 0.018060
0.683348 0.006010 0.017557
0.680976 0.008625 0.016952
0.672540 0.002852 0.015788
0.673955 0.007002 0.017360
0.664900 0.002948 0.018350
0.658290 0.003636 0.017551
0.657405 0.001459 0.017667
0.649875 0.002797 0.015209
0.650158 0.000218 0.016654
0.646339 0.004485 0.016284
0.641683 0.000076 0.015964
0.642966 0.005590 0.018054
0.638003 0.003829 0.016020
0.633196 0.005693 0.016476
0.631857 0.006089 0.014138
0.626133 0.011148 0.013672
0.625417 0.009250 0.016826
0.620293 0.013094 0.014546
0.617932 0.008940 0.014333
0.610498 0.010107 0.015047
0.609833 0.009051 0.014618
0.606289 0.011827 0.015539
0.601581 0.008866 0.014141
0.599791 0.013083 0.014310
0.594128 0.008360 0.015302
0.589526 0.010441 0.014464
0.588847 0.009424 0.014283
0.582718 0.012090 0.014561
0.580814 0.009146 0.015011
0.577803 0.013593 0.015606
0.575411 0.012228 0.015141
0.566538 0.011136 0.015146
0.565651 0.010048 0.013951
0.559148 0.011586 0.015776
0.554075 0.008790 0.013569
0.548890 0.011672 0.013205
0.543367 0.009803 0.013912
0.544308 0.009123 0.013743
0.537928 0.010134 0.014270
0.537679 0.010032 0.013015
0.529581 0.012193 0.013687
0.520384 0.012779 0.012691
0.517954 0.011516 0.012442
0.511884 0.012345 0.013634
0.509994 0.010256 0.011442
0.504886 0.011468 0.013464
0.506667 0.010029 0.012846
0.501480 0.011765 0.014127
0.506559 0.010837 0.013325
0.510495 0.011565 0.016416
0.507991 0.012270 0.014855
0.504768 0.015987 0.015736
0.507604 0.019816 0.015945
0.507809 0.022358 0.014615
0.506432 0.025848 0.015320
0.506801 0.028438 0.015015
0.504718 0.035781 0.015540
0.507100 0.041267 0.015269
0.502224 0.043635 0.015590
0.508657 0.050710 0.016468
0.505883 0.055176 0.017012
0.505548 0.056802 0.017009
0.506584 0.061863 0.017853
0.509091 0.065822 0.017721
0.504755 0.065748 0.019660
0.503750 0.066364 0.019650
0.505130 0.073160 0.020112
0.505574 0.074283 0.018911
0.505705 0.078905 0.017141
0.508050 0.082965 0.017878
0.501970 0.084056 0.019184
0.506646 0.088348 0.018008
0.501570 0.092085 0.020628
0.503958 0.097648 0.019017
0.504754 0.104842 0.020297
0.506726 0.106641 0.019443
0.505251 0.110597 0.018976
0.504133 0.111114 0.018758
0.500852 0.113861 0.020964
0.504906 0.114937 0.019551
0.501191 0.116988 0.021045
0.503742 0.117394 0.020069
0.501218 0.120475 0.022068
0.505293 0.121623 0.021138
0.504911 0.120802 0.019994
0.504117 0.122921 0.020162
0.503736 0.121796 0.020077
0.506525 0.123865 0.022539
0.517775 0.120256 0.021647
0.515603 0.122785 0.021610
0.524968 0.121170 0.020632
0.524262 0.123605 0.020568
0.528070 0.123569 0.021521
0.534295 0.122445 0.023674
0.543655 0.121028 0.022461
0.543916 0.122335 0.022758
0.553337 0.120797 0.023047
0.554340 0.121914 0.023312
0.561155 0.119962 0.023365
0.563394 0.121766 0.023158
0.567937 0.120523 0.022788
0.572081 0.121719 0.024647
0.575488 0.120923 0.023070
0.576621 0.120536 0.023789
0.579997 0.121133 0.023509
0.584522 0.119726 0.025155
0.591924 0.120302 0.024901
0.600121 0.120906 0.023750
0.605794 0.120487 0.023231
0.609188 0.119507 0.023680
0.608038 0.119787 0.024196
0.615251 0.119165 0.024435
0.621845 0.119875 0.024603
0.622614 0.118351 0.025810
0.629974 0.118971 0.024096
0.631159 0.118716 0.022837
0.639187 0.118749 0.023222
0.646078 0.116692 0.024584
0.646113 0.116723 0.023834
0.653762 0.118161 0.022280
0.656566 0.119666 0.024797
0.662077 0.116658 0.025208
0.662521 0.117853 0.023218
0.669380 0.116757 0.024387
0.670221 0.115311 0.023382
0.677709 0.114121 0.024410
0.683143 0.114489 0.022582
0.684153 0.114103 0.024585
0.688813 0.111116 0.023001
0.690626 0.113007 0.023499
0.697856 0.112367 0.023995
0.703664 0.112350 0.024190
0.703694 0.112355 0.023690
0.708849 0.111201 0.023120
0.707642 0.111561 0.024613
0.713231 0.110368 0.024202
0.716746 0.108245 0.024165
0.715306 0.107507 0.022919
0.713419 0.109392 0.023637
0.719964 0.110164 0.024416
0.715839 0.109118 0.024417
0.715341 0.108794 0.022718
0.706368 0.108298 0.021687
0.708034 0.106986 0.023274
0.697670 0.109638 0.020408
0.698361 0.110541 0.021869
0.692399 0.111607 0.020558
0.693516 0.111180 0.021327
0.695397 0.111751 0.019380
0.691668 0.113398 0.018892
0.681976 0.115016 0.018277
0.685269 0.115659 0.018841
0.676198 0.115912 0.018537
0.675630 0.116908 0.019622
0.662715 0.115158 0.017914
0.663519 0.115639 0.016858
0.655985 0.114153 0.016674
0.659662 0.115788 0.017038
0.653227 0.113943 0.017648
0.655082 0.116602 0.018137
0.641311 0.112118 0.017693
0.639587 0.114586 0.016716
0.632720 0.110365 0.016804
0.633194 0.115429 0.016408
0.628378 0.112656 0.015387
0.620120 0.112747 0.016267
0.621950 0.111328 0.015404
0.614264 0.113090 0.014502
0.614931 0.111636 0.017157
0.609759 0.114730 0.016460
0.608441 0.111108 0.016054
0.602674 0.114397 0.015564
0.602464 0.110196 0.016728
0.597377 0.113222 0.016294
0.597751 0.111664 0.017703
0.590558 0.112980 0.017170
0.591555 0.112262 0.017746
0.584854 0.115462 0.016364
0.578986 0.110719 0.015267
0.573299 0.113644 0.015962
0.570986 0.111025 0.016688
0.564492 0.112439 0.016389
0.562025 0.111504 0.016704
0.551502 0.109696 0.017280
0.546060 0.112794 0.017134
0.544223 0.110994 0.016263
0.538281 0.114042 0.017552
0.536318 0.110523 0.016059
0.527233 0.111685 0.016248
0.528133 0.110871 0.016573
0.521146 0.112818 0.016503
0.522080 0.110339 0.017198
0.514545 0.112276 0.015794
0.516280 0.110608 0.016184
0.510197 0.112600 0.015520
0.512864 0.111794 0.016364
0.508271 0.112975 0.016300
0.511044 0.112206 0.017895
0.508219 0.112300 0.016711
0.511722 0.110642 0.017865
0.512579 0.111466 0.017837
0.511970 0.104913 0.017455
0.507157 0.104114 0.017513
0.511410 0.101579 0.018461
0.508150 0.101150 0.018954
0.512095 0.093516 0.018580
0.513811 0.095157 0.018553
0.511917 0.091094 0.018984
0.513323 0.084408 0.019779
0.514044 0.083485 0.018820
0.511127 0.080649 0.018747
0.515372 0.076549 0.020437
0.509844 0.076696 0.019072
0.514799 0.073308 0.018996
0.514657 0.066936 0.019752
0.512583 0.060771 0.018342
0.510729 0.056104 0.020497
0.512396 0.052739 0.019509
0.511569 0.047997 0.019891
0.512442 0.047218 0.020153
0.510984 0.039114 0.019799
0.512140 0.033393 0.020164
0.510594 0.031363 0.019375
0.511888 0.025731 0.020441
0.511335 0.019856 0.019902
0.512736 0.015392 0.020759
0.512744 0.015410 0.021011
0.512555 0.013603 0.022174
0.512961 0.009483 0.022007
0.514941 0.012331 0.021825
0.513303 0.011989 0.020730
0.518503 0.012795 0.021230
0.521998 0.009452 0.021316
0.524993 0.014443 0.022961
0.526123 0.007871 0.021939
0.527356 0.012492 0.021253
0.532309 0.009427 0.022781
0.534435 0.013548 0.023087
0.538224 0.009857 0.023614
0.540223 0.014069 0.022928
0.545898 0.011850 0.025230
0.548382 0.014619 0.023865
0.554060 0.014211 0.024147
0.553420 0.015720 0.024339
0.558818 0.014264 0.024733
0.559913 0.013880 0.024186
0.563301 0.009507 0.024560
0.564798 0.010270 0.023656
0.570766 0.005954 0.023181
0.577147 0.003945 0.021981
0.581121 0.004964 0.025625
0.584209 0.001898 0.025172
0.588887 0.005495 0.024082
0.595746 0.005038 0.025000
0.600769 0.002078 0.025120
0.602468 0.004053 0.025335
0.602806 0.005300 0.023464
0.610251 0.005536 0.023719
0.616641 0.003660 0.024972
0.616891 0.004798 0.025093
0.618870 0.008126 0.022917
0.624715 0.006800 0.022198
0.630417 0.005733 0.022615
0.630606 0.006822 0.023725
0.636775 0.004585 0.023974
0.639662 0.007501 0.025969
0.646991 0.007631 0.024957
0.647002 0.007645 0.024707
0.655026 0.006799 0.023740
0.662332 0.007271 0.025366
0.663676 0.008213 0.025675
0.670760 0.007813 0.023791
0.670929 0.008947 0.024368
0.678549 0.008571 0.025288
0.684596 0.007433 0.025078
0.692493 0.007494 0.023955
0.693887 0.008503 0.023250
0.702261 0.008592 0.024396
0.701350 0.009982 0.023221
0.708127 0.009098 0.023943
0.712112 0.008977 0.023746
0.712126 0.008986 0.023496
0.707244 0.008479 0.024253
0.712646 0.006657 0.023413
0.710127 0.005826 0.023643
0.711927 0.003014 0.024205
0.706815 0.000243 0.021878
0.710188 -0.001929 0.022771
0.707714 -0.002734 0.021253
0.709468 -0.007207 0.021795
0.706971 -0.008019 0.020531
0.709172 -0.013806 0.023143
0.706477 -0.015783 0.022107
0.707732 -0.023161 0.022229
0.707140 -0.026645 0.022680
0.706593 -0.031843 0.020981
0.706180 -0.034155 0.021460
0.706474 -0.039147 0.021201
0.706256 -0.040327 0.020947
0.706388 -0.045877 0.020343
0.704775 -0.047927 0.021091
0.707189 -0.053539 0.020688
0.703669 -0.058852 0.020956
0.704714 -0.068164 0.019884
0.705391 -0.070615 0.021163
0.705858 -0.077594 0.020342
0.705623 -0.078619 0.021604
0.704641 -0.085556 0.020319
0.705290 -0.088051 0.021108
0.705091 -0.094501 0.019504
0.705097 -0.094471 0.019753
0.705488 -0.098176 0.021439
0.704875 -0.095593 0.021399
0.704596 -0.098603 0.020450
0.703665 -0.097337 0.018928
0.700837 -0.100232 0.020030
0.697628 -0.098300 0.019742
0.695817 -0.101649 0.019655
0.689648 -0.096640 0.019082
0.689034 -0.101206 0.018559
0.687105 -0.099357 0.020537
0.685994 -0.104024 0.019887
0.676582 -0.097110 0.019062
0.673980 -0.099257 0.018667
0.669626 -0.097046 0.018892
0.668480 -0.102206 0.018492
0.664451 -0.098799 0.019469
0.657971 -0.097770 0.017272
0.657092 -0.096340 0.017516
0.653215 -0.099306 0.017590
0.650219 -0.096228 0.017325
0.648724 -0.098652 0.018066
0.643121 -0.096224 0.017544
0.644311 -0.096471 0.017798
0.636244 -0.096185 0.018965
0.636275 -0.095107 0.016962
0.631562 -0.096640 0.017415
0.626198 -0.097372 0.017229
0.623904 -0.096835 0.017472
0.617473 -0.096726 0.016285
0.612781 -0.095672 0.016021
0.609548 -0.096488 0.018208
0.603669 -0.095177 0.017692
0.594459 -0.094535 0.016386
0.593219 -0.094282 0.015883
0.588103 -0.095419 0.017679
0.585586 -0.094917 0.016422
0.580598 -0.094353 0.017165
0.570426 -0.095383 0.016152
0.567156 -0.093421 0.015889
0.555053 -0.093679 0.016332
0.550707 -0.094707 0.017453
0.545550 -0.094808 0.016196
0.539339 -0.095205 0.016130
0.536912 -0.094674 0.015625
0.537220 -0.094640 0.017375
0.523234 -0.092402 0.016265
0.524224 -0.093824 0.016769
0.513814 -0.093998 0.016390
0.513671 -0.094009 0.015640
0.506642 -0.094870 0.015740
0.499548 -0.094499 0.014868
0.492633 -0.095220 0.014908
0.492773 -0.095211 0.015658
0.488963 -0.095574 0.016038
0.496476 -0.094785 0.015790
0.490317 -0.094448 0.015939
0.501446 -0.094390 0.016437
0.495237 -0.094206 0.016772
0.504724 -0.096188 0.017758
0.503925 -0.094299 0.017384
0.512521 -0.093699 0.016885
0.512588 -0.093964 0.018234
0.528184 -0.094813 0.018222
0.522545 -0.094637 0.018341
0.536986 -0.095245 0.018832
0.542461 -0.095791 0.019938
0.546458 -0.094209 0.020695
0.551241 -0.095711 0.020656
0.554965 -0.095292 0.021157
0.556958 -0.094943 0.022403
0.560879 -0.093389 0.021657
0.569469 -0.094301 0.024775
0.572205 -0.092529 0.021029
0.579154 -0.093788 0.021046
0.581709 -0.093140 0.021548
0.587414 -0.092709 0.021368
0.589970 -0.092071 0.021370
0.593890 -0.092147 0.020682
0.595034 -0.092398 0.021434
0.600126 -0.091588 0.021350
0.602395 -0.092085 0.023604
0.612235 -0.092361 0.022868
0.609957 -0.091857 0.021865
0.618830 -0.091681 0.023187
0.620243 -0.090783 0.022688
0.626548 -0.091335 0.024874
0.625477 -0.091094 0.022125
0.635417 -0.090915 0.022537
0.637714 -0.091403 0.022785
0.644596 -0.091681 0.025491
0.646106 -0.090772 0.022743
0.651684 -0.090658 0.022949
0.656303 -0.091616 0.022942
0.662947 -0.090588 0.023605
0.664208 -0.090825 0.021603
0.670393 -0.090820 0.022108
0.674980 -0.091766 0.022850
0.684600 -0.091217 0.024845
0.684446 -0.092372 0.023590
0.691185 -0.092424 0.023955
0.693818 -0.091732 0.022707
0.702402 -0.092377 0.025065
0.700998 -0.093302 0.025311
0.708252 -0.093061 0.023716
0.705657 -0.093765 0.024465
0.704408 -0.093459 0.023678
0.703248 -0.093237 0.023681
0.709266 -0.093261 0.024049
0.706232 -0.090282 0.023829
0.707933 -0.082231 0.022610
0.706474 -0.077143 0.022657
0.709021 -0.071278 0.023280
0.706933 -0.069657 0.022547
0.706530 -0.067826 0.020596
0.704831 -0.063928 0.021628
0.707043 -0.059986 0.020642
0.703460 -0.053371 0.022682
0.708048 -0.051840 0.022615
0.702196 -0.044538 0.020391
0.705411 -0.040632 0.020493
0.704469 -0.039239 0.020497
0.707077 -0.035508 0.020783
0.704262 -0.031400 0.021791
0.706028 -0.025213 0.021659
0.703667 -0.018718 0.021918
0.704833 -0.018966 0.022169
0.703893 -0.011222 0.020593
0.706823 -0.008559 0.020323
0.703786 -0.005579 0.020823
0.705685 -0.000480 0.020601
0.704755 0.000897 0.020848
0.704191 0.006197 0.020993
0.705032 0.010990 0.020130
0.703112 0.007824 0.019139
0.703098 0.009575 0.019433
0.704285 0.009243 0.020442
0.704089 0.011478 0.020627
0.695561 0.006138 0.019378
0.687742 0.008200 0.018729
0.686130 0.006061 0.019991
0.677877 0.008605 0.017362
0.677518 0.006141 0.019885
0.668902 0.008793 0.019234
0.667212 0.006742 0.019246
0.661490 0.007993 0.018997
0.658853 0.007393 0.018489
0.650639 0.008091 0.016928
0.648038 0.007465 0.016920
0.639924 0.008580 0.016980
0.638194 0.006530 0.016738
0.635277 0.009431 0.016509
0.627164 0.006396 0.016249
0.618871 0.006193 0.016392
0.617700 0.006461 0.016387
0.611678 0.008116 0.016714
0.609942 0.006059 0.016467
0.599829 0.005611 0.016412
0.599642 0.005643 0.015161
0.592529 0.006237 0.016610
0.592198 0.005082 0.016108
0.586281 0.006342 0.016006
0.582249 0.004751 0.015999
0.578343 0.005412 0.016265
0.570853 0.005718 0.015273
0.564771 0.005095 0.017268
0.562151 0.005604 0.015777
0.555297 0.006027 0.016339
0.549008 0.006003 0.015600
0.539415 0.005567 0.016156
0.539264 0.006804 0.014174
0.530243 0.006209 0.014747
0.527906 0.006622 0.015011
0.519663 0.006960 0.015945
0.515732 0.006411 0.015196
0.507507 0.006129 0.015752
0.508653 0.005942 0.015494
0.501521 0.005886 0.018230
0.503510 0.006784 0.015241
0.495048 0.006855 0.015120
0.496522 0.007842 0.015636
0.491468 0.009956 0.015767
0.501015 0.008546 0.015702
0.495817 0.009837 0.015474
0.498887 0.013003 0.016529
0.500100 0.014660 0.020039
0.501417 0.019347 0.016629
0.502291 0.029364 0.018929
0.503132 0.028087 0.017651
0.500399 0.030668 0.018578
0.504272 0.033786 0.017370
0.497704 0.035850 0.017435
0.500884 0.041426 0.017517
0.500981 0.051921 0.017806
0.502548 0.054077 0.018334
0.501150 0.060635 0.017987
0.501339 0.070045 0.020561
0.503944 0.072130 0.019831
0.500524 0.076016 0.019208
0.503271 0.077971 0.019725
0.503017 0.082845 0.019642
0.503190 0.084021 0.019649
0.502131 0.090783 0.019893
0.502377 0.091883 0.020647
0.502865 0.097122 0.020295
0.503049 0.098297 0.020297
0.502635 0.105278 0.021235
0.502978 0.114407 0.020708
0.501787 0.114635 0.020449
0.502218 0.122350 0.021389
0.502943 0.119853 0.020910
0.502977 0.124770 0.019192
0.501649 0.123739 0.019938
0.503317 0.119842 0.019485
0.504649 0.123487 0.021649
0.505826 0.123238 0.021913
0.507900 0.124858 0.019869
0.510279 0.124313 0.020898
0.515560 0.126136 0.020691
0.525281 0.120576 0.020102
0.529733 0.118357 0.021922
0.536570 0.119686 0.025876
0.538601 0.124499 0.022434
0.547595 0.121472 0.021059
0.549393 0.124901 0.021084
0.556718 0.119649 0.021481
0.563004 0.121327 0.021929
0.564143 0.121033 0.022694
0.573445 0.122207 0.022816
0.578094 0.121182 0.021128
0.581225 0.119166 0.022448
0.585893 0.122250 0.022742
0.591317 0.119665 0.023104
0.595275 0.121875 0.022869
0.599542 0.119523 0.022729
0.603625 0.121329 0.022423
0.604746 0.121003 0.022697
0.613762 0.120503 0.022716
0.622489 0.119484 0.025613
0.622362 0.118323 0.022416
0.627881 0.119715 0.022070
0.630735 0.117446 0.023251
0.637240 0.117778 0.023746
0.639349 0.116974 0.024840
0.644845 0.117911 0.024909
0.647130 0.116938 0.023776
0.653941 0.116857 0.023809
0.656184 0.115820 0.022945
0.664830 0.115612 0.023015
0.665834 0.115129 0.023587
0.674472 0.114753 0.023695
0.676019 0.115275 0.024177
0.675035 0.115786 0.023598
0.684658 0.115161 0.023707
0.692927 0.113447 0.024084
0.693607 0.114393 0.023485
0.703277 0.112090 0.025463
0.701367 0.113324 0.024767
0.708621 0.112528 0.024494
0.707446 0.114746 0.023438
0.717072 0.112848 0.024689
0.715370 0.112652 0.025181
0.721411 0.113043 0.025435
0.720479 0.113755 0.025326
0.725805 0.112062 0.024333
0.723992 0.113501 0.023865
0.722320 0.112948 0.024443
0.723078 0.113848 0.024350
0.722760 0.112625 0.023619
0.721094 0.112501 0.023599
0.718237 0.112430 0.022280
0.714811 0.112404 0.023975
0.705957 0.111740 0.023371
0.706755 0.112608 0.023292
0.698628 0.111231 0.020783
0.694357 0.113607 0.020701
0.694190 0.111729 0.023057
0.685755 0.112935 0.019756
0.678711 0.110800 0.020748
0.675374 0.109082 0.020850
0.669911 0.109724 0.020001
0.669119 0.110656 0.021157
0.669409 0.111255 0.021096
0.664359 0.111238 0.020754
0.663870 0.112143 0.020288
0.651963 0.110432 0.018458
0.643577 0.110764 0.018332
0.641963 0.109193 0.019676
0.632122 0.110236 0.017615
0.631468 0.109557 0.019907
0.626124 0.111343 0.019079
0.622674 0.109727 0.018876
0.614178 0.110915 0.017156
0.611579 0.110131 0.016910
0.604646 0.111035 0.016679
0.603189 0.109541 0.019245
0.596139 0.109853 0.019222
0.593534 0.109095 0.018969
0.580745 0.109260 0.015648
0.581057 0.109369 0.017901
0.571362 0.109844 0.017605
0.569729 0.108283 0.018651
0.561713 0.110050 0.017982
0.558073 0.108483 0.016988
0.552062 0.109271 0.016723
0.547839 0.108663 0.017177
0.540334 0.109263 0.017130
0.536416 0.107654 0.014620
0.529691 0.108330 0.014351
0.526617 0.108583 0.016292
0.518919 0.109146 0.015350
0.519906 0.109961 0.015845
0.513335 0.109950 0.014462
0.513852 0.110028 0.017471
0.509612 0.109690 0.015301
0.514197 0.110375 0.017130
0.509750 0.109830 0.017319
0.512173 0.110560 0.016363
0.510057 0.107991 0.015512
0.513596 0.107901 0.016593
0.509776 0.100214 0.019453
0.513281 0.098503 0.020780
0.509398 0.095638 0.017576
0.511890 0.094791 0.017380
0.510252 0.086660 0.018618
0.513570 0.085032 0.018172
0.510943 0.082014 0.018362
0.514615 0.075482 0.019484
0.511651 0.071831 0.019004
0.513355 0.070257 0.018483
0.511751 0.066820 0.019841
0.513842 0.062004 0.020374
0.510077 0.059320 0.019108
0.513272 0.052168 0.018199
0.511792 0.047226 0.018985
0.513621 0.039981 0.019184
0.511532 0.034971 0.017853
0.512464 0.030128 0.019669
0.513779 0.023591 0.021018
0.513397 0.025185 0.019922
0.513551 0.019358 0.019878
0.513587 0.019361 0.020637
0.513409 0.013895 0.020463
0.513431 0.013894 0.020968
0.512380 0.014473 0.019992
0.513879 0.014819 0.023151
0.512811 0.015378 0.022178
0.513137 0.011142 0.020453
0.513985 0.009675 0.020637
0.517538 0.011890 0.020812
0.521011 0.016664 0.021869
0.531226 0.016159 0.022313
0.530603 0.017670 0.022524
0.539579 0.014136 0.023472
0.547211 0.011296 0.027034
0.550864 0.011403 0.023810
0.555530 0.006530 0.025725
0.558106 0.007046 0.023295
0.560275 0.001532 0.023785
0.565338 0.006123 0.023218
0.570585 0.002206 0.024396
0.574899 0.004573 0.025246
0.579191 0.002507 0.024544
0.584581 0.004626 0.025841
0.588890 0.001247 0.024126
0.592255 0.005162 0.025394
0.598217 0.002887 0.029031
0.599752 0.004021 0.025135
0.609778 0.003912 0.025878
0.608632 0.004156 0.025916
0.614801 0.003146 0.025040
0.617831 0.006147 0.024862
0.625442 0.006422 0.025599
0.626623 0.006234 0.025066
0.631883 0.003780 0.025223
0.637107 0.006340 0.026202
0.644781 0.004709 0.024287
0.647500 0.006596 0.024700
0.660091 0.006710 0.024786
0.661539 0.008734 0.026462
0.671292 0.007470 0.024381
0.673823 0.009269 0.026770
0.685931 0.009122 0.025900
0.686125 0.010283 0.025985
0.696786 0.008112 0.027454
0.697474 0.010581 0.024610
0.705238 0.007957 0.027644
0.705415 0.008032 0.025895
0.710058 0.008716 0.024461
0.709820 0.008615 0.026960
0.718080 0.007487 0.027414
0.706445 0.008331 0.024719
0.714670 0.005781 0.028901
0.708650 0.004474 0.026345
0.710597 0.003225 0.025499
0.707880 0.001269 0.025419
0.713249 -0.001005 0.025278
0.708357 -0.001414 0.025762
0.708492 -0.005585 0.023243
0.707839 -0.009100 0.024883
0.709182 -0.014822 0.022686
0.708984 -0.015995 0.022654
0.704285 -0.026349 0.023037
0.706608 -0.026735 0.023785
0.704620 -0.034244 0.022893
0.705767 -0.034393 0.024395
0.708686 -0.037211 0.023879
0.704335 -0.041301 0.022560
0.707164 -0.046722 0.021878
0.702336 -0.053143 0.021047
0.705121 -0.059226 0.021318
0.706291 -0.059377 0.022322
0.709223 -0.064102 0.022191
0.704141 -0.071667 0.021636
0.707537 -0.078264 0.021825
0.704526 -0.081334 0.021800
0.707314 -0.087623 0.021415
0.705694 -0.089799 0.020898
0.705347 -0.095920 0.020144
0.705914 -0.099853 0.021161
0.709095 -0.105225 0.021392
0.707416 -0.101136 0.023177
0.702102 -0.101857 0.021023
0.699016 -0.098852 0.021804
0.695662 -0.097152 0.020822
0.690816 -0.097875 0.021263
0.684005 -0.094525 0.018555
0.677796 -0.095806 0.021246
0.674607 -0.099969 0.018684
0.662201 -0.094344 0.018507
0.664668 -0.100308 0.020572
0.654356 -0.095171 0.017617
0.649367 -0.096936 0.016699
0.647287 -0.095329 0.017458
0.641986 -0.097975 0.017228
0.638412 -0.097374 0.016973
0.630904 -0.097539 0.017423
0.620021 -0.096830 0.017138
0.614286 -0.096962 0.015796
0.611585 -0.097732 0.015037
0.603891 -0.098323 0.017378
0.592806 -0.098699 0.015989
0.591545 -0.098489 0.015481
0.591860 -0.097293 0.015974
0.583094 -0.097637 0.015701
0.575284 -0.098158 0.016235
0.567486 -0.099190 0.015328
0.560277 -0.098880 0.016035
0.545994 -0.098520 0.017164
0.537175 -0.098887 0.016389
0.532164 -0.097948 0.014855
0.523111 -0.098020 0.015873
0.517823 -0.098232 0.014349
0.507885 -0.096598 0.014557
0.501466 -0.096256 0.014831
0.493915 -0.096755 0.014046
0.495491 -0.096956 0.016056
0.498898 -0.096220 0.016399
0.496288 -0.096338 0.015946
0.492896 -0.095934 0.015571
0.494465 -0.095027 0.016316
0.503294 -0.094608 0.017097
0.501360 -0.094534 0.016625
0.513501 -0.094989 0.016431
0.512811 -0.092779 0.016816
0.524721 -0.094386 0.017384
0.520959 -0.093734 0.018327
0.537576 -0.091533 0.021365
0.534321 -0.091880 0.022348
0.542056 -0.093920 0.018145
0.547527 -0.089831 0.023568
0.555615 -0.090704 0.019350
0.555429 -0.089958 0.020187
0.570346 -0.093580 0.021255
0.579416 -0.087542 0.024713
0.582264 -0.090689 0.023248
0.582772 -0.090480 0.023623
0.590475 -0.088789 0.022876
0.593950 -0.090429 0.023991
0.600245 -0.089607 0.022999
0.611333 -0.090497 0.023626
0.617255 -0.090773 0.025390
0.623991 -0.090068 0.024260
0.628481 -0.091192 0.025775
0.635181 -0.090226 0.025185
0.640847 -0.091632 0.025948
0.650323 -0.091131 0.024862
0.652613 -0.091694 0.024865
0.655112 -0.091102 0.025865
0.665653 -0.090453 0.024383
0.674478 -0.090664 0.024419
0.675566 -0.090933 0.025170
0.682748 -0.090602 0.023737
0.686035 -0.091394 0.025732
0.694445 -0.090415 0.026976
0.695421 -0.091830 0.025966
0.698783 -0.092613 0.026957
0.703565 -0.092801 0.024690
0.710901 -0.093956 0.023381
0.708457 -0.093445 0.024893
0.712996 -0.093953 0.025056
0.707348 -0.092718 0.023090
0.713621 -0.092371 0.022583
0.706595 -0.084902 0.024209
0.710832 -0.081611 0.023090
0.707962 -0.077469 0.024669
0.711139 -0.075428 0.023435
0.705800 -0.071939 0.022524
0.710240 -0.069973 0.022632
0.705589 -0.069062 0.021925
0.706430 -0.062510 0.020936
0.704513 -0.059780 0.021993
0.706927 -0.050788 0.022341
0.705035 -0.047974 0.021893
0.705901 -0.043396 0.022059
0.708094 -0.037224 0.021226
0.704549 -0.030559 0.022550
0.707128 -0.021607 0.021702
0.705023 -0.019974 0.021714
0.707801 -0.014433 0.022501
0.706630 -0.014084 0.021250
0.707927 -0.008933 0.021492
0.706570 -0.003792 0.021741
0.708450 0.000763 0.020773
0.705467 0.003785 0.021501
0.709472 0.007538 0.022175
0.706888 0.006938 0.021663
0.707735 0.009735 0.020680
0.704623 0.006756 0.020933
0.707918 0.011143 0.021662
0.705319 0.010587 0.020899
0.703097 0.008877 0.022098
0.687700 0.006633 0.018511
0.688873 0.006339 0.018772
0.679807 0.007215 0.017790
0.676169 0.011657 0.018225
0.664214 0.008495 0.017174
0.661288 0.011050 0.018128
0.658278 0.009379 0.016877
0.648797 0.009837 0.016528
0.637086 0.007898 0.015960
0.634138 0.009406 0.017148
0.633812 0.008257 0.016911
0.623012 0.004867 0.016873
0.613653 0.006197 0.017332
0.611924 0.004178 0.017596
0.601800 0.004637 0.017099
0.599129 0.004089 0.016837
0.591938 0.005840 0.015674
0.589204 0.004087 0.016925
0.584245 0.004430 0.016437
0.577341 0.002440 0.015418
0.564888 0.003719 0.014134
0.555099 0.002943 0.015682
0.556413 0.002644 0.016435
0.547366 0.003739 0.016963
0.543180 0.003445 0.014955
0.530279 0.004029 0.013429
0.530628 0.003981 0.015179
0.518214 0.003913 0.014287
0.505381 0.005512 0.014157
0.500513 0.006541 0.013671
0.490915 0.005539 0.013181
0.496550 0.006854 0.014943
0.487275 0.007259 0.014434
0.493989 0.009581 0.014708
0.489015 0.011988 0.016812
0.490124 0.014210 0.014096
0.493076 0.023940 0.018450
0.500617 0.026115 0.017219
0.493320 0.027366 0.016779
0.493090 0.026197 0.016763
0.497368 0.045225 0.018767
0.503859 0.053630 0.018610
0.496499 0.057824 0.018211
0.502855 0.065004 0.018526
0.503054 0.066196 0.018287
0.502934 0.073938 0.019188
0.499188 0.080118 0.018284
0.504875 0.082353 0.020803
0.499320 0.087225 0.019971
0.502159 0.089027 0.020232
0.501861 0.095934 0.019400
0.500854 0.097433 0.018654
0.502965 0.104894 0.019596
0.504590 0.107002 0.019355
0.500319 0.113839 0.020091
0.503061 0.115754 0.019349
0.501939 0.121719 0.019991
0.503078 0.121493 0.019744
0.501769 0.126028 0.020668
0.504989 0.124079 0.020688
0.503588 0.129626 0.020373
0.504684 0.129439 0.019630
0.509043 0.125662 0.023177
0.513712 0.125240 0.021702
0.516432 0.125591 0.024219
0.518938 0.125567 0.021334
0.520366 0.126427 0.021337
0.525998 0.125899 0.023971
0.536198 0.123359 0.022616
0.543588 0.123480 0.021635
0.549585 0.126641 0.020700
0.552989 0.125648 0.021517
0.566988 0.124652 0.025954
0.579352 0.124552 0.023759
0.587228 0.122180 0.023706
0.587584 0.123314 0.023425
0.595630 0.123799 0.022176
0.602833 0.127161 0.023921
0.609204 0.123828 0.023430
0.616185 0.125117 0.024294
0.625077 0.122004 0.024376
0.629216 0.125611 0.024215
0.634332 0.122448 0.024262
0.641001 0.124511 0.025016
0.647717 0.121864 0.024102
0.653193 0.122983 0.024226
0.659080 0.121749 0.024475
0.664813 0.120897 0.024269
0.669874 0.121159 0.025893
0.678888 0.119640 0.026619
0.681528 0.119646 0.026694
0.688958 0.118427 0.026476
0.690038 0.117854 0.026316
0.699285 0.116093 0.026114
0.697278 0.117235 0.025676
0.703516 0.116977 0.025204
0.704756 0.114859 0.026498
0.713714 0.114930 0.025466
0.713378 0.116552 0.025257
0.720406 0.114620 0.025716
0.717650 0.115094 0.026597
0.720410 0.114291 0.025697
0.717668 0.116247 0.024378
0.726262 0.113900 0.025893
0.732065 0.113577 0.027124
0.727956 0.113783 0.025753
0.724760 0.113262 0.024491
0.727892 0.113397 0.024669
0.720376 0.113403 0.023762
0.719180 0.112765 0.022730
0.714133 0.112407 0.023178
0.706987 0.112688 0.022062
0.701120 0.112996 0.020656
0.708102 0.113227 0.021364
0.689578 0.113956 0.021689
0.679522 0.112674 0.019694
0.676245 0.110954 0.020819
0.667408 0.111054 0.019600
0.665750 0.111067 0.020321
0.658586 0.111651 0.020643
0.661147 0.112674 0.022100
0.661456 0.113840 0.022214
0.649613 0.111812 0.019917
0.645046 0.111928 0.020270
0.631431 0.111693 0.018282
0.630858 0.112206 0.019180
0.622575 0.110660 0.020914
0.611235 0.109857 0.016414
0.609779 0.110030 0.018633
0.607012 0.111928 0.017671
0.599528 0.109598 0.019214
0.595849 0.110650 0.018833
0.583725 0.110727 0.016619
0.576775 0.111379 0.017402
0.569897 0.109837 0.017133
0.565033 0.110927 0.018242
0.561775 0.109417 0.019529
0.548223 0.108824 0.017940
0.546440 0.108851 0.017407
0.535666 0.109117 0.015592
0.533786 0.109126 0.014558
0.527605 0.110310 0.017457
0.522136 0.110417 0.015354
0.515813 0.111187 0.014998
0.516036 0.111243 0.016251
0.509001 0.111455 0.015460
0.511785 0.110569 0.017047
0.506661 0.111518 0.016746
0.509262 0.110599 0.017328
0.509725 0.106701 0.019365
0.512946 0.103234 0.019271
0.508395 0.104566 0.017046
0.513222 0.092721 0.018120
0.509711 0.088174 0.020010
0.510219 0.085550 0.018049
0.508277 0.075837 0.018351
0.510817 0.073323 0.018925
0.505856 0.071673 0.019090
0.511501 0.062371 0.018209
0.506844 0.058995 0.018471
0.511892 0.054011 0.019060
0.510016 0.046372 0.021661
0.514179 0.042235 0.021709
0.512223 0.036647 0.020893
0.513096 0.030824 0.020791
0.508407 0.028561 0.019673
0.511016 0.022790 0.019575
0.511968 0.022100 0.020831
0.512034 0.016650 0.022202
0.508718 0.013561 0.021304
0.511213 0.014594 0.022171
0.509433 0.012257 0.023206
0.511769 0.013167 0.022068
0.513160 0.013670 0.020866
0.515341 0.012922 0.022438
0.522507 0.012231 0.026245
0.520752 0.011858 0.022151
0.528428 0.016278 0.022483
0.538226 0.014877 0.023085
0.537949 0.016492 0.022984
0.550241 0.015371 0.023210
0.560989 0.013646 0.024926
0.565392 0.016343 0.025593
0.564440 0.016973 0.024640
0.575139 0.015126 0.025217
0.579681 0.014421 0.025604
0.586944 0.015731 0.026641
0.586571 0.017386 0.024840
0.599040 0.017543 0.026989
0.609882 0.017944 0.026676
0.620265 0.018182 0.027177
0.628566 0.017211 0.026937
0.627799 0.015139 0.025612
0.630917 0.013713 0.027650
0.640508 0.010281 0.026030
0.642496 0.009272 0.028888
0.651289 0.008469 0.027027
0.652649 0.009084 0.028619
0.663399 0.008910 0.027632
0.663418 0.008931 0.027382
0.673396 0.008959 0.027043
0.674838 0.009769 0.027131
0.685370 0.008166 0.027525
0.687042 0.010083 0.028267
0.694525 0.008086 0.028693
0.696447 0.010327 0.026178
0.707158 0.007531 0.028204
0.706486 0.009136 0.025916
0.711878 0.009090 0.025441
0.709463 0.009450 0.026814
0.715485 0.006961 0.026792
0.712218 0.007853 0.024216
0.714577 0.004370 0.026689
0.708030 0.000953 0.024697
0.711858 -0.003118 0.025865
0.705496 -0.005485 0.024501
0.705290 -0.006640 0.024382
0.700836 -0.017738 0.022902
0.712161 -0.022397 0.023949
0.705378 -0.027189 0.022888
0.702676 -0.029100 0.021761
0.707129 -0.036893 0.023479
0.704613 -0.037656 0.023203
0.703287 -0.050184 0.021290
0.702877 -0.052494 0.021883
0.703242 -0.061088 0.021249
0.702628 -0.064574 0.021287
0.707107 -0.070014 0.021211
0.703535 -0.076562 0.021378
0.704579 -0.085251 0.021216
0.703208 -0.086191 0.021427
0.703956 -0.096281 0.019634
0.705546 -0.093944 0.022231
0.707860 -0.100480 0.021858
0.705199 -0.095187 0.022077
0.703288 -0.097316 0.019882
0.702345 -0.095852 0.021190
0.695432 -0.097368 0.020446
0.692500 -0.093328 0.019339
0.690814 -0.098469 0.020401
0.680733 -0.094299 0.021049
0.683662 -0.100415 0.021496
0.665125 -0.095053 0.018160
0.662946 -0.099069 0.019120
0.652476 -0.096121 0.017934
0.652466 -0.099602 0.018129
0.648192 -0.096416 0.018179
0.646023 -0.103111 0.023442
0.628244 -0.096781 0.015991
0.624434 -0.099369 0.016842
0.614220 -0.095088 0.016614
0.615435 -0.095294 0.016864
0.604547 -0.097989 0.016187
0.594123 -0.098825 0.015626
0.591675 -0.098408 0.015122
0.590753 -0.097002 0.015379
0.580646 -0.097631 0.015474
0.581831 -0.097853 0.015476
0.566548 -0.097961 0.015560
0.565549 -0.096568 0.015310
0.551735 -0.097110 0.015964
0.548079 -0.096444 0.015453
0.532757 -0.096021 0.014575
0.521259 -0.095350 0.015286
0.518587 -0.096065 0.015029
0.509512 -0.095448 0.014363
0.508268 -0.095218 0.014108
0.500707 -0.096401 0.014277
0.500867 -0.096381 0.015027
0.492363 -0.096792 0.014770
0.497493 -0.095402 0.014281
0.492197 -0.095221 0.015517
0.495796 -0.095921 0.015778
0.495181 -0.094832 0.016137
0.487485 -0.096071 0.015805
0.490173 -0.095363 0.016309
0.497669 -0.094442 0.016073
0.499361 -0.095341 0.016871
0.496866 -0.095547 0.019320
