0.512718 -0.085916 0.114760
0.511457 -0.086127 0.109642
0.510624 -0.085303 0.109140
0.512100 -0.085417 0.113512
0.511971 -0.085347 0.111762
0.512448 -0.086197 0.112698
0.511658 -0.085393 0.112696
0.512226 -0.085959 0.112998
0.512826 -0.085098 0.112041
0.512524 -0.084923 0.107791
0.513511 -0.085842 0.110542
0.514354 -0.085052 0.113014
0.517395 -0.086597 0.111014
0.516513 -0.083973 0.110327
0.524400 -0.084664 0.113347
0.521960 -0.082385 0.098096
0.532111 -0.084127 0.111817
0.540049 -0.085789 0.111313
0.543274 -0.085873 0.112561
0.545985 -0.085987 0.113629
0.552313 -0.085976 0.111626
0.569484 -0.085806 0.112707
0.573083 -0.085262 0.110644
0.584268 -0.086948 0.110895
0.589192 -0.086025 0.111520
0.596347 -0.086907 0.112774
0.603597 -0.084901 0.102804
0.607207 -0.087725 0.113305
0.616527 -0.087210 0.114943
0.620595 -0.087958 0.113447
0.622984 -0.087171 0.113699
0.631726 -0.087920 0.113417
0.646725 -0.089132 0.115458
0.662331 -0.087893 0.116773
0.661699 -0.087019 0.114773
0.673003 -0.086558 0.116437
0.675413 -0.087341 0.116441
0.684297 -0.086631 0.118412
0.683786 -0.087317 0.115410
0.698842 -0.086814 0.117751
0.699572 -0.087636 0.118501
0.710543 -0.087832 0.117119
0.708905 -0.087862 0.117365
0.715523 -0.089747 0.119566
0.710155 -0.088910 0.116807
0.718990 -0.090008 0.117632
0.719787 -0.089192 0.117634
0.721771 -0.086212 0.119273
0.717738 -0.085472 0.119264
0.718599 -0.075750 0.115251
0.712787 -0.066982 0.115748
0.718315 -0.063151 0.116490
0.715038 -0.059972 0.116487
0.717263 -0.049837 0.113097
0.713949 -0.041619 0.111848
0.717291 -0.037301 0.115658
0.712414 -0.032308 0.113903
0.716451 -0.027118 0.113662
0.713208 -0.023607 0.111159
0.715989 -0.018167 0.112292
0.714307 -0.016783 0.114040
0.715466 -0.009095 0.112584
0.716265 -0.008264 0.112585
0.715003 0.004225 0.111878
0.715828 0.003385 0.112129
0.718366 0.012337 0.112106
0.718350 0.011891 0.115106
0.718427 0.009247 0.110855
0.719063 0.012968 0.114276
0.719054 0.015463 0.112163
0.716658 0.013137 0.110908
0.715633 0.017540 0.112556
0.703515 0.019411 0.084296
0.697821 0.016180 0.088789
0.695590 0.019775 0.089146
0.692048 0.015674 0.101388
0.688061 0.020277 0.093349
0.673157 0.014749 0.110449
0.672665 0.015409 0.104198
0.663820 0.016462 0.111770
0.654179 0.014451 0.097266
0.653031 0.010751 0.109766
0.642171 0.013072 0.106293
0.638532 0.011608 0.103542
0.633669 0.013193 0.107665
0.622611 0.015931 0.104978
0.612877 0.015156 0.108566
0.604957 0.011141 0.105822
0.601464 0.007842 0.104827
0.596400 0.011513 0.105754
0.583086 0.010718 0.109665
0.582293 0.009869 0.109917
0.569216 0.011859 0.106357
0.567962 0.011143 0.104110
0.563911 0.008580 0.105122
0.556987 0.011569 0.105414
0.544711 0.010155 0.106634
0.530052 0.011114 0.105769
0.522379 0.011010 0.089782
0.517014 0.011049 0.105186
0.514707 0.009493 0.102446
0.515936 0.008572 0.104197
0.510153 0.008868 0.109252
0.511894 0.008148 0.105502
0.507573 0.009450 0.108617
0.501763 0.009939 0.105265
0.502568 0.010777 0.105010
0.503239 0.015318 0.106639
0.502559 0.013786 0.103146
0.504242 0.022627 0.108483
0.507228 0.024958 0.110970
0.503662 0.031493 0.109651
0.508186 0.038829 0.111117
0.510464 0.043088 0.109347
0.504187 0.045770 0.110618
0.504621 0.057669 0.113022
0.505926 0.064608 0.109998
0.507778 0.067309 0.099236
0.502083 0.071340 0.105647
0.498413 0.085795 0.081342
0.498650 0.088829 0.069833
0.503859 0.091198 0.106809
0.504562 0.095559 0.098549
0.506788 0.095012 0.102798
0.504911 0.101158 0.102928
0.508050 0.103038 0.107923
0.506974 0.109128 0.108619
0.504377 0.115315 0.109625
0.503611 0.114387 0.110376
0.501984 0.121449 0.093243
0.504578 0.120334 0.101743
0.507737 0.117158 0.099496
0.506515 0.120443 0.111043
0.517934 0.117745 0.096794
0.521382 0.117884 0.106501
0.529110 0.117325 0.095251
0.529123 0.119215 0.105064
0.543988 0.120510 0.092488
0.545244 0.118442 0.104488
0.550263 0.116787 0.103739
0.561144 0.119156 0.095162
0.569657 0.118754 0.080415
0.572966 0.118013 0.111376
0.587649 0.117475 0.088139
0.594257 0.116610 0.104886
0.599296 0.114921 0.104889
0.606808 0.114330 0.114772
0.612755 0.113721 0.112030
0.621663 0.117021 0.099238
0.627649 0.114407 0.111742
0.633513 0.115294 0.111588
0.634764 0.116713 0.092595
0.651828 0.112359 0.116771
0.652833 0.111673 0.114770
0.661469 0.112221 0.113157
0.669207 0.113023 0.102428
0.675970 0.112231 0.116532
0.679456 0.112377 0.115042
0.691307 0.111270 0.120073
0.694247 0.112406 0.116087
0.704078 0.111234 0.116832
0.711666 0.111741 0.116956
0.712077 0.111970 0.113459
0.718354 0.110758 0.118261
0.721098 0.112279 0.094530
0.728261 0.114183 0.069169
0.722150 0.111184 0.101377
0.720361 0.110417 0.114515
0.703937 0.113467 0.097709
0.710921 0.113888 0.097965
0.690325 0.117082 0.077886
0.697353 0.116362 0.078964
0.680374 0.115518 0.095125
0.678736 0.113564 0.109248
0.654824 0.117064 0.100069
0.642742 0.116917 0.095766
0.638606 0.117190 0.083746
0.628073 0.116838 0.095701
0.629956 0.117510 0.095649
0.616502 0.113691 0.107336
0.615214 0.114662 0.109774
0.599264 0.113260 0.109710
0.596797 0.115110 0.108070
0.587126 0.112892 0.111283
0.573286 0.114438 0.105072
0.569430 0.114968 0.108062
0.560909 0.115739 0.106752
0.550217 0.116284 0.092727
0.543200 0.115181 0.108605
0.528175 0.115177 0.111392
0.517600 0.113371 0.108877
0.512068 0.113610 0.109082
0.510756 0.113471 0.111080
0.504599 0.114611 0.111182
0.505914 0.114746 0.109183
0.503509 0.113405 0.112824
0.504783 0.111876 0.110327
0.499223 0.101087 0.095394
0.502950 0.084050 0.095192
0.501416 0.078836 0.109890
0.504037 0.073014 0.109908
0.508000 0.066220 0.102179
0.504877 0.059733 0.109349
0.509176 0.052249 0.109375
0.504503 0.051296 0.109378
0.504517 0.035231 0.111017
0.507129 0.031103 0.111532
0.511542 0.027068 0.113045
0.505949 0.024881 0.113081
0.511240 0.018393 0.115105
0.507007 0.012867 0.109821
0.510265 0.014489 0.108810
0.505742 0.009418 0.110756
0.501103 0.004133 0.094296
0.508392 0.007289 0.113265
0.515149 0.007605 0.111017
0.536363 0.013484 0.112947
0.549465 0.012620 0.110134
0.556982 0.013290 0.108369
0.552174 0.003751 0.030003
0.573549 0.013128 0.112410
0.575499 0.009481 0.112919
0.589803 0.013476 0.113369
0.597101 0.011647 0.114544
0.600429 0.011621 0.115290
0.609110 0.009473 0.115571
0.620137 0.013411 0.113783
0.625501 0.009633 0.115342
0.634091 0.014458 0.113307
0.642812 0.011383 0.116706
0.644602 0.012998 0.115446
0.655795 0.012124 0.116098
0.658212 0.012947 0.117593
0.666884 0.011980 0.116004
0.674979 0.013570 0.119744
0.686332 0.012095 0.116802
0.690664 0.012860 0.115798
0.703511 0.012462 0.118771
0.709367 0.013164 0.105019
0.717556 0.013039 0.119801
0.717728 0.014717 0.118548
0.724490 0.013680 0.117613
0.723315 0.012843 0.120364
0.727843 0.012210 0.118747
0.718464 0.006389 0.119247
0.724375 0.000881 0.101112
0.717707 -0.006041 0.097607
0.726048 -0.009990 0.111179
0.732642 -0.011647 0.032685
0.738275 -0.017563 0.023759
0.719900 -0.029715 0.114734
0.725239 -0.037774 0.116715
0.728224 -0.045343 0.024213
0.723873 -0.051101 0.120316
0.719047 -0.056475 0.115555
0.720909 -0.064405 0.118319
0.719355 -0.066362 0.114817
0.721347 -0.074794 0.119630
0.718072 -0.080156 0.116125
0.719341 -0.090788 0.117276
0.720739 -0.097196 0.117259
0.712332 -0.090393 0.117256
0.718888 -0.097267 0.118254
0.707883 -0.094154 0.104253
0.702650 -0.094675 0.117548
0.703508 -0.095427 0.118799
0.700314 -0.098051 0.117209
0.682482 -0.092224 0.113709
0.681294 -0.093650 0.115188
0.671596 -0.091370 0.109187
0.660566 -0.093358 0.107362
0.646125 -0.090553 0.108363
0.638902 -0.091510 0.110222
0.632714 -0.088946 0.108220
0.619263 -0.091502 0.106877
0.608713 -0.090788 0.099633
0.599267 -0.090317 0.108836
0.585917 -0.087600 0.106092
0.577787 -0.088955 0.103961
0.563182 -0.090289 0.106593
0.547798 -0.089836 0.086605
0.550104 -0.090166 0.102104
0.536827 -0.090199 0.108589
0.534282 -0.089567 0.100838
0.522859 -0.090710 0.102602
0.511809 -0.090506 0.101577
0.512189 -0.090183 0.110825
0.504176 -0.090895 0.110277
0.505390 -0.090302 0.104023
0.505853 -0.090903 0.107449
0.508528 -0.090129 0.107692
0.490975 -0.093129 0.030643
0.515902 -0.089908 0.065883
0.519864 -0.090363 0.084632
0.539252 -0.089660 0.102857
0.541656 -0.091241 0.106477
0.555437 -0.091150 0.099715
0.560839 -0.089315 0.108286
0.576022 -0.089981 0.107530
0.580970 -0.089489 0.108981
0.597452 -0.090055 0.109910
0.608466 -0.089693 0.110901
0.621191 -0.090106 0.111132
0.620387 -0.089235 0.110628
0.631866 -0.089581 0.109291
0.648520 -0.090122 0.111199
0.652791 -0.089484 0.110696
0.657107 -0.088862 0.109193
0.664002 -0.090396 0.112899
0.677838 -0.090508 0.114897
0.683671 -0.089920 0.116397
0.687045 -0.090080 0.116149
0.696489 -0.090722 0.114529
0.711623 -0.089773 0.119949
0.720979 -0.090350 0.117549
0.718348 -0.089393 0.119296
0.714505 -0.086727 0.116039
0.719577 -0.085358 0.112574
0.713922 -0.072512 0.116065
0.719688 -0.068225 0.104531
0.717352 -0.054687 0.024784
0.721692 -0.057726 0.115724
0.715379 -0.048925 0.112973
0.720967 -0.044905 0.114187
0.712941 -0.034338 0.112186
0.720771 -0.031870 0.113705
0.715129 -0.025523 0.110707
0.717826 -0.019966 0.110480
0.717792 -0.018580 0.114233
0.717858 -0.010677 0.109990
0.718673 -0.011597 0.110489
0.713007 -0.005660 0.094493
0.716523 -0.002361 0.110515
0.716519 0.004781 0.111194
0.714837 0.009378 0.109747
0.716536 0.009283 0.110249
0.718457 0.015235 0.112742
0.715877 0.014733 0.109988
0.719001 0.017617 0.105238
0.715647 0.015296 0.112478
0.710013 0.016514 0.111784
0.703269 0.016142 0.089028
0.700042 0.016358 0.103092
0.699435 0.017575 0.088844
0.687067 0.014525 0.087073
0.674140 0.017380 0.086228
0.666140 0.015007 0.085467
0.653445 0.015127 0.098062
0.649958 0.012125 0.105803
0.641315 0.014839 0.104895
0.629239 0.014915 0.104960
0.612262 0.013454 0.103956
0.611150 0.014428 0.102207
0.601063 0.013382 0.093699
0.594104 0.014013 0.103407
0.587381 0.012414 0.104651
0.575360 0.014783 0.090767
0.569821 0.011811 0.103260
0.562014 0.011480 0.102895
0.560548 0.010458 0.108643
0.544451 0.012390 0.099026
0.545077 0.012274 0.102026
0.531478 0.014615 0.091509
0.531061 0.011705 0.102006
0.521627 0.013335 0.101710
0.520493 0.011774 0.096710
0.510693 0.014101 0.090099
0.518406 0.009226 0.106095
0.508486 0.012149 0.105520
0.504966 0.012106 0.110123
0.505592 0.010467 0.105124
0.504583 0.013624 0.107911
0.503297 0.013772 0.101411
0.507076 0.023299 0.106102
0.506198 0.024184 0.105852
0.504744 0.037051 0.105071
0.507384 0.042353 0.099562
0.506872 0.048782 0.107254
0.498189 0.059737 0.035995
0.504259 0.058932 0.107227
0.507306 0.062430 0.104218
0.507033 0.068694 0.106853
0.505254 0.068798 0.106355
0.506489 0.077651 0.104625
0.508108 0.078010 0.109873
0.507290 0.085908 0.108895
0.506415 0.085096 0.108897
0.506781 0.092325 0.109944
0.510405 0.093736 0.111440
0.506199 0.100138 0.107349
0.507634 0.106019 0.108994
0.508359 0.106958 0.107742
0.507498 0.110397 0.106777
0.509578 0.111715 0.109775
0.507337 0.116267 0.107659
0.510590 0.117056 0.112158
0.521969 0.115303 0.108653
0.526704 0.120175 0.098067
0.545016 0.114261 0.109815
0.553971 0.116949 0.107427
0.569100 0.114188 0.114678
0.578048 0.117730 0.107971
0.584575 0.122196 0.042477
0.592637 0.123188 0.058078
0.602383 0.114360 0.111074
0.612045 0.116208 0.113912
0.621560 0.114057 0.106422
0.629338 0.114178 0.111093
0.633488 0.113249 0.111348
0.642135 0.114243 0.109043
0.645366 0.114076 0.110798
0.654906 0.115504 0.098201
0.664856 0.113273 0.113945
0.666441 0.113195 0.114948
0.668243 0.113279 0.113453
0.677444 0.113598 0.112092
0.679473 0.112431 0.117092
0.687114 0.113410 0.117081
0.689707 0.112640 0.116084
0.699617 0.112562 0.114164
0.700141 0.111544 0.117160
0.709872 0.112389 0.115087
0.708122 0.112328 0.115830
0.716476 0.113793 0.114294
0.716192 0.113285 0.109039
0.719785 0.113128 0.117055
0.714149 0.114016 0.114790
0.717861 0.112465 0.115560
0.708010 0.114108 0.113037
0.707399 0.114748 0.105109
0.694354 0.113030 0.114296
0.696019 0.118117 0.034790
0.680934 0.113584 0.113450
0.680961 0.113737 0.109736
0.667394 0.115755 0.099453
0.664805 0.114104 0.111810
0.654405 0.116141 0.102292
0.651029 0.115556 0.106701
0.640085 0.116063 0.107171
0.640841 0.115036 0.106839
0.625080 0.113596 0.109536
0.619976 0.113687 0.106745
0.604920 0.116600 0.066966
0.604514 0.112271 0.106848
0.590765 0.112269 0.108270
0.589747 0.113156 0.107020
0.575408 0.115186 0.105749
0.573441 0.116469 0.097748
0.569382 0.115915 0.105237
0.561960 0.114037 0.104585
0.548769 0.112695 0.107289
0.540786 0.113468 0.105275
0.540174 0.112543 0.106522
0.534277 0.114822 0.108718
0.528064 0.113949 0.106957
0.521792 0.114582 0.106386
0.512537 0.113086 0.107601
0.510796 0.113069 0.107350
0.513585 0.112216 0.108602
0.507712 0.112428 0.108202
0.507986 0.112362 0.109702
0.503724 0.112441 0.111619
0.504338 0.103459 0.112301
0.501655 0.091555 0.110691
0.503345 0.077186 0.111376
0.502516 0.076346 0.111378
0.505454 0.057182 0.114944
0.506974 0.052766 0.107702
0.511553 0.045417 0.110213
0.506137 0.040033 0.107600
0.506062 0.034247 0.112454
0.506550 0.026652 0.114865
0.512238 0.020771 0.113624
0.512012 0.020622 0.111625
0.507862 0.014842 0.111697
0.510291 0.013956 0.110946
0.507271 0.011826 0.108188
0.508311 0.009556 0.110346
0.507517 0.008755 0.110850
0.513540 0.009260 0.112291
0.525882 0.013152 0.108747
0.528894 0.009958 0.109327
0.538231 0.012435 0.110292
0.535467 0.008076 0.110393
0.550701 0.008430 0.111329
0.549839 0.009236 0.110327
0.559073 0.011524 0.108539
0.565202 0.009301 0.111852
0.571896 0.013764 0.099060
0.578522 0.011418 0.111980
0.590760 0.010892 0.114383
0.598404 0.013170 0.111608
0.601434 0.009401 0.112058
0.605743 0.011782 0.110040
0.613283 0.009375 0.113890
0.614193 0.011861 0.113378
0.625254 0.010077 0.112195
0.639642 0.011971 0.114279
0.649001 0.014284 0.113261
0.655163 0.012314 0.113758
0.658456 0.012255 0.114755
0.666740 0.010572 0.112578
0.673365 0.013820 0.114817
0.682248 0.013871 0.117119
0.684820 0.012989 0.116370
0.692985 0.012419 0.115880
0.697087 0.013190 0.117129
0.703599 0.011894 0.116500
0.706943 0.013524 0.117000
0.716266 0.014983 0.110344
0.715527 0.013245 0.117344
0.723783 0.013063 0.114657
0.722215 0.013091 0.113407
0.726341 0.011455 0.114548
0.722077 0.010654 0.114795
0.721878 0.001201 0.115961
0.721588 -0.008189 0.115159
0.728090 -0.009655 0.114093
0.722689 -0.016513 0.070839
0.721831 -0.022666 0.110799
0.717393 -0.028440 0.114046
0.720944 -0.035427 0.115351
0.719222 -0.037075 0.115850
0.718905 -0.042275 0.115087
0.715468 -0.045551 0.116335
0.718603 -0.051398 0.113591
0.719419 -0.052195 0.114591
0.712634 -0.057312 0.112837
0.717311 -0.071212 0.110496
0.717397 -0.075524 0.111101
0.716541 -0.076273 0.112351
0.712323 -0.075347 0.112851
0.716768 -0.081033 0.115239
0.717167 -0.088517 0.113825
0.715464 -0.088593 0.112576
0.717615 -0.090813 0.113912
0.716879 -0.091963 0.112953
0.715188 -0.091943 0.112954
0.711928 -0.092416 0.113110
0.712794 -0.093193 0.114360
0.704443 -0.094238 0.110712
0.701362 -0.092374 0.097712
0.695966 -0.093182 0.110225
0.696856 -0.092321 0.110724
0.684719 -0.088956 0.106226
0.683777 -0.090577 0.110033
0.676763 -0.088891 0.107036
0.677382 -0.091612 0.106856
0.666687 -0.091405 0.107721
0.657344 -0.086957 0.107221
0.654812 -0.089681 0.106892
0.651880 -0.088865 0.103393
0.644194 -0.090592 0.106326
0.639483 -0.088671 0.109328
0.636738 -0.089875 0.108798
0.631090 -0.089827 0.104805
0.626814 -0.090286 0.107599
0.621873 -0.089416 0.102602
0.610838 -0.090778 0.095213
0.601805 -0.088134 0.100899
0.599554 -0.087160 0.102898
0.587744 -0.087240 0.101467
0.586849 -0.088068 0.101470
0.576856 -0.086852 0.105616
0.575573 -0.086762 0.108116
0.566850 -0.087230 0.105976
0.561389 -0.085366 0.103972
0.553423 -0.087204 0.106383
0.555279 -0.087256 0.107133
0.540357 -0.087183 0.103888
0.533624 -0.087080 0.096138
0.526798 -0.087806 0.102035
0.524710 -0.087763 0.100285
0.517306 -0.087608 0.103109
0.517092 -0.086692 0.106106
0.512652 -0.088574 0.105248
0.514886 -0.086915 0.107494
0.516893 -0.086964 0.108995
0.509095 -0.087900 0.107473
0.504887 -0.087982 0.106340
0.504067 -0.087100 0.106337
0.506528 -0.087404 0.107259
0.507432 -0.088278 0.107761
0.513271 -0.086920 0.110684
0.534087 -0.089466 0.109672
0.539780 -0.088919 0.107423
0.554485 -0.088674 0.110677
0.548752 -0.089480 0.110353
0.557999 -0.089077 0.109857
0.564137 -0.088815 0.107701
0.571421 -0.089455 0.111095
0.582586 -0.089467 0.110867
0.581791 -0.088585 0.110863
0.593840 -0.090285 0.112261
0.593027 -0.089413 0.111507
0.604854 -0.088359 0.111259
0.610614 -0.088989 0.112202
0.614851 -0.088376 0.111953
0.619597 -0.088786 0.108479
0.627994 -0.089209 0.110983
0.632953 -0.090326 0.112800
0.634687 -0.090446 0.109801
0.644975 -0.090220 0.110411
0.649118 -0.089562 0.113913
0.657734 -0.090291 0.114979
0.667323 -0.090037 0.112833
0.675798 -0.088772 0.113340
0.681208 -0.088335 0.113865
0.685472 -0.087700 0.113620
0.694069 -0.088792 0.115193
0.706939 -0.088534 0.114531
0.706058 -0.089338 0.114529
0.715534 -0.088640 0.114777
0.713885 -0.088569 0.114275
0.723898 -0.089700 0.116826
0.718045 -0.090310 0.115813
0.723367 -0.089071 0.117308
0.720021 -0.088946 0.117052
0.723396 -0.086997 0.114836
0.718498 -0.085116 0.112833
0.722721 -0.081077 0.111485
0.716748 -0.068763 0.075763
0.721478 -0.065607 0.084568
0.719807 -0.064005 0.112321
0.725521 -0.063441 0.111488
0.723129 -0.060736 0.109244
0.719592 -0.048147 0.090418
0.713600 -0.041481 0.109933
0.719040 -0.038797 0.108885
0.717387 -0.037115 0.109639
0.720777 -0.033947 0.112224
0.714173 -0.026557 0.106249
0.717274 -0.021792 0.109950
0.713910 -0.013750 0.097486
0.718145 -0.012416 0.108461
0.714825 -0.008917 0.107974
0.715906 -0.000154 0.106892
0.714287 0.001321 0.109147
0.715279 0.009089 0.107688
0.716201 0.009544 0.110943
0.716500 0.013965 0.109181
0.714774 0.014189 0.107429
0.714337 0.015854 0.110419
0.713322 0.015640 0.104916
0.714343 0.016608 0.110950
0.710488 0.018130 0.097203
0.710006 0.023391 0.065337
0.699954 0.012080 0.109489
0.695147 0.013613 0.108396
0.686698 0.012043 0.107618
0.681854 0.017728 0.091248
0.680408 0.014000 0.104723
0.671460 0.017394 0.099839
0.664755 0.013748 0.092558
0.663292 0.012937 0.110894
0.658853 0.013966 0.108643
0.652931 0.013584 0.112113
0.639618 0.012352 0.093846
0.638267 0.014311 0.104185
0.635751 0.013470 0.104430
0.623703 0.017473 0.085787
0.623906 0.012582 0.111024
0.616116 0.013027 0.110024
0.611261 0.012432 0.106021
0.606426 0.014658 0.108853
0.599739 0.012398 0.104347
0.591984 0.014943 0.104669
0.592269 0.013169 0.106416
0.583263 0.014563 0.104896
0.576343 0.016901 0.104917
0.575009 0.016180 0.102166
0.560641 0.013157 0.104945
0.544426 0.012148 0.093862
0.548642 0.010034 0.106861
0.543089 0.011119 0.100361
0.536212 0.012739 0.102530
0.533151 0.010275 0.100282
0.526162 0.011898 0.105177
0.523314 0.011303 0.095430
0.520458 0.011738 0.105601
0.514046 0.012312 0.082357
0.513522 0.010618 0.107468
0.517079 0.008062 0.103967
0.509791 0.009384 0.103986
0.512555 0.009264 0.109482
0.506453 0.010058 0.103642
0.511646 0.009944 0.103884
0.508099 0.011993 0.108692
0.509413 0.011090 0.111443
0.507780 0.017457 0.112789
0.510135 0.021628 0.111019
0.507647 0.027101 0.107917
0.509759 0.031763 0.093142
0.505591 0.034264 0.110568
0.509261 0.039165 0.111540
0.506906 0.047278 0.112076
0.507559 0.058739 0.090530
0.505191 0.060252 0.102256
0.507105 0.064854 0.096485
0.506221 0.069412 0.106606
0.509129 0.071687 0.108843
0.506618 0.077669 0.106166
0.510302 0.079078 0.108156
0.505928 0.083906 0.106622
0.508896 0.086088 0.109611
0.507623 0.092893 0.106652
0.506836 0.100186 0.107849
0.509594 0.104215 0.108835
0.508720 0.105139 0.108334
0.509221 0.111448 0.106434
0.508833 0.115722 0.109696
0.508019 0.118342 0.101192
0.501143 0.128780 0.045853
0.511669 0.115635 0.111120
0.511641 0.117900 0.109955
0.517958 0.116520 0.095455
0.520420 0.119869 0.097150
0.526275 0.115217 0.109654
0.534485 0.116311 0.109045
0.534165 0.118569 0.102294
0.546248 0.115037 0.109573
0.547955 0.116669 0.109576
0.563154 0.114483 0.114920
0.562987 0.117261 0.099922
0.570169 0.116370 0.103628
0.575168 0.114050 0.111632
0.578723 0.115540 0.109762
0.581219 0.114829 0.107264
0.589721 0.114865 0.110289
0.595505 0.112297 0.110043
0.602721 0.113690 0.110883
0.605186 0.112797 0.111385
0.613348 0.112598 0.112162
0.611776 0.112774 0.109410
0.624888 0.112411 0.106640
0.628679 0.111118 0.114393
0.632618 0.113649 0.112821
0.634863 0.114320 0.100827
0.643954 0.113274 0.113450
0.648790 0.111485 0.115453
0.654424 0.112699 0.115690
0.660223 0.111870 0.115450
0.667392 0.111585 0.113136
0.671165 0.112141 0.118148
0.680012 0.112710 0.115186
0.680899 0.111924 0.114435
0.690628 0.112115 0.115132
0.691501 0.111317 0.114630
0.701434 0.112436 0.115396
0.703223 0.112177 0.104901
0.708980 0.111805 0.116697
0.717184 0.111035 0.116672
0.717276 0.111089 0.115673
0.713074 0.111828 0.116162
0.718417 0.111783 0.116082
0.716049 0.111647 0.113708
0.717471 0.109818 0.117451
0.713619 0.112679 0.116354
0.709219 0.113215 0.105090
0.703274 0.112654 0.112242
0.698364 0.112716 0.108971
0.690973 0.115767 0.096960
0.683880 0.114950 0.108656
0.671044 0.116314 0.094610
0.675752 0.114988 0.109511
0.657320 0.115547 0.100759
0.658689 0.114086 0.112007
0.641545 0.116617 0.097497
0.638189 0.114971 0.109476
0.628161 0.115618 0.103697
0.621435 0.116117 0.076427
0.616300 0.112737 0.109694
0.616127 0.114480 0.108449
0.600649 0.114764 0.106982
0.601576 0.113919 0.107482
0.592549 0.114410 0.109710
0.587222 0.115923 0.108710
0.582795 0.113396 0.106696
0.573233 0.114180 0.106368
0.572588 0.113261 0.107616
0.563272 0.114113 0.103538
0.563425 0.112388 0.104287
0.555461 0.111350 0.108564
0.550888 0.112194 0.106559
0.544707 0.112896 0.106283
0.542474 0.113614 0.108282
0.531595 0.113681 0.103861
0.533060 0.112708 0.107362
0.518955 0.114551 0.107929
0.511703 0.113128 0.106690
0.510955 0.112260 0.107191
0.508095 0.111262 0.111813
0.509516 0.111324 0.110312
0.508258 0.105210 0.111129
0.508623 0.101093 0.108138
0.506009 0.092426 0.107231
0.507068 0.089909 0.108486
0.503814 0.085666 0.108261
0.507085 0.078963 0.107525
0.503253 0.075430 0.105423
0.505675 0.071208 0.104682
0.505164 0.062320 0.108818
0.511268 0.051521 0.110845
0.507015 0.050072 0.111467
0.511057 0.042496 0.110737
0.506224 0.038869 0.111358
0.509369 0.035412 0.109866
0.508614 0.030205 0.111513
0.509068 0.023870 0.110379
0.508510 0.012775 0.110882
0.510587 0.013056 0.114628
0.508899 0.008749 0.112330
0.510255 0.008472 0.109079
0.512074 0.007929 0.112579
0.516183 0.011927 0.110558
0.518119 0.009745 0.110259
0.527290 0.011966 0.107988
0.524709 0.009673 0.106967
0.539345 0.012113 0.110688
0.538673 0.007881 0.111215
0.550606 0.012707 0.112181
0.553538 0.011012 0.112091
0.560287 0.014102 0.109320
0.562609 0.011596 0.109500
0.565140 0.010746 0.111000
0.573631 0.010135 0.113772
0.577892 0.012502 0.112510
0.581267 0.010497 0.112889
0.590648 0.014404 0.111119
0.594908 0.012436 0.111363
0.602484 0.013100 0.112606
0.605647 0.011808 0.112925
0.610687 0.011677 0.113173
0.617134 0.011152 0.113803
0.617954 0.011993 0.115050
0.624530 0.011782 0.111250
0.628600 0.012574 0.115248
0.638392 0.013189 0.113197
0.651606 0.012362 0.111582
0.650780 0.013226 0.111581
0.658660 0.013275 0.113118
0.661990 0.013207 0.113869
0.669738 0.013388 0.114045
0.680789 0.014379 0.093330
0.680384 0.014365 0.098830
0.681535 0.013434 0.117331
0.688218 0.013626 0.113912
0.689792 0.013593 0.115413
0.697685 0.014049 0.107692
0.698123 0.013156 0.112692
0.706502 0.014726 0.104807
0.706039 0.015644 0.100057
0.719733 0.014033 0.115367
0.719609 0.014013 0.116867
0.726185 0.013780 0.117210
0.721887 0.012250 0.106700
0.718948 0.003559 0.113387
0.714597 0.001034 0.115124
0.720417 -0.001645 0.115832
0.717166 -0.003340 0.113074
0.720881 -0.006714 0.115035
0.717548 -0.011805 0.113520
0.721513 -0.015732 0.114128
0.715534 -0.023318 0.115356
0.720218 -0.027616 0.114636
0.718436 -0.030899 0.117629
0.718951 -0.036614 0.113873
0.716378 -0.037404 0.115368
0.717844 -0.043086 0.114841
0.716155 -0.044793 0.114585
0.719735 -0.050243 0.116510
0.717215 -0.051153 0.115255
0.718663 -0.056711 0.114939
0.718655 -0.056660 0.115939
0.717842 -0.065336 0.114399
0.716999 -0.067837 0.115144
0.716579 -0.073855 0.113558
0.715722 -0.074819 0.111806
0.715893 -0.080472 0.112418
0.714182 -0.083986 0.110910
0.715770 -0.089412 0.113014
0.714976 -0.091683 0.116760
0.715614 -0.097228 0.111830
0.713949 -0.091988 0.113834
0.712237 -0.090345 0.113085
0.708460 -0.091287 0.110567
0.710284 -0.096821 0.118478
0.700675 -0.093079 0.110227
0.700410 -0.094215 0.108381
0.697230 -0.092293 0.112880
0.690100 -0.094870 0.110725
0.686704 -0.093176 0.110724
0.673723 -0.090752 0.107968
0.674848 -0.096168 0.112104
0.660492 -0.095251 0.109777
0.656933 -0.093610 0.108276
0.648421 -0.093762 0.105299
0.645797 -0.092932 0.104798
0.636702 -0.093998 0.102245
0.635495 -0.093937 0.106244
0.630497 -0.088866 0.107250
0.625564 -0.089938 0.107336
0.614405 -0.090983 0.104157
0.611382 -0.087628 0.106913
0.605448 -0.089705 0.104494
0.601463 -0.088903 0.106244
0.585446 -0.088545 0.102514
0.583727 -0.086870 0.102517
0.578228 -0.089312 0.100573
0.562688 -0.090646 0.102773
0.563528 -0.089798 0.102775
0.546901 -0.089834 0.102319
0.545690 -0.088214 0.104822
0.544887 -0.087389 0.105074
0.534155 -0.088067 0.102993
0.533471 -0.088922 0.103742
0.523321 -0.086733 0.104869
0.522204 -0.085874 0.103620
0.515171 -0.087913 0.105009
0.516530 -0.086209 0.103508
0.508492 -0.087823 0.104653
0.509383 -0.086998 0.104902
0.501835 -0.088626 0.104266
0.500997 -0.089455 0.104268
0.502284 -0.086837 0.106865
0.508997 -0.088510 0.107106
0.502669 -0.087408 0.106435
0.511021 -0.089097 0.106673
0.521152 -0.088054 0.108130
0.527106 -0.087974 0.103619
0.524165 -0.086502 0.090920
0.523262 -0.084623 0.084166
0.534460 -0.086472 0.106061
0.547121 -0.087490 0.109540
0.543991 -0.087169 0.108742
0.556405 -0.088160 0.110971
0.554160 -0.086985 0.109617
0.564792 -0.086723 0.110553
0.565627 -0.087555 0.111054
0.579303 -0.085152 0.108277
0.578993 -0.085424 0.107949
0.584728 -0.084699 0.109191
0.585555 -0.084779 0.108926
0.591210 -0.087239 0.108674
0.597468 -0.086986 0.109515
0.605613 -0.087444 0.111906
0.606424 -0.086640 0.111906
0.613682 -0.087476 0.111904
0.621097 -0.088502 0.109684
0.625149 -0.086104 0.110184
0.630259 -0.087418 0.110302
0.633500 -0.087418 0.110053
0.641084 -0.087879 0.111263
0.647498 -0.087949 0.112764
0.654152 -0.087051 0.111883
0.658271 -0.087788 0.109883
0.666563 -0.088154 0.113117
0.667346 -0.087366 0.113619
0.677182 -0.088679 0.112737
0.677932 -0.087910 0.113740
0.690297 -0.088488 0.114610
0.691876 -0.088497 0.115112
0.701438 -0.088045 0.112569
0.703741 -0.088906 0.114318
0.709600 -0.088474 0.114224
0.708037 -0.088459 0.113472
0.714599 -0.089963 0.114392
0.714564 -0.089985 0.114892
0.715488 -0.089905 0.114204
0.710592 -0.086745 0.114214
0.717570 -0.089139 0.115461
0.711909 -0.086778 0.114714
0.714756 -0.087069 0.115117
0.707599 -0.082805 0.108879
0.710939 -0.082181 0.113589
0.708506 -0.081377 0.112838
0.711565 -0.073966 0.111800
0.706500 -0.065930 0.111844
0.711494 -0.061470 0.111607
0.708069 -0.053133 0.109154
0.712153 -0.051414 0.109533
0.709501 -0.044417 0.112573
0.712155 -0.037533 0.111416
0.708666 -0.029390 0.111211
0.712612 -0.025123 0.110451
0.710928 -0.023494 0.110207
0.710737 -0.016416 0.112093
0.711579 -0.017212 0.112090
0.710771 -0.011266 0.111720
0.708939 -0.005956 0.108747
0.711503 -0.001166 0.108939
0.708849 0.004583 0.108712
0.711716 0.008754 0.109360
0.711746 0.008495 0.111108
0.711208 0.014819 0.111172
0.710383 0.014189 0.109667
0.710348 0.019185 0.099124
0.710550 0.016652 0.105113
0.712531 0.018077 0.110019
0.710097 0.022105 0.080280
0.705377 0.011930 0.110978
0.703927 0.018982 0.088736
0.698141 0.015900 0.111827
0.693097 0.014475 0.108561
0.687790 0.023639 0.067433
0.688912 0.019150 0.098672
0.677777 0.020072 0.094386
0.668047 0.016084 0.097363
0.662628 0.017001 0.107529
0.659984 0.014656 0.105274
0.657463 0.018146 0.108573
0.653139 0.012658 0.113068
0.649331 0.017406 0.111235
0.637080 0.016518 0.078981
0.637566 0.017410 0.106038
0.633890 0.017246 0.096789
0.622281 0.017978 0.094257
0.624091 0.017021 0.107257
0.617552 0.020424 0.096873
0.619093 0.017980 0.107629
0.617777 0.015710 0.103886
0.611197 0.016106 0.105843
0.602504 0.016257 0.110417
0.593332 0.017206 0.105715
0.590174 0.015435 0.106977
0.588978 0.014708 0.104732
0.581739 0.015272 0.105932
0.572494 0.013147 0.096453
0.564195 0.013368 0.101168
0.557470 0.012793 0.105007
0.554634 0.010994 0.108023
0.548424 0.012893 0.108381
0.544425 0.012345 0.100641
0.537733 0.012694 0.102961
0.537732 0.011702 0.107468
0.528814 0.012770 0.100651
0.529906 0.010900 0.106411
0.522181 0.011126 0.104565
0.515245 0.010853 0.103968
0.513454 0.012574 0.103459
0.514481 0.010004 0.104475
0.509562 0.011441 0.108697
0.509726 0.008988 0.105213
0.502022 0.011190 0.105049
0.504428 0.011081 0.108796
0.502076 0.011425 0.113261
0.507800 0.013133 0.107241
0.504291 0.016650 0.110458
0.509224 0.021626 0.109166
0.509962 0.029865 0.109905
0.512400 0.035747 0.108612
0.507795 0.036696 0.110095
0.510773 0.046951 0.106022
0.509365 0.052810 0.108169
0.510588 0.055129 0.110653
0.507064 0.061100 0.109186
0.509478 0.063667 0.107919
0.507485 0.070455 0.105422
0.510835 0.068976 0.112178
0.509040 0.076412 0.111804
0.509114 0.084525 0.109947
0.508230 0.085435 0.109443
0.508312 0.091675 0.106114
0.510331 0.093047 0.108857
0.506883 0.098159 0.104785
0.509052 0.097660 0.109286
0.511729 0.101728 0.110020
0.509192 0.105891 0.109598
0.510843 0.113128 0.109512
0.509792 0.116804 0.109296
0.513108 0.111637 0.109809
0.513932 0.110779 0.109811
0.516971 0.115412 0.100758
0.521125 0.112603 0.111264
0.523171 0.116853 0.101549
0.529322 0.116611 0.109927
0.529337 0.116587 0.110177
0.543939 0.113256 0.110800
0.547299 0.111396 0.112554
0.550519 0.111611 0.109307
0.558076 0.113168 0.110271
0.560593 0.112126 0.112523
0.567117 0.112721 0.113350
0.571230 0.112040 0.110855
0.577675 0.111901 0.111717
0.576034 0.113684 0.110219
0.584210 0.113847 0.113028
0.589984 0.113000 0.113036
0.596368 0.113868 0.113142
0.602144 0.111405 0.112895
0.607887 0.113177 0.111028
0.611187 0.111509 0.111279
0.617423 0.112682 0.114408
0.619861 0.113464 0.115167
0.626420 0.113077 0.111711
0.628990 0.114055 0.109722
0.638085 0.112966 0.110971
0.637253 0.113787 0.110973
0.650402 0.113687 0.108798
0.655042 0.111737 0.114050
0.661302 0.112249 0.115400
0.666407 0.110786 0.113406
0.674960 0.112004 0.114809
0.684343 0.111708 0.114681
0.684952 0.110726 0.117427
0.696231 0.111075 0.116662
0.696119 0.110995 0.117911
0.704207 0.110512 0.118687
0.705149 0.111451 0.117198
0.713394 0.109872 0.117035
0.712549 0.110670 0.117039
0.719020 0.109672 0.118178
0.719166 0.111181 0.116623
0.717296 0.110939 0.119362
0.711730 0.111739 0.116595
0.719069 0.110119 0.112069
0.714776 0.110638 0.117194
0.709900 0.112234 0.114935
0.703227 0.112570 0.114380
0.692502 0.113019 0.113083
0.695970 0.119365 0.023902
0.698869 0.115982 0.062005
0.677718 0.115342 0.101467
0.671141 0.116400 0.069941
0.663788 0.113008 0.110340
0.658699 0.112922 0.108065
0.650709 0.113954 0.107537
0.642295 0.113615 0.106745
0.637682 0.113296 0.107701
0.631693 0.112313 0.105670
0.626698 0.112756 0.108165
0.623419 0.112566 0.108902
0.614793 0.112287 0.108905
0.604492 0.112756 0.108585
0.598429 0.113429 0.107319
0.596193 0.112381 0.109311
0.588364 0.113305 0.106149
0.580614 0.113600 0.107203
0.576042 0.112753 0.104445
0.572744 0.112347 0.109273
0.568761 0.112444 0.105018
0.566638 0.113046 0.108015
0.561128 0.111996 0.108356
0.552949 0.112755 0.104848
0.548615 0.112654 0.105612
0.536362 0.114341 0.104178
0.532100 0.113386 0.103929
0.521751 0.113935 0.107172
0.520931 0.113073 0.107174
0.510437 0.114054 0.106207
0.512272 0.114062 0.106957
0.508529 0.114189 0.108852
0.511173 0.113388 0.109353
0.503584 0.114637 0.106268
0.506621 0.112072 0.108777
0.506554 0.102378 0.108477
0.511806 0.090779 0.108278
0.511654 0.092458 0.107520
0.508862 0.086307 0.110181
0.508459 0.077693 0.110441
0.508895 0.064167 0.110718
0.511207 0.058303 0.108748
0.508103 0.055690 0.111774
0.511206 0.050640 0.109549
0.508890 0.044807 0.111587
0.512263 0.039839 0.111612
0.510829 0.034411 0.111013
0.508369 0.030406 0.114845
0.510319 0.022385 0.110873
0.508798 0.013428 0.109855
0.509768 0.012683 0.111108
0.507980 0.009554 0.109313
0.511805 0.009877 0.113798
0.507208 0.005188 0.109963
0.518200 0.012634 0.109358
0.517871 0.010585 0.109636
0.532759 0.009170 0.109742
0.531043 0.010823 0.108732
0.547122 0.009761 0.112028
0.552256 0.011423 0.113740
0.558133 0.012579 0.110781
0.564001 0.011618 0.111271
0.570921 0.012044 0.110347
0.585703 0.012023 0.113595
0.590796 0.013485 0.111814
0.596748 0.011721 0.111780
0.603520 0.013200 0.111998
0.610495 0.011774 0.114074
0.621057 0.012041 0.112456
0.635245 0.011548 0.113311
0.634466 0.012399 0.112555
0.647043 0.012006 0.113045
0.645522 0.013709 0.111033
0.659627 0.012562 0.114003
0.662234 0.013312 0.113246
0.666347 0.015733 0.115727
0.686200 0.012948 0.116599
0.687912 0.014581 0.116842
0.700399 0.014701 0.116043
0.702377 0.016339 0.113539
0.712540 0.015594 0.101242
0.713007 0.015523 0.113742
0.720797 0.015387 0.106058
0.720248 0.015362 0.111558
0.728541 0.014475 0.098535
0.719790 0.011132 0.118276
0.724398 0.008567 0.117410
0.720973 0.005259 0.117153
0.721518 0.001510 0.115109
0.716116 -0.003421 0.118847
0.720781 -0.006019 0.114384
0.715531 -0.010982 0.115871
0.722674 -0.013566 0.108107
0.719785 -0.015935 0.114100
0.722733 -0.028054 0.113679
0.716563 -0.035447 0.116667
0.724064 -0.038767 0.116976
0.719871 -0.039619 0.115469
0.722147 -0.045831 0.115351
0.719123 -0.055932 0.114288
0.718264 -0.058563 0.112783
0.718063 -0.066958 0.111965
0.715453 -0.071128 0.112706
0.716802 -0.078599 0.114615
0.714249 -0.079456 0.114111
0.716935 -0.086877 0.115819
0.716084 -0.087606 0.117067
0.714379 -0.087799 0.114566
0.717876 -0.093753 0.113154
0.718486 -0.094587 0.114563
0.717627 -0.095422 0.114562
0.710985 -0.088490 0.115311
0.708806 -0.092013 0.113645
0.705360 -0.092084 0.111893
0.698697 -0.093190 0.108628
0.693713 -0.091277 0.110626
0.687232 -0.091701 0.106857
0.684815 -0.090692 0.108856
0.686160 -0.094024 0.108791
0.670987 -0.086886 0.109289
0.670811 -0.090669 0.109257
0.655906 -0.089659 0.105507
0.651806 -0.089698 0.107322
0.637045 -0.092372 0.087440
0.632478 -0.088051 0.105180
0.625259 -0.090124 0.102562
0.617353 -0.090175 0.103401
0.618577 -0.090969 0.106154
0.610300 -0.088935 0.107902
0.607341 -0.090534 0.108232
0.602512 -0.087945 0.104224
0.593106 -0.089064 0.101418
0.581833 -0.088826 0.102706
0.584235 -0.088787 0.106705
0.568404 -0.088685 0.106257
0.562024 -0.087653 0.104253
0.553012 -0.087606 0.104202
0.550037 -0.088401 0.102457
0.543965 -0.088963 0.107412
0.540369 -0.088844 0.106661
0.530601 -0.088382 0.105233
0.526987 -0.088259 0.104482
0.516259 -0.087811 0.103651
0.517616 -0.088651 0.106155
0.510800 -0.087991 0.104929
0.511116 -0.087963 0.106429
0.505655 -0.089033 0.108046
0.508218 -0.088303 0.107792
0.501972 -0.088589 0.106273
0.504277 -0.088851 0.100524
0.505166 -0.089181 0.109321
0.512244 -0.087799 0.110314
0.505347 -0.088132 0.109850
0.518582 -0.087144 0.107094
0.512909 -0.088257 0.107498
0.526259 -0.089644 0.112257
0.527291 -0.088385 0.105973
0.525507 -0.089560 0.049477
0.541479 -0.089412 0.107651
0.546588 -0.087999 0.107146
0.555135 -0.088698 0.107245
0.565430 -0.089189 0.110002
0.570645 -0.088292 0.109945
0.575806 -0.086874 0.110693
0.583661 -0.086138 0.102404
0.587147 -0.087940 0.108413
0.597851 -0.086220 0.112465
0.603630 -0.087402 0.109473
0.607061 -0.086902 0.108567
0.612111 -0.087176 0.107573
0.618897 -0.087491 0.111962
0.619778 -0.086694 0.112211
0.628488 -0.087399 0.111052
0.630170 -0.087483 0.111054
0.639174 -0.088974 0.111382
0.640090 -0.088184 0.109882
0.644792 -0.088656 0.110427
0.652195 -0.089828 0.114937
0.660883 -0.088806 0.113278
0.664420 -0.087294 0.111032
0.672521 -0.088654 0.109901
0.675840 -0.088804 0.111156
0.689795 -0.088704 0.113933
0.692358 -0.087975 0.113938
0.702800 -0.089412 0.114697
0.702873 -0.087731 0.114700
0.703570 -0.088604 0.116200
0.710108 -0.087901 0.115077
0.714605 -0.087402 0.113294
0.715314 -0.088277 0.114793
0.717695 -0.086753 0.116237
0.717757 -0.086749 0.115237
0.718598 -0.084614 0.115942
0.716402 -0.076942 0.114466
0.715556 -0.071130 0.118486
0.720165 -0.065245 0.114386
0.722444 -0.053488 0.113308
0.723065 -0.054598 0.118054
0.715359 -0.037130 0.111872
0.721510 -0.037360 0.112687
0.716705 -0.028657 0.111225
0.719545 -0.023947 0.110763
0.719696 -0.015921 0.114201
0.718885 -0.014963 0.113206
0.714830 -0.008488 0.108739
0.717435 -0.004791 0.108047
0.714947 -0.002442 0.110309
0.718135 0.004882 0.106762
0.715615 0.005604 0.108263
0.715637 0.010253 0.106075
0.714830 0.008872 0.110815
0.714014 0.012713 0.110872
0.717044 0.017434 0.109495
0.713675 0.013912 0.111216
0.713213 0.017258 0.108439
0.710365 0.017523 0.098186
0.704505 0.019476 0.079952
0.705948 0.017194 0.094191
0.695183 0.015485 0.107186
0.694349 0.016337 0.107189
0.683008 0.016145 0.100550
0.682891 0.018079 0.087811
0.671662 0.016783 0.098101
0.667503 0.015884 0.099342
0.664770 0.016863 0.111368
0.661359 0.016648 0.103115
0.656336 0.016371 0.112051
0.648824 0.015193 0.105795
0.643331 0.017963 0.105669
0.636286 0.013056 0.104406
0.634546 0.016247 0.107664
0.626785 0.013867 0.107162
0.623493 0.015728 0.107396
0.621839 0.014040 0.107894
0.611875 0.017163 0.099453
0.610247 0.014354 0.105951
0.602374 0.015219 0.107888
0.597480 0.014604 0.104139
0.590288 0.017050 0.106150
0.591129 0.016184 0.106149
0.577008 0.015131 0.107037
0.564577 0.014920 0.100355
0.563835 0.014059 0.101105
0.561376 0.013461 0.092607
0.553616 0.013563 0.104692
0.551956 0.010954 0.109696
0.539319 0.011400 0.101097
0.532123 0.012144 0.104506
0.530727 0.013072 0.101756
0.527581 0.011523 0.095010
0.521877 0.012225 0.102225
0.520310 0.010622 0.094730
0.516264 0.011778 0.103529
0.519086 0.009964 0.109280
0.512760 0.011589 0.108292
0.514183 0.009862 0.107045
0.508205 0.010215 0.109092
0.511901 0.008422 0.110843
0.504664 0.010434 0.107618
0.509348 0.013699 0.104604
0.505454 0.016327 0.108894
0.509344 0.019557 0.111132
0.504554 0.024362 0.110660
0.505969 0.026038 0.108654
0.503436 0.034342 0.105595
0.509276 0.037395 0.109579
0.507078 0.044786 0.108698
0.508959 0.048069 0.109184
0.505446 0.053435 0.109262
0.508486 0.057396 0.111742
0.504049 0.062957 0.109700
0.509507 0.067690 0.111173
0.504119 0.071634 0.109744
0.509347 0.074759 0.109977
0.503730 0.079107 0.108435
0.507307 0.082286 0.108918
0.506166 0.087681 0.110624
0.508516 0.088547 0.108869
0.509019 0.096160 0.109133
0.510146 0.100236 0.110114
0.508839 0.109584 0.107484
0.509554 0.110538 0.105979
0.506921 0.115508 0.105726
0.509521 0.116107 0.098223
0.507210 0.120409 0.098087
0.515590 0.116637 0.097850
0.518711 0.118799 0.105582
0.520351 0.118817 0.095083
0.522605 0.120386 0.091241
0.538140 0.113886 0.110765
0.537054 0.118152 0.109819
0.549467 0.113453 0.110337
0.554412 0.114795 0.112483
0.560171 0.113888 0.110742
0.564349 0.117946 0.096934
0.568693 0.114274 0.110937
0.571867 0.117569 0.110561
0.576822 0.115771 0.110318
0.587819 0.116075 0.112093
0.591082 0.114209 0.113845
0.601447 0.116083 0.110807
0.604723 0.114288 0.111560
0.613175 0.115181 0.108478
0.616477 0.113423 0.108730
0.620315 0.115546 0.108801
0.626069 0.112857 0.110055
0.628473 0.113502 0.112564
0.636580 0.113698 0.110576
0.644464 0.113541 0.112613
0.644504 0.115222 0.112371
0.658099 0.113354 0.113905
0.659606 0.111565 0.115900
0.668373 0.113133 0.113981
0.670094 0.113163 0.113237
0.673251 0.113013 0.115496
0.680254 0.113524 0.112504
0.689087 0.112773 0.116161
0.695646 0.112719 0.117185
0.704586 0.111451 0.117342
0.706465 0.111581 0.115100
0.713922 0.113632 0.101216
0.721476 0.114969 0.082698
0.718175 0.112593 0.109166
0.714840 0.111213 0.118390
0.719284 0.112130 0.118114
0.710734 0.114853 0.097597
0.718876 0.114191 0.098657
0.710312 0.112382 0.113102
0.716053 0.112071 0.105291
0.702365 0.113354 0.107987
0.704670 0.111637 0.115332
0.699152 0.114807 0.101829
0.693573 0.113688 0.095419
0.679876 0.114097 0.113109
0.678245 0.115047 0.103912
0.679138 0.114105 0.105910
0.658872 0.116302 0.095701
0.654887 0.115002 0.101927
0.652480 0.114181 0.109358
0.637150 0.113937 0.111176
0.638705 0.115542 0.097940
0.630178 0.113904 0.108648
0.626668 0.115932 0.109747
0.622384 0.115030 0.108980
0.616061 0.115425 0.107321
0.611042 0.115277 0.108057
0.603922 0.115267 0.109328
0.600328 0.115281 0.107569
0.594087 0.114664 0.107553
0.588860 0.114605 0.106541
0.581215 0.114917 0.109089
0.575046 0.114041 0.107328
0.570196 0.114411 0.107067
0.569033 0.114214 0.110816
0.563646 0.114221 0.108811
0.548509 0.114339 0.105188
0.544281 0.114497 0.100435
0.540907 0.114057 0.107262
0.532201 0.114946 0.103533
0.532430 0.113836 0.109786
0.525391 0.114839 0.105291
0.525282 0.113819 0.109543
0.517415 0.113806 0.108462
0.518360 0.112947 0.108964
0.511376 0.114561 0.109392
0.512232 0.113719 0.109394
0.507031 0.114592 0.109843
0.508011 0.113723 0.110595
0.506288 0.112999 0.107068
0.507874 0.110330 0.111576
0.503725 0.099990 0.109102
0.505327 0.090734 0.103136
0.507982 0.085676 0.109402
0.508307 0.077368 0.113570
0.506919 0.078145 0.109819
0.492296 0.072083 0.032799
0.505597 0.060443 0.110927
0.504814 0.059626 0.111431
0.507708 0.046333 0.113470
0.507630 0.047969 0.112714
0.509671 0.037350 0.113984
0.510306 0.034734 0.112494
0.511741 0.032909 0.110499
0.509612 0.027547 0.112365
0.509578 0.029193 0.111858
0.507978 0.022082 0.111541
0.510447 0.017849 0.111555
0.507656 0.007576 0.112527
0.506777 0.008391 0.112025
0.509426 0.009276 0.113016
0.507817 0.005900 0.114366
0.516009 0.012189 0.110068
0.512936 0.008690 0.110675
0.522188 0.012604 0.108634
0.519629 0.009177 0.108061
0.528318 0.010820 0.110530
0.536286 0.010349 0.112891
0.542247 0.011088 0.113872
0.550141 0.011165 0.109667
0.557242 0.010545 0.113333
0.565749 0.013616 0.112547
0.569799 0.012218 0.110037
0.578300 0.013745 0.113261
0.585594 0.015049 0.110609
0.588947 0.014992 0.112603
0.599670 0.014261 0.113352
0.603718 0.012274 0.109524
0.612140 0.013742 0.112502
0.614852 0.016125 0.109985
0.622270 0.013712 0.114137
0.631726 0.012767 0.112526
0.630957 0.013619 0.111524
0.638678 0.015892 0.111011
0.645514 0.013401 0.111533
0.656698 0.013654 0.113720
0.657569 0.014471 0.113717
0.659275 0.014416 0.113467
0.669541 0.014553 0.113166
0.672687 0.014481 0.116166
0.679408 0.015850 0.104957
0.690049 0.014642 0.111234
0.690346 0.013809 0.117485
0.699980 0.014277 0.117469
0.701163 0.015949 0.104470
0.706662 0.015934 0.116434
0.706944 0.015937 0.113184
0.715713 0.015756 0.116839
0.714995 0.016622 0.115589
0.722174 0.014840 0.109386
0.718976 0.014023 0.116881
0.722628 0.012324 0.113551
0.722456 0.013212 0.104802
0.721281 0.006361 0.095698
0.725708 0.006027 0.025207
0.720519 0.000245 0.114172
0.719567 -0.010266 0.113742
0.720473 -0.009452 0.112745
0.721695 -0.015524 0.102835
0.716133 -0.021987 0.112565
0.718712 -0.026770 0.114703
0.715248 -0.031809 0.114689
0.722584 -0.038228 0.079792
0.719273 -0.045375 0.114353
0.715875 -0.047141 0.112346
0.717340 -0.052019 0.111490
0.715578 -0.055148 0.115483
0.716705 -0.060107 0.112877
0.714984 -0.061771 0.113122
0.714187 -0.069116 0.111608
0.715892 -0.070545 0.115609
0.714577 -0.076115 0.111538
0.713736 -0.076843 0.113036
0.714159 -0.082659 0.113052
0.714146 -0.082717 0.112301
0.713425 -0.092022 0.116545
0.709166 -0.091272 0.114790
0.711352 -0.093085 0.113906
0.708006 -0.089669 0.113656
0.707392 -0.091172 0.117543
0.699502 -0.087374 0.109543
0.697904 -0.090187 0.108759
0.694355 -0.088610 0.105759
0.687794 -0.089604 0.106646
0.681726 -0.089125 0.101238
0.681548 -0.089498 0.110239
0.671241 -0.089764 0.105020
0.664424 -0.087883 0.105022
0.659161 -0.088626 0.105314
0.656904 -0.088798 0.100317
0.645236 -0.090595 0.099443
0.641924 -0.089910 0.093445
0.638881 -0.090466 0.106061
0.630461 -0.088412 0.087316
0.630292 -0.088488 0.105567
0.625682 -0.089433 0.104679
0.619572 -0.088887 0.091935
0.612085 -0.089699 0.089272
0.611867 -0.087562 0.099012
0.604688 -0.087922 0.099480
0.605766 -0.087701 0.106477
0.595373 -0.088587 0.108431
0.591447 -0.086835 0.104927
0.585366 -0.087225 0.104386
0.581016 -0.087888 0.104396
0.574175 -0.087902 0.103441
0.569543 -0.086900 0.101440
0.561853 -0.086449 0.105594
0.548067 -0.086944 0.095211
0.550358 -0.087662 0.102964
0.546869 -0.088194 0.107469
0.541339 -0.089521 0.107466
0.534666 -0.088463 0.103961
0.528056 -0.088190 0.103261
0.515818 -0.088730 0.101340
0.515973 -0.088714 0.102090
0.510421 -0.088680 0.105887
0.516870 -0.088075 0.107890
0.510039 -0.087254 0.107528
0.513699 -0.087387 0.108781
0.509894 -0.088426 0.109142
0.516817 -0.085552 0.099146
