0.505138 -0.093289 0.018660
0.502711 -0.093967 0.019207
0.504096 -0.093079 0.018540
0.503173 -0.093716 0.017807
0.504722 -0.093012 0.019127
0.502565 -0.093941 0.019371
0.505336 -0.092144 0.018270
0.505303 -0.094445 0.018400
0.505492 -0.093193 0.017244
0.505295 -0.093071 0.018777
0.505076 -0.094277 0.019438
0.505176 -0.093767 0.019376
0.506555 -0.092851 0.018940
0.504981 -0.093295 0.018939
0.506356 -0.092370 0.018500
0.505379 -0.092851 0.019607
0.507985 -0.092272 0.020395
0.506302 -0.093870 0.020367
0.506529 -0.092703 0.020189
0.506309 -0.093101 0.018170
0.507701 -0.092182 0.018222
0.508025 -0.092688 0.018547
0.509409 -0.091758 0.018597
0.510186 -0.092168 0.019058
0.512723 -0.091449 0.019090
0.514848 -0.092042 0.019449
0.516008 -0.092254 0.019434
0.518707 -0.091598 0.020143
0.523735 -0.090067 0.019705
0.526076 -0.090513 0.020175
0.530426 -0.089898 0.020226
0.533835 -0.090337 0.020469
0.539772 -0.091033 0.020628
0.541085 -0.089961 0.019171
0.543421 -0.090349 0.019395
0.547176 -0.091005 0.019883
0.548513 -0.089989 0.019422
0.552909 -0.090483 0.020347
0.554084 -0.090700 0.021083
0.560256 -0.089902 0.019266
0.561424 -0.090071 0.019254
0.565776 -0.090266 0.021979
0.566939 -0.090364 0.020720
0.571737 -0.089433 0.021520
0.572738 -0.090776 0.021721
0.577856 -0.089519 0.019953
0.579020 -0.089718 0.020694
0.582927 -0.089657 0.021537
0.582928 -0.089646 0.021287
0.588078 -0.089606 0.020706
0.591572 -0.090126 0.021685
0.595730 -0.090095 0.020731
0.595723 -0.090116 0.021231
0.601279 -0.090140 0.020292
0.606443 -0.090032 0.020297
0.607614 -0.090183 0.020290
0.613597 -0.090239 0.021598
0.621676 -0.090274 0.021125
0.622691 -0.091601 0.021349
0.625015 -0.091913 0.021839
0.632527 -0.092030 0.021130
0.633540 -0.093357 0.021357
0.640789 -0.092554 0.021028
0.641960 -0.092702 0.021024
0.647636 -0.092629 0.020980
0.647605 -0.092648 0.021730
0.653201 -0.092682 0.021839
0.654371 -0.092830 0.021836
0.659299 -0.092547 0.020221
0.659236 -0.092580 0.021721
0.666112 -0.091701 0.020119
0.667262 -0.091863 0.020617
0.674213 -0.093168 0.022465
0.675480 -0.093287 0.020465
0.681129 -0.093670 0.020187
0.682276 -0.093834 0.020687
0.688542 -0.093895 0.020445
0.695705 -0.094090 0.021221
0.695607 -0.095249 0.019970
0.702264 -0.095698 0.019154
0.702354 -0.094536 0.020651
0.708327 -0.095896 0.022304
0.708437 -0.095888 0.020304
0.713691 -0.096915 0.020420
0.708980 -0.096209 0.021152
0.712425 -0.096990 0.020484
0.707795 -0.096278 0.019218
0.714695 -0.096711 0.019298
0.710026 -0.096007 0.018785
0.708218 -0.092137 0.018518
0.711849 -0.085823 0.019303
0.708399 -0.076900 0.018526
0.707213 -0.071040 0.020474
0.705495 -0.065903 0.019361
0.710727 -0.063765 0.019776
0.706574 -0.059508 0.019008
0.704409 -0.057984 0.019000
0.709109 -0.055283 0.018095
0.703631 -0.052108 0.019315
0.703771 -0.045674 0.018334
0.706062 -0.043076 0.018320
0.704904 -0.042908 0.018810
0.706730 -0.040657 0.017156
0.705784 -0.039327 0.017881
0.706232 -0.033283 0.017818
0.704104 -0.031644 0.017024
0.704390 -0.024354 0.017346
0.703262 -0.024223 0.018585
0.703419 -0.016707 0.018211
0.703646 -0.015565 0.018444
0.704579 -0.010473 0.018501
0.703658 -0.009105 0.018719
0.705098 -0.004899 0.018026
0.705128 -0.004977 0.019027
0.706879 -0.000691 0.018613
0.704577 -0.000207 0.018582
0.705847 0.004056 0.017910
0.707180 0.007293 0.018555
0.705791 0.006373 0.018811
0.706700 0.009243 0.019269
0.706448 0.008094 0.019290
0.704670 0.011779 0.018648
0.704136 0.009516 0.018191
0.702402 0.010787 0.018540
0.700697 0.008802 0.017818
0.696582 0.011735 0.018369
0.696019 0.009471 0.017913
0.690937 0.009031 0.018083
0.689473 0.008199 0.017342
0.686286 0.011219 0.016625
0.682067 0.008586 0.017405
0.682073 0.011930 0.017766
0.672376 0.007034 0.017809
0.669438 0.010826 0.018292
0.669005 0.009752 0.016558
0.660311 0.006725 0.016557
0.661673 0.007617 0.015800
0.654533 0.008454 0.015467
0.651492 0.005528 0.016489
0.648380 0.003858 0.014247
0.643600 0.005931 0.016316
0.638101 0.005361 0.016318
0.636650 0.005719 0.013813
0.632628 0.006866 0.013986
0.631348 0.005934 0.015236
0.626292 0.007136 0.015794
0.624712 0.006288 0.014543
0.622090 0.005666 0.014290
0.616618 0.006929 0.016726
0.610672 0.006626 0.016049
0.609084 0.005769 0.014797
0.603014 0.006761 0.016063
0.602980 0.006770 0.015813
0.596825 0.006516 0.015437
0.596894 0.006498 0.015937
0.591455 0.005889 0.015530
0.583221 0.007002 0.015422
0.576235 0.006475 0.014582
0.575213 0.006678 0.015586
0.567420 0.006444 0.014639
0.561386 0.005612 0.014205
0.560250 0.005835 0.014459
0.554686 0.006076 0.013743
0.551235 0.006740 0.014259
0.545250 0.006824 0.014168
0.545069 0.005646 0.014404
0.538046 0.005973 0.014360
0.538087 0.005965 0.014610
0.529360 0.005512 0.014028
0.520397 0.005842 0.013563
0.513914 0.005621 0.014980
0.513943 0.006832 0.014001
0.514144 0.008006 0.014020
0.507928 0.007921 0.013433
0.508100 0.007882 0.014432
0.500604 0.008117 0.015128
0.497499 0.008671 0.015328
0.497731 0.009835 0.015597
0.498367 0.007334 0.014552
0.496152 0.010573 0.015046
0.497305 0.009172 0.016020
0.497904 0.012131 0.015963
0.498196 0.016086 0.016330
0.499375 0.015903 0.016323
0.494300 0.018340 0.016783
0.498782 0.023642 0.017350
0.496503 0.028003 0.016358
0.499023 0.027584 0.017588
0.497094 0.037202 0.018453
0.499542 0.036822 0.019180
0.496981 0.042669 0.019142
0.499251 0.042427 0.018370
0.496096 0.048517 0.019201
0.498201 0.047135 0.018153
0.495957 0.052994 0.018808
0.497167 0.054127 0.017825
0.496371 0.059866 0.017908
0.500325 0.062998 0.017949
0.497541 0.070569 0.018783
0.498724 0.070432 0.018773
0.497486 0.075628 0.018890
0.496172 0.079221 0.018774
0.498646 0.080164 0.018528
0.496892 0.084648 0.020143
0.497943 0.084678 0.018638
0.498808 0.091553 0.019266
0.497152 0.096228 0.019631
0.498401 0.097364 0.018891
0.498238 0.102207 0.018911
0.499364 0.102159 0.018157
0.500621 0.101913 0.019150
0.500933 0.106616 0.019165
0.502132 0.106453 0.019412
0.501516 0.111811 0.019851
0.502319 0.115985 0.018986
0.502491 0.117111 0.019489
0.502355 0.121480 0.018952
0.502338 0.120069 0.021205
0.502200 0.123111 0.018898
0.502039 0.121934 0.018904
0.502338 0.125119 0.020806
0.504239 0.122575 0.019102
0.505717 0.125192 0.018569
0.506701 0.123832 0.018601
0.507859 0.126149 0.018956
0.509812 0.123378 0.019535
0.510787 0.121994 0.019825
0.513038 0.125659 0.018310
0.517114 0.125667 0.018613
0.519197 0.124042 0.018698
0.522615 0.125815 0.018387
0.529030 0.121965 0.019653
0.533917 0.123707 0.019648
0.534786 0.122289 0.019735
0.540055 0.123560 0.019007
0.544022 0.120101 0.018293
0.549227 0.121104 0.019733
0.552581 0.122654 0.020026
0.554152 0.119691 0.019047
0.559448 0.121945 0.018805
0.561161 0.120192 0.021779
0.566479 0.121450 0.018741
0.568097 0.119705 0.021989
0.572841 0.119867 0.021097
0.573510 0.118292 0.020544
0.574574 0.117865 0.020883
0.578924 0.118682 0.020728
0.582927 0.118452 0.020615
0.582880 0.118524 0.021361
0.588570 0.117009 0.020800
0.593187 0.115939 0.020918
0.593218 0.115882 0.020422
0.598856 0.115441 0.022816
0.597868 0.116055 0.022691
0.598964 0.115232 0.021081
0.605913 0.115220 0.021011
0.610841 0.115066 0.021652
0.611843 0.114301 0.021040
0.617149 0.113959 0.021050
0.618119 0.113198 0.020688
0.623516 0.113832 0.020709
0.629735 0.112818 0.021012
0.629703 0.112879 0.021507
0.634821 0.112614 0.021151
0.634131 0.111575 0.020018
0.633235 0.112333 0.019888
0.638718 0.112164 0.019839
0.644720 0.111246 0.020856
0.644752 0.111191 0.020359
0.650206 0.110965 0.021540
0.652747 0.111782 0.020492
0.654297 0.112024 0.022264
0.659602 0.111590 0.020974
0.659585 0.111614 0.021223
0.667055 0.111413 0.021475
0.674180 0.111493 0.022722
0.678523 0.111108 0.022512
0.680973 0.112002 0.023232
0.685013 0.111541 0.022895
0.685853 0.112368 0.022837
0.691224 0.111253 0.022754
0.691259 0.111220 0.022256
0.697217 0.110610 0.020959
0.697163 0.110656 0.021707
0.704860 0.110441 0.023396
0.704118 0.111237 0.022317
0.708212 0.111059 0.022138
0.708967 0.111944 0.023595
0.715337 0.111724 0.023250
0.715355 0.111713 0.023000
0.721317 0.111351 0.021828
0.720466 0.110534 0.021610
0.724908 0.110391 0.022469
0.722494 0.111285 0.021369
0.726402 0.111369 0.021578
0.723810 0.110656 0.022316
0.729505 0.110489 0.022726
0.720294 0.110023 0.021823
0.721947 0.109966 0.022358
0.716212 0.109382 0.020335
0.707463 0.109817 0.019767
0.700238 0.110965 0.019711
0.699359 0.110171 0.019975
0.696772 0.110342 0.019609
0.693408 0.110501 0.019299
0.690133 0.109455 0.020330
0.684217 0.110561 0.017955
0.681656 0.110875 0.017395
0.679086 0.110155 0.017374
0.676766 0.109587 0.018448
0.672582 0.110629 0.018118
0.669694 0.110429 0.017998
0.665539 0.109785 0.019454
0.661627 0.109250 0.017118
0.658251 0.109410 0.017074
0.654873 0.109570 0.017030
0.648671 0.109298 0.017087
0.646130 0.110262 0.016546
0.639365 0.110128 0.017160
0.633584 0.110075 0.017695
0.630932 0.111049 0.016159
0.630932 0.111049 0.016159
0.624704 0.110607 0.016916
0.619366 0.110508 0.016375
0.617701 0.110589 0.016610
0.612812 0.110095 0.016591
0.611865 0.109298 0.016089
0.605469 0.109671 0.016295
0.602792 0.108959 0.015529
0.597649 0.110482 0.015531
0.588318 0.110114 0.016198
0.584337 0.109817 0.016240
0.577231 0.110182 0.013948
0.576547 0.109367 0.015447
0.568391 0.110712 0.015169
0.569270 0.109819 0.015676
0.560540 0.110271 0.015284
0.560802 0.110256 0.017036
0.552773 0.110789 0.014527
0.552811 0.110787 0.014778
0.546139 0.110466 0.015428
0.537939 0.110948 0.015027
0.537201 0.110140 0.016026
0.536276 0.111035 0.015271
0.526542 0.112016 0.014233
0.520097 0.112467 0.015419
0.519034 0.111676 0.014418
0.513061 0.113838 0.014174
0.507383 0.113437 0.014299
0.512577 0.113166 0.014815
0.506967 0.113330 0.015200
0.512775 0.113905 0.013972
0.508419 0.113630 0.014632
0.509233 0.112750 0.014632
0.508805 0.110624 0.014695
0.510712 0.107167 0.017180
0.506301 0.104890 0.015159
0.512255 0.100502 0.016403
0.510596 0.093343 0.017904
0.512878 0.092438 0.015909
0.508615 0.089315 0.015861
0.514745 0.083411 0.018809
0.511575 0.079112 0.015487
0.512462 0.078280 0.015977
0.509974 0.075418 0.016565
0.512525 0.074616 0.016825
0.510841 0.070012 0.016992
0.513455 0.067581 0.017443
0.512604 0.063509 0.017087
0.513686 0.061084 0.019000
0.512157 0.058599 0.018356
0.513860 0.057030 0.017304
0.510380 0.055147 0.015630
0.514617 0.047195 0.018974
0.513110 0.038907 0.017893
0.514431 0.034898 0.018632
0.513291 0.030884 0.017516
0.513608 0.029278 0.019395
0.513573 0.029264 0.018640
0.512970 0.025579 0.019084
0.513909 0.019966 0.017584
0.513691 0.015133 0.017927
0.513760 0.015127 0.019437
0.513490 0.008031 0.019163
0.511780 0.014440 0.018122
0.513031 0.016427 0.019379
0.512167 0.016196 0.018445
0.513304 0.018240 0.018449
0.517280 0.017780 0.017881
0.518356 0.017204 0.018571
0.521223 0.013016 0.019803
0.523290 0.017226 0.019574
0.527053 0.015409 0.020234
0.530649 0.012286 0.022076
0.536183 0.016301 0.020542
0.538426 0.013899 0.020002
0.539966 0.014523 0.020071
0.543552 0.009582 0.019285
0.545107 0.010172 0.020353
0.549469 0.006782 0.020927
0.549858 0.007955 0.019807
0.552476 0.005131 0.020133
0.555890 0.007614 0.020895
0.560279 0.006762 0.019305
0.561801 0.007357 0.021368
0.568798 0.007408 0.020442
0.568046 0.008902 0.020367
0.572739 0.006536 0.019681
0.574932 0.009417 0.021717
0.579847 0.008656 0.019932
0.581317 0.009366 0.020989
0.585730 0.008919 0.020563
0.593534 0.008724 0.021944
0.592409 0.009083 0.021489
0.598062 0.007482 0.020275
0.599822 0.009347 0.021663
0.604678 0.009657 0.019445
0.606437 0.011565 0.020325
0.611371 0.009735 0.020785
0.611993 0.011991 0.021189
0.617925 0.010073 0.020606
0.618232 0.011196 0.020926
0.624437 0.011779 0.020236
0.624408 0.011729 0.021235
0.630994 0.010783 0.020116
0.631244 0.011831 0.022167
0.636498 0.011649 0.020856
0.637622 0.011315 0.021094
0.643307 0.009764 0.020609
0.643997 0.012040 0.020174
0.649479 0.011625 0.020926
0.650569 0.011266 0.021681
0.656935 0.010877 0.019930
0.657295 0.012000 0.019939
0.664160 0.010379 0.019576
0.664464 0.011502 0.020821
0.671941 0.009605 0.020727
0.670170 0.011490 0.019890
0.676925 0.009923 0.020924
0.677971 0.009531 0.021720
0.684213 0.008022 0.021482
0.684747 0.009055 0.020193
0.684653 0.009111 0.021439
0.692394 0.009766 0.021110
0.693472 0.009304 0.021181
0.700946 0.008424 0.022566
0.707742 0.007920 0.023026
0.705254 0.007756 0.021427
0.710951 0.006647 0.022395
0.707369 0.007093 0.021183
0.707884 0.008159 0.021348
0.709461 0.006435 0.021824
0.707333 0.004895 0.021648
0.706953 0.003017 0.020394
0.707496 0.004095 0.020793
0.710410 0.000763 0.021096
0.710460 0.000669 0.020354
0.711181 -0.002763 0.020551
0.710179 -0.002155 0.020423
0.710255 -0.010900 0.020427
0.711872 -0.010502 0.020699
0.713689 -0.017651 0.019867
0.709763 -0.019347 0.019676
0.714279 -0.019892 0.019145
0.712990 -0.022086 0.017885
0.711976 -0.027544 0.019825
0.711302 -0.028593 0.019441
0.712811 -0.033107 0.019539
0.717451 -0.032986 0.018182
0.712202 -0.038088 0.017928
0.709329 -0.041969 0.017852
0.711213 -0.047451 0.016692
0.711669 -0.057997 0.017236
0.712412 -0.057062 0.017140
0.712567 -0.064243 0.018150
0.715993 -0.067162 0.017601
0.714032 -0.073592 0.016806
0.713749 -0.079149 0.016587
0.714873 -0.084858 0.014661
0.713474 -0.088005 0.016719
0.717373 -0.091146 0.016711
0.715723 -0.090818 0.018875
0.717005 -0.093484 0.016019
0.711859 -0.091948 0.016923
0.708553 -0.095143 0.016711
0.704260 -0.094766 0.015751
0.705306 -0.096650 0.015429
0.701873 -0.095059 0.016168
0.706300 -0.097544 0.014595
0.695132 -0.094082 0.014897
0.694294 -0.093157 0.015805
0.690695 -0.093862 0.014844
0.693530 -0.096904 0.013753
0.691041 -0.094239 0.016795
0.681818 -0.094702 0.013463
0.678593 -0.094920 0.014567
0.676416 -0.098417 0.014552
0.664751 -0.098000 0.015482
0.658768 -0.102207 0.015352
0.658623 -0.100521 0.015855
0.654133 -0.104569 0.013542
0.654058 -0.102853 0.014829
0.648784 -0.105204 0.015064
0.644970 -0.104198 0.013144
0.645653 -0.109700 0.012122
0.631281 -0.099837 0.013878
0.632382 -0.097908 0.012539
0.624894 -0.101494 0.013328
0.624689 -0.101487 0.012062
0.614826 -0.101194 0.012879
0.612099 -0.107123 0.012855
0.606366 -0.099989 0.011769
0.608078 -0.099571 0.012406
0.601383 -0.099761 0.012716
0.595768 -0.095358 0.012673
0.598488 -0.092767 0.013642
0.592417 -0.095405 0.011850
0.591373 -0.094955 0.012120
0.585263 -0.097049 0.012592
0.586260 -0.094950 0.013448
0.577840 -0.096641 0.013577
0.577288 -0.093868 0.012468
0.569511 -0.094559 0.012574
0.561660 -0.097124 0.013140
0.563287 -0.095083 0.012239
0.563267 -0.091419 0.013077
0.555580 -0.093027 0.013081
0.557349 -0.091068 0.013178
0.549225 -0.092419 0.013359
0.548321 -0.090954 0.013323
0.540643 -0.091569 0.012321
0.541485 -0.089495 0.014176
0.532373 -0.092587 0.012764
0.533897 -0.091756 0.013414
0.526531 -0.093144 0.014767
0.529495 -0.088759 0.013678
0.522408 -0.090293 0.014063
0.522483 -0.089035 0.013488
0.515370 -0.089751 0.014216
0.508592 -0.092134 0.015669
0.509996 -0.089887 0.015217
0.510220 -0.088755 0.015622
0.502546 -0.091188 0.015404
0.506525 -0.089399 0.016140
0.499851 -0.090683 0.016021
0.504728 -0.088822 0.015236
0.498992 -0.089700 0.015643
0.500180 -0.089838 0.015626
0.496909 -0.089621 0.015391
0.499417 -0.088704 0.015485
0.497235 -0.089613 0.016418
0.500917 -0.088801 0.016494
0.493561 -0.090009 0.016618
0.500688 -0.089438 0.015906
0.497664 -0.089517 0.015669
0.499022 -0.089735 0.016902
0.497294 -0.089732 0.016268
0.499802 -0.088779 0.016593
0.500194 -0.090047 0.017636
0.502690 -0.089090 0.017956
0.508112 -0.089495 0.017772
0.510548 -0.088494 0.017588
0.511523 -0.089376 0.016322
0.517596 -0.088717 0.017111
0.518965 -0.088346 0.018139
0.524863 -0.088799 0.018112
0.524971 -0.087638 0.018429
0.532376 -0.088766 0.019158
0.531496 -0.088982 0.018044
0.539789 -0.089668 0.019022
0.539771 -0.088606 0.019181
0.544484 -0.088990 0.019426
0.547446 -0.089541 0.021450
0.552168 -0.088645 0.018994
0.553362 -0.088772 0.019744
0.558837 -0.089436 0.020237
0.558943 -0.088281 0.020773
0.564272 -0.088641 0.020607
0.569841 -0.089017 0.018897
0.572301 -0.088105 0.020678
0.574888 -0.088225 0.020486
0.577232 -0.088469 0.021247
0.582615 -0.087627 0.021184
0.583782 -0.087758 0.021692
0.583798 -0.087728 0.020193
0.591713 -0.088460 0.019610
0.595149 -0.087260 0.019835
0.597318 -0.088722 0.021606
0.600318 -0.088698 0.021934
0.600358 -0.088688 0.020185
0.604203 -0.088707 0.020443
0.606525 -0.089013 0.021222
0.611954 -0.088132 0.020704
0.614307 -0.088457 0.020235
0.620738 -0.088790 0.020969
0.624404 -0.088136 0.021257
0.628556 -0.089460 0.020721
0.632079 -0.090014 0.020278
0.638995 -0.089313 0.021323
0.641379 -0.089711 0.020365
0.645773 -0.089825 0.019689
0.647046 -0.088836 0.021435
0.653545 -0.089234 0.019915
0.652353 -0.089016 0.020393
0.659497 -0.089411 0.020136
0.660617 -0.089616 0.020909
0.667583 -0.088867 0.020968
0.669890 -0.089315 0.021265
0.674699 -0.089221 0.021361
0.676984 -0.089681 0.021909
0.684058 -0.090400 0.020337
0.684041 -0.090394 0.020587
0.690184 -0.092015 0.019829
0.690407 -0.090845 0.020295
0.693894 -0.091735 0.020733
0.693861 -0.091721 0.021233
0.698960 -0.092818 0.020433
0.698702 -0.093978 0.020217
0.702531 -0.093841 0.019858
0.708910 -0.094272 0.018883
0.712300 -0.093608 0.019944
0.709664 -0.094173 0.020918
0.707353 -0.093608 0.021114
0.707417 -0.092055 0.020166
0.708578 -0.092338 0.019940
0.709244 -0.088691 0.019281
0.704852 -0.081540 0.019578
0.708919 -0.079707 0.018251
0.706608 -0.079162 0.018219
0.710533 -0.078436 0.020447
0.705835 -0.072481 0.020090
0.708751 -0.070010 0.019813
0.706445 -0.069461 0.018794
0.705719 -0.063822 0.018165
0.704562 -0.063591 0.018909
0.703920 -0.061024 0.019146
0.704906 -0.057329 0.018406
0.704999 -0.051297 0.018911
0.704341 -0.048707 0.018658
0.704085 -0.049856 0.018408
0.705395 -0.043555 0.018700
0.707768 -0.040874 0.018952
0.708022 -0.039727 0.019204
0.706034 -0.033329 0.019035
0.706028 -0.033312 0.018785
0.707874 -0.030562 0.018782
0.706298 -0.026636 0.019550
0.707665 -0.019867 0.019114
0.706501 -0.019627 0.019116
0.706932 -0.015322 0.018593
0.704610 -0.014869 0.018847
0.707243 -0.010606 0.017506
0.704693 -0.011349 0.018002
0.705902 -0.006765 0.018510
0.706115 -0.005551 0.018020
0.705757 -0.001632 0.017112
0.706006 -0.000506 0.017620
0.707309 0.005163 0.018765
0.704758 0.004434 0.019011
0.706733 0.006930 0.018784
0.705042 0.004960 0.017273
0.705472 0.004623 0.017976
0.704071 0.003692 0.017971
0.700804 0.004181 0.018001
0.700792 0.004199 0.017751
0.699166 0.007589 0.018546
0.693983 0.006298 0.017788
0.695479 0.009303 0.017576
0.690249 0.008062 0.016319
0.684486 0.007103 0.017121
0.682159 0.007621 0.017111
0.679700 0.008614 0.017187
0.675668 0.007107 0.016945
0.674500 0.009982 0.016889
0.670248 0.007308 0.017415
0.663114 0.008909 0.016630
0.663623 0.006348 0.015674
0.657705 0.008861 0.016270
0.656260 0.007993 0.016281
0.655283 0.010565 0.016171
0.649532 0.007118 0.016720
0.642920 0.007437 0.015279
0.640330 0.006887 0.015530
0.635619 0.009537 0.016568
0.631134 0.007041 0.015861
0.622594 0.006347 0.014928
0.621119 0.005519 0.014944
0.612138 0.006322 0.014324
0.613622 0.007140 0.014308
0.605185 0.006058 0.014269
0.597823 0.006532 0.014600
0.598975 0.006191 0.014617
0.592454 0.005992 0.014863
0.590960 0.005191 0.014879
0.585493 0.006581 0.014717
0.584115 0.005782 0.015481
0.578225 0.005986 0.013660
0.577188 0.006325 0.014398
0.570985 0.006057 0.016201
0.566613 0.004770 0.014707
0.561145 0.006349 0.014366
0.559825 0.005519 0.015371
0.551596 0.005748 0.013350
0.544199 0.004568 0.015796
0.543344 0.006028 0.015798
0.536259 0.005839 0.015261
0.535302 0.007304 0.014771
0.528548 0.005854 0.015467
0.527378 0.006141 0.015472
0.520090 0.005536 0.015763
0.513469 0.006019 0.015568
0.513421 0.008461 0.012365
0.507559 0.007492 0.013991
0.509085 0.008384 0.014506
0.503830 0.008814 0.015106
0.501615 0.009817 0.015161
0.506932 0.011163 0.015924
0.499372 0.012149 0.016363
0.500026 0.012851 0.015403
0.501620 0.013736 0.016671
0.505377 0.015483 0.015199
0.504401 0.021446 0.016295
0.499080 0.021519 0.015750
0.502347 0.025771 0.016625
0.505112 0.026438 0.018124
0.500119 0.025509 0.017293
0.503474 0.032271 0.016519
0.503880 0.042853 0.017720
0.499791 0.043529 0.018333
0.501747 0.049318 0.018047
0.504482 0.051315 0.018346
0.500946 0.061486 0.018403
0.505462 0.068102 0.018615
0.503124 0.072134 0.016867
0.504924 0.074001 0.019672
0.500170 0.078813 0.019470
0.504028 0.080731 0.019500
0.502335 0.085288 0.019750
0.503921 0.088740 0.019612
0.502055 0.092537 0.019602
0.504730 0.094600 0.019896
0.504577 0.101990 0.018833
0.503206 0.101004 0.018313
0.503728 0.108406 0.020452
0.503280 0.114987 0.019451
0.504597 0.116049 0.019471
0.504070 0.120668 0.019844
0.501612 0.125496 0.019372
0.502644 0.127783 0.020369
0.502206 0.125687 0.018082
0.504469 0.122784 0.020020
0.504677 0.126013 0.019208
0.505709 0.124711 0.018937
0.512806 0.124966 0.018061
0.513453 0.128825 0.017727
0.514407 0.126178 0.018962
0.516452 0.129887 0.018772
0.519462 0.124516 0.020774
0.523992 0.122776 0.020040
0.532120 0.122933 0.020930
0.531962 0.121755 0.020930
0.538349 0.122958 0.023300
0.540687 0.124413 0.020794
0.542870 0.122837 0.021822
0.547325 0.124117 0.021615
0.550661 0.122420 0.021413
0.550483 0.121258 0.021174
0.558654 0.121076 0.021904
0.558472 0.119925 0.021419
0.564268 0.122665 0.021335
0.565239 0.121296 0.021371
0.570977 0.122387 0.021542
0.570796 0.121256 0.020315
0.574760 0.122541 0.020246
0.576866 0.120925 0.020563
0.581741 0.122017 0.020174
0.588190 0.121596 0.020490
0.589097 0.120185 0.020801
0.590496 0.121101 0.021038
0.596834 0.120534 0.022216
0.596577 0.119376 0.022256
0.602477 0.120241 0.020510
0.608353 0.120887 0.021493
0.607214 0.121172 0.021209
0.613606 0.120560 0.020684
0.614765 0.120249 0.020474
0.614430 0.119112 0.021031
0.620405 0.118163 0.021391
0.626292 0.118766 0.020765
0.625966 0.117616 0.020340
0.624720 0.118048 0.022284
0.632169 0.116597 0.022526
0.637972 0.115654 0.021684
0.642654 0.115696 0.019379
0.642604 0.115756 0.020126
0.642995 0.116910 0.020770
0.650194 0.114827 0.020094
0.649128 0.115272 0.019754
0.655301 0.114754 0.020119
0.655811 0.115817 0.019997
0.663740 0.114238 0.022197
0.663423 0.115526 0.019478
0.672075 0.114642 0.021464
0.671046 0.115210 0.021346
0.678108 0.114920 0.021109
0.679118 0.114318 0.021233
0.684697 0.114844 0.020511
0.690989 0.113876 0.020275
0.692637 0.114180 0.020269
0.698429 0.113483 0.020831
0.697730 0.112536 0.020970
0.701400 0.112038 0.020373
0.702107 0.113002 0.020483
0.708077 0.112467 0.020641
0.708926 0.111879 0.021772
0.715924 0.112233 0.022087
0.714290 0.112018 0.021577
0.718303 0.111263 0.020837
0.717363 0.112135 0.021438
0.720127 0.111546 0.020910
0.720081 0.111646 0.021653
0.719787 0.112095 0.020290
0.718974 0.111236 0.020399
0.716006 0.111094 0.019970
0.717684 0.111130 0.020002
0.715633 0.111119 0.020093
0.713978 0.111015 0.019315
0.709870 0.111350 0.020465
0.703165 0.111269 0.019573
0.702308 0.110608 0.018733
0.700622 0.110751 0.019938
0.699980 0.111417 0.019643
0.694073 0.110605 0.018849
0.692520 0.111154 0.017827
0.689150 0.111232 0.017745
0.688057 0.111107 0.018423
0.682121 0.110401 0.017860
0.674635 0.109473 0.016839
0.672924 0.109493 0.016298
0.667441 0.109860 0.017295
0.666533 0.109017 0.016844
0.663396 0.109036 0.017600
0.658280 0.109207 0.016720
0.652294 0.110035 0.015829
0.653151 0.109199 0.016661
0.645125 0.108387 0.015389
0.645245 0.108475 0.016890
0.637746 0.109424 0.016143
0.635831 0.109213 0.016147
0.630725 0.109490 0.015765
0.624778 0.109563 0.014682
0.624802 0.109574 0.014932
0.620644 0.109615 0.016338
0.618849 0.109680 0.015293
0.613901 0.109512 0.014732
0.613978 0.109539 0.015483
0.608536 0.110385 0.015308
0.606866 0.110506 0.015517
0.602622 0.111246 0.015319
0.601064 0.111397 0.016532
0.595998 0.111383 0.015257
0.593623 0.110768 0.017227
0.586151 0.110780 0.017431
0.580880 0.112473 0.017379
0.577997 0.111768 0.015087
0.572758 0.112358 0.016375
0.571943 0.111591 0.017127
0.565448 0.110711 0.018000
0.557236 0.112030 0.017402
0.554502 0.109689 0.017392
0.553682 0.110589 0.017112
0.546729 0.109125 0.015769
0.538934 0.109557 0.016505
0.538142 0.110456 0.016479
0.530740 0.110777 0.015470
0.521724 0.110818 0.014787
0.517216 0.111084 0.013642
0.516587 0.111960 0.014877
0.511046 0.111331 0.013036
0.511464 0.112986 0.015564
0.510187 0.112744 0.013551
0.512120 0.112677 0.015368
0.510215 0.111334 0.014651
0.512185 0.111270 0.016979
0.507807 0.109332 0.015378
0.510350 0.110198 0.015768
0.509927 0.106822 0.016502
0.511603 0.106883 0.016586
0.507516 0.103165 0.014967
0.510148 0.102446 0.015820
0.509449 0.096866 0.015866
0.512260 0.094540 0.017129
0.509205 0.091230 0.016889
0.512697 0.089951 0.017003
0.508796 0.087132 0.016158
0.511008 0.084011 0.017526
0.510273 0.078647 0.017735
0.511269 0.077931 0.018484
0.509474 0.073860 0.017962
0.510453 0.073223 0.017956
0.510371 0.067752 0.019072
0.511726 0.065611 0.018134
0.509099 0.059715 0.019003
0.511576 0.057004 0.018791
0.510210 0.051050 0.019588
0.509645 0.047420 0.019530
0.509250 0.040279 0.019907
0.509241 0.037769 0.018511
0.507378 0.032731 0.018496
0.508920 0.033304 0.018664
0.508708 0.028262 0.019816
0.508653 0.028346 0.018560
0.508521 0.021128 0.019517
0.509639 0.020658 0.020246
0.507910 0.013494 0.021056
0.508252 0.014653 0.019987
0.509314 0.014300 0.019206
0.507520 0.009827 0.019842
0.510323 0.007820 0.019317
0.509601 0.001817 0.019067
0.516097 0.007198 0.019251
0.516999 0.001468 0.020671
0.523861 0.004471 0.019455
0.530800 0.001944 0.020469
0.535112 0.004403 0.021129
0.540842 0.007807 0.020175
0.546548 0.006465 0.020792
0.555258 0.006445 0.022613
0.555531 0.007655 0.021769
0.562872 0.004705 0.021812
0.565944 0.007726 0.020957
0.569168 0.005549 0.020918
0.573111 0.007132 0.021129
0.580506 0.006185 0.022915
0.581902 0.007147 0.022529
0.586941 0.005183 0.022133
0.589683 0.007043 0.022597
0.595135 0.004990 0.022930
0.597897 0.006949 0.022387
0.603803 0.007555 0.021588
0.605143 0.008485 0.022185
0.611438 0.006549 0.020989
0.612758 0.007474 0.021831
0.618807 0.004983 0.022510
0.619369 0.008493 0.022560
0.620933 0.010673 0.022250
0.627675 0.008306 0.021850
0.633466 0.007578 0.022119
0.637338 0.009380 0.022269
0.645861 0.007954 0.023036
0.647050 0.007787 0.022783
0.656643 0.006613 0.022739
0.659250 0.007460 0.021806
0.667359 0.006750 0.023053
0.668806 0.007768 0.022114
0.677031 0.006056 0.020603
0.678331 0.007010 0.021405
0.679676 0.007977 0.021708
0.686833 0.008663 0.021991
0.694100 0.007046 0.023815
0.693078 0.007285 0.022302
0.693126 0.007293 0.021803
0.700127 0.005938 0.023431
0.706637 0.007137 0.022343
0.707705 0.006899 0.023363
0.714197 0.005836 0.023715
0.710893 0.006556 0.021648
0.711967 0.005460 0.021497
0.710762 0.005709 0.021972
0.711496 0.001475 0.023188
0.711099 -0.000870 0.021702
0.714806 -0.003800 0.020892
0.710234 -0.007649 0.021589
0.711135 -0.009070 0.021628
0.708015 -0.018084 0.021748
0.711383 -0.027486 0.019244
0.709431 -0.030739 0.018758
0.710652 -0.038162 0.020411
0.708673 -0.041391 0.020180
0.708202 -0.045887 0.019422
0.706472 -0.047911 0.019679
0.707899 -0.046990 0.020188
0.707529 -0.056259 0.019603
0.706664 -0.059723 0.019908
0.708212 -0.070318 0.020227
0.707638 -0.072696 0.019766
0.706762 -0.082549 0.019630
0.708853 -0.089283 0.019623
0.707678 -0.094336 0.016460
0.705039 -0.094500 0.019673
0.708648 -0.101354 0.018893
0.705777 -0.098061 0.019279
0.704592 -0.099351 0.019016
0.703440 -0.098963 0.019740
0.702736 -0.102564 0.018487
0.696104 -0.099541 0.018820
0.691306 -0.100519 0.019085
0.686939 -0.098282 0.017727
0.685797 -0.102838 0.018267
0.680115 -0.103541 0.017543
0.665605 -0.097444 0.016395
0.656485 -0.097476 0.015890
0.653379 -0.101227 0.014332
0.648331 -0.097339 0.016119
0.639612 -0.098896 0.013648
0.634322 -0.096192 0.015646
0.627391 -0.097595 0.014311
0.628522 -0.097889 0.014122
0.628995 -0.102670 0.011350
0.620127 -0.099245 0.011776
0.611025 -0.098536 0.012114
0.603434 -0.095415 0.013287
0.601781 -0.099622 0.010373
0.596091 -0.094484 0.013338
0.592070 -0.097523 0.011833
0.590160 -0.095840 0.012627
0.586908 -0.097898 0.009452
0.580983 -0.094020 0.012482
0.576204 -0.094839 0.009790
0.573213 -0.092940 0.010869
0.568600 -0.095097 0.006761
0.564919 -0.092859 0.013228
0.558519 -0.092732 0.009938
0.558708 -0.092664 0.013015
0.550054 -0.093602 0.011619
0.549004 -0.093350 0.012169
0.542374 -0.093734 0.010775
0.541306 -0.093498 0.010791
0.534393 -0.094003 0.010190
0.533337 -0.093762 0.010444
0.527332 -0.094022 0.009951
0.527329 -0.093963 0.011498
0.517956 -0.093743 0.011208
0.511076 -0.094112 0.010505
0.513230 -0.093323 0.014751
0.505240 -0.094578 0.012001
0.507530 -0.093971 0.012154
0.505146 -0.094165 0.012741
0.506141 -0.094361 0.013336
0.501972 -0.094316 0.015074
0.506263 -0.094120 0.015962
0.504956 -0.094286 0.015549
0.510687 -0.093336 0.015058
0.521056 -0.094988 0.018561
0.530283 -0.093655 0.018211
0.532253 -0.093642 0.018852
0.549909 -0.092899 0.021467
0.554574 -0.093215 0.020184
0.557960 -0.093110 0.023038
0.562447 -0.091808 0.020252
0.563701 -0.089278 0.021012
0.568190 -0.087959 0.022694
0.571909 -0.086707 0.022547
0.577464 -0.084348 0.022163
0.580818 -0.083919 0.023190
0.586959 -0.083458 0.024081
0.589177 -0.085052 0.023536
0.588180 -0.083937 0.022273
0.591189 -0.085727 0.022970
0.592204 -0.085681 0.023246
0.594067 -0.088375 0.023108
0.598843 -0.088713 0.022647
0.601731 -0.091643 0.022988
0.603108 -0.090954 0.022741
0.607696 -0.091910 0.022805
0.612528 -0.092900 0.024594
0.615425 -0.092306 0.023130
0.615193 -0.093424 0.023123
0.619997 -0.092646 0.023344
0.626174 -0.093244 0.023152
0.626395 -0.092119 0.023165
0.632345 -0.092787 0.024652
0.632276 -0.093926 0.023900
0.639381 -0.094622 0.023063
0.640803 -0.093708 0.022746
0.646376 -0.093385 0.021724
0.653158 -0.094373 0.023076
0.657658 -0.093862 0.022363
0.659060 -0.092913 0.022005
0.658949 -0.092914 0.022748
0.663817 -0.092398 0.022715
0.670260 -0.092482 0.023735
0.672924 -0.091694 0.022450
0.679707 -0.091964 0.024564
0.682563 -0.091155 0.021767
0.683680 -0.091341 0.022095
0.689219 -0.091900 0.022768
0.688192 -0.090569 0.023215
0.694785 -0.090843 0.023552
0.695132 -0.090815 0.020567
0.700983 -0.089708 0.022843
0.699856 -0.089522 0.022535
0.706270 -0.090542 0.022764
0.709942 -0.090030 0.021482
0.707576 -0.089682 0.021886
0.710381 -0.090216 0.021465
0.706163 -0.087173 0.020333
0.710817 -0.084695 0.021143
0.707661 -0.081849 0.021311
0.711041 -0.078701 0.021909
0.709132 -0.075988 0.020624
0.710210 -0.068964 0.020716
0.707244 -0.064930 0.020416
0.710746 -0.062344 0.020820
0.706414 -0.059332 0.021229
0.706407 -0.051897 0.019574
0.705754 -0.048239 0.020080
0.707752 -0.043324 0.020452
0.704776 -0.039283 0.020409
0.705757 -0.035394 0.018842
0.703758 -0.032783 0.020062
0.703843 -0.024001 0.019203
0.702674 -0.023780 0.018682
0.705566 -0.020646 0.019308
0.703591 -0.017971 0.019772
0.705395 -0.012820 0.019637
0.703433 -0.010095 0.019595
0.704673 -0.005209 0.018845
0.703506 -0.005056 0.019324
0.703000 -0.000453 0.018682
0.702026 0.000941 0.018406
0.703758 0.004974 0.018516
0.704202 0.008274 0.018929
0.703777 0.005991 0.018196
0.702563 0.006980 0.018754
0.702350 0.005810 0.018765
0.696963 0.005415 0.018014
0.691848 0.003979 0.017706
0.686465 0.005324 0.016248
0.683686 0.003433 0.016486
0.681230 0.006788 0.017211
0.674621 0.004547 0.015896
0.670479 0.005144 0.016780
0.667678 0.003301 0.017022
0.664225 0.006354 0.016292
0.659993 0.003625 0.016534
0.656692 0.006154 0.016408
0.656155 0.003839 0.016207
0.649357 0.005388 0.014882
0.645136 0.002692 0.015635
0.639619 0.005066 0.014832
0.636827 0.003274 0.015586
0.631348 0.005253 0.015181
0.630104 0.005541 0.014407
0.627059 0.007373 0.014738
0.621189 0.003843 0.013741
0.616632 0.006031 0.014639
0.614947 0.003980 0.014910
0.609393 0.005071 0.014876
0.606814 0.004462 0.015111
0.602139 0.006311 0.015098
0.598875 0.003395 0.014365
0.594301 0.004763 0.014642
0.591687 0.004153 0.014629
0.586550 0.005217 0.014859
0.583456 0.003457 0.013353
0.584630 0.003184 0.013364
0.574065 0.002885 0.012447
0.568448 0.004484 0.012812
0.568313 0.007000 0.016308
0.558708 0.005557 0.015372
0.556155 0.006097 0.014113
0.550465 0.008676 0.015042
0.549000 0.007757 0.014781
0.541134 0.008259 0.015697
0.536943 0.006650 0.014668
0.530037 0.006477 0.013253
0.520354 0.007634 0.015056
0.515422 0.007299 0.015301
0.509125 0.007799 0.013630
0.509495 0.007711 0.015628
0.503968 0.009556 0.015525
0.502293 0.007407 0.014973
0.503728 0.008385 0.015245
0.498228 0.008679 0.014712
0.496621 0.013391 0.014520
0.500330 0.011572 0.016201
0.496032 0.017195 0.016644
0.494454 0.025516 0.018878
0.499731 0.030934 0.017264
0.494136 0.031961 0.017015
0.499174 0.033759 0.016783
0.498328 0.033352 0.017305
0.501066 0.034127 0.018807
0.498351 0.033684 0.017733
0.500774 0.033391 0.017948
0.498628 0.037359 0.017188
0.500113 0.039589 0.017497
0.497299 0.043714 0.017718
0.502643 0.047914 0.018300
0.499034 0.051169 0.017133
0.501905 0.055704 0.016987
0.501288 0.062623 0.018480
0.502480 0.062491 0.018470
0.501052 0.068791 0.017737
0.499678 0.073199 0.017742
0.500999 0.074258 0.017757
0.502329 0.073970 0.019247
0.503996 0.080713 0.018164
0.503510 0.088049 0.018839
0.503320 0.094039 0.019214
0.504508 0.093906 0.019210
0.503429 0.098132 0.018957
0.503409 0.098159 0.018707
0.503651 0.102342 0.017235
0.504984 0.101992 0.019234
0.504553 0.108106 0.018388
0.504645 0.109372 0.017642
0.504979 0.115962 0.018573
0.503470 0.119612 0.017909
0.503613 0.120823 0.017655
0.502336 0.119702 0.018650
0.501892 0.122909 0.017822
0.503761 0.119018 0.017863
0.503703 0.118797 0.017723
0.503128 0.121610 0.017207
0.503016 0.120351 0.018217
0.504198 0.123223 0.018563
0.506153 0.120560 0.017857
0.506216 0.123534 0.017356
0.509613 0.121733 0.018408
0.512818 0.118765 0.019470
0.517566 0.119485 0.017495
0.520833 0.122694 0.018679
0.522957 0.121152 0.018225
0.526588 0.122983 0.018083
0.531054 0.120976 0.018418
0.532230 0.120747 0.018935
0.537206 0.121875 0.018880
0.539528 0.121454 0.018665
0.546256 0.122300 0.017335
0.551835 0.119942 0.019699
0.559225 0.122561 0.019433
0.564752 0.120207 0.020800
0.569584 0.121731 0.019571
0.572793 0.119840 0.019908
0.575505 0.122157 0.019649
0.576648 0.121897 0.019922
0.586544 0.121269 0.019595
0.587690 0.121000 0.019620
0.594281 0.122113 0.020687
0.595169 0.120692 0.019998
0.602516 0.121797 0.020293
0.604880 0.121194 0.018603
0.614928 0.120977 0.023063
0.613498 0.120163 0.022822
0.620424 0.122252 0.019937
0.622241 0.120477 0.021553
0.629035 0.122231 0.019808
0.629748 0.120772 0.020645
0.639338 0.121852 0.020580
0.642656 0.120740 0.020961
0.649938 0.122130 0.020361
0.653303 0.120930 0.020007
0.662580 0.122569 0.021379
0.662157 0.121475 0.021441
0.671378 0.122926 0.022304
0.681496 0.122678 0.020804
0.681949 0.121208 0.022189
0.690128 0.119944 0.022536
0.688959 0.120518 0.023456
0.697843 0.119177 0.023951
0.698530 0.120115 0.022627
0.705562 0.117748 0.023244
0.703133 0.117714 0.021417
0.712198 0.117348 0.022057
0.708572 0.118149 0.021869
0.706002 0.118304 0.021276
0.710994 0.115963 0.022725
0.711629 0.116947 0.022637
0.717021 0.114917 0.022740
0.722112 0.114061 0.022362
0.714493 0.115053 0.019786
0.714782 0.113393 0.019726
0.711571 0.113074 0.020593
0.712327 0.113936 0.019762
0.718619 0.113169 0.021583
0.704670 0.113633 0.020393
0.701196 0.114916 0.019913
0.693667 0.114877 0.018718
0.690284 0.115867 0.019613
0.689523 0.114968 0.019689
0.678851 0.113233 0.017856
0.680410 0.115033 0.017960
0.672756 0.113224 0.017810
0.670203 0.113909 0.017677
0.662340 0.111622 0.017233
0.656466 0.112230 0.017529
0.644978 0.110939 0.015955
0.642640 0.112060 0.016229
0.640100 0.111124 0.015747
0.632800 0.111279 0.016558
0.632011 0.110472 0.017110
0.622966 0.111208 0.013906
0.622244 0.110460 0.015204
0.614497 0.111445 0.015299
0.613755 0.110680 0.016344
0.607653 0.112586 0.015043
0.605920 0.110904 0.014873
0.597431 0.112022 0.015171
0.592330 0.110411 0.015166
0.586346 0.111363 0.014952
0.582825 0.111370 0.013871
0.573658 0.111108 0.015499
0.574633 0.111968 0.016220
0.567090 0.112606 0.014959
0.564629 0.111883 0.015698
0.553903 0.111432 0.014047
0.543966 0.112392 0.013226
0.541624 0.111716 0.014712
0.536550 0.113474 0.015213
0.531862 0.111036 0.013223
0.523259 0.111969 0.012852
0.523514 0.112030 0.014356
0.518234 0.111559 0.014651
0.518107 0.111530 0.013898
0.512701 0.112743 0.013798
0.512743 0.112750 0.014048
0.508348 0.112368 0.013146
0.506252 0.112898 0.013128
0.510696 0.111946 0.014745
0.509955 0.108250 0.014508
0.511527 0.106513 0.014064
0.504692 0.106073 0.013574
0.511532 0.100911 0.015263
0.509254 0.098597 0.015155
0.512583 0.091856 0.015984
0.507435 0.092454 0.014900
0.513533 0.084938 0.017750
0.515132 0.083231 0.017277
0.513546 0.076556 0.015794
0.514447 0.077409 0.016325
0.513928 0.069657 0.016581
0.515097 0.060990 0.017118
0.511850 0.057785 0.017704
0.510932 0.056888 0.016660
0.512971 0.049294 0.017111
0.513753 0.045038 0.015498
0.512697 0.035431 0.018013
0.513423 0.036208 0.016806
0.512220 0.027116 0.017262
0.509974 0.024934 0.016995
0.510961 0.022510 0.017399
0.511313 0.016918 0.017301
0.514049 0.014696 0.018739
0.512386 0.010736 0.018308
0.514730 0.011687 0.016910
0.514608 0.009065 0.019131
0.515361 0.009991 0.019461
0.515074 0.007992 0.019072
0.516299 0.011486 0.019116
0.523501 0.013019 0.020178
0.524197 0.013961 0.020271
0.529700 0.012408 0.019150
0.537191 0.010700 0.020826
0.538471 0.012651 0.021046
0.552845 0.014200 0.021636
0.551852 0.014817 0.021190
0.560725 0.013945 0.022237
0.562485 0.017045 0.020858
0.567701 0.012741 0.020899
0.570917 0.016363 0.020612
0.578664 0.016934 0.022163
0.577110 0.016409 0.021842
0.584086 0.017702 0.022463
0.587157 0.018845 0.023106
0.593758 0.017386 0.021089
0.599852 0.012483 0.023173
0.598636 0.009302 0.021739
0.607853 0.009934 0.020590
0.608942 0.009496 0.021264
0.615800 0.008263 0.022519
0.617656 0.010232 0.021488
0.625058 0.010332 0.020905
0.626171 0.009964 0.021327
0.636441 0.010112 0.022035
0.637895 0.010981 0.021603
0.647826 0.010382 0.021993
0.654537 0.009129 0.023464
0.655963 0.010049 0.023029
0.664038 0.010080 0.021608
0.664287 0.011221 0.021741
0.672496 0.008752 0.022270
0.674324 0.011911 0.023082
0.673184 0.012162 0.022901
0.682784 0.011200 0.022869
0.692478 0.011492 0.023782
0.693902 0.012519 0.022837
0.701664 0.010893 0.023104
0.701942 0.012145 0.021962
0.710978 0.011620 0.022697
0.707549 0.012277 0.021850
0.709856 0.011875 0.020510
0.707236 0.010953 0.022508
0.706610 0.004875 0.020774
0.712601 0.001081 0.020620
0.708550 -0.001865 0.020495
0.715820 -0.004087 0.020177
0.709646 -0.005481 0.019202
0.714787 -0.008626 0.018978
0.706134 -0.018076 0.019562
0.703249 -0.021228 0.020424
0.705125 -0.029224 0.018836
0.708945 -0.033017 0.021109
0.707232 -0.036341 0.019970
0.709866 -0.040585 0.018880
0.706964 -0.043666 0.020279
0.706863 -0.051748 0.020322
0.706474 -0.054089 0.019992
0.707443 -0.055460 0.019688
0.706265 -0.068963 0.018056
0.707915 -0.076988 0.019168
0.706153 -0.080275 0.019339
0.708026 -0.088738 0.018083
0.704114 -0.090520 0.017552
0.705296 -0.090657 0.018296
0.703489 -0.095855 0.018167
0.704649 -0.096078 0.017910
0.704780 -0.098241 0.019483
0.704572 -0.099431 0.019213
0.702517 -0.101181 0.017012
0.700612 -0.098367 0.018064
0.694701 -0.101906 0.017186
0.693356 -0.104209 0.016244
0.684585 -0.099170 0.017110
0.680236 -0.100446 0.015662
0.672399 -0.096827 0.016003
0.673574 -0.097006 0.015996
0.664286 -0.095666 0.016750
0.665414 -0.095864 0.016243
0.661667 -0.100051 0.016186
0.662820 -0.100240 0.015931
0.651499 -0.097934 0.014783
0.650801 -0.095365 0.015815
0.641390 -0.096585 0.015391
0.639101 -0.095070 0.014405
0.633607 -0.097458 0.013589
0.630546 -0.095646 0.015849
0.619254 -0.097046 0.014242
0.616289 -0.099508 0.013980
0.607980 -0.098158 0.013722
0.609126 -0.098359 0.013473
0.600011 -0.097163 0.014223
0.594789 -0.098870 0.013853
0.593924 -0.097480 0.014604
0.588257 -0.099130 0.014233
0.586215 -0.097542 0.014981
0.582025 -0.099048 0.014286
0.580035 -0.096304 0.014031
0.574033 -0.097150 0.014342
0.568384 -0.097971 0.014140
0.564982 -0.096178 0.013623
0.566162 -0.096388 0.013628
0.556582 -0.096175 0.012914
0.557762 -0.096393 0.012920
0.547748 -0.095641 0.014918
0.541080 -0.095715 0.013729
0.541122 -0.095710 0.013979
0.541248 -0.095694 0.014729
0.532075 -0.095319 0.013762
0.525345 -0.095776 0.013960
0.524214 -0.095533 0.014202
0.519314 -0.094891 0.013684
0.518441 -0.094620 0.015426
0.516923 -0.094413 0.013415
0.511541 -0.094518 0.015226
0.505836 -0.094631 0.014884
0.507005 -0.094883 0.014894
0.499754 -0.094594 0.014332
0.501884 -0.095132 0.013102
0.500833 -0.093731 0.014987
0.500530 -0.094892 0.014750
0.501057 -0.094021 0.014243
0.499905 -0.095192 0.016321
