0.510980 -0.083996 0.115163
0.510873 -0.085179 0.115100
0.511653 -0.084373 0.114849
0.511736 -0.083970 0.114200
0.511683 -0.083937 0.113450
0.510920 -0.083158 0.113949
0.511185 -0.082652 0.114264
0.509513 -0.082600 0.113265
0.510404 -0.083292 0.113739
0.511146 -0.084065 0.112990
0.511151 -0.083771 0.113090
0.512880 -0.085459 0.115092
0.519250 -0.085314 0.114101
0.520857 -0.083728 0.114097
0.535813 -0.086802 0.115492
0.548565 -0.086913 0.116481
0.555612 -0.087445 0.117684
0.560372 -0.087464 0.117430
0.574016 -0.086285 0.115790
0.581965 -0.087921 0.116039
0.590969 -0.086250 0.116779
0.594963 -0.085457 0.116528
0.606198 -0.087901 0.116676
0.611710 -0.087166 0.117925
0.623234 -0.086463 0.118256
0.628876 -0.087240 0.117254
0.640462 -0.088075 0.117712
0.643461 -0.089754 0.119961
0.655109 -0.087393 0.117774
0.662859 -0.087494 0.120274
0.677863 -0.087549 0.119853
0.681034 -0.087554 0.120104
0.695401 -0.088741 0.122324
0.707349 -0.087390 0.120857
0.717235 -0.087851 0.121252
0.716371 -0.088672 0.121750
0.716915 -0.088133 0.120769
0.712201 -0.086516 0.119767
0.708091 -0.087380 0.120762
0.715131 -0.086675 0.120812
0.709640 -0.084238 0.119312
0.718302 -0.081738 0.121263
0.717898 -0.072061 0.118503
0.719416 -0.072130 0.119754
0.709045 -0.056777 0.118018
0.711654 -0.047806 0.114358
0.713092 -0.048130 0.117858
0.713702 -0.034063 0.115039
0.707217 -0.019444 0.114804
0.715596 -0.017928 0.116020
0.709144 -0.009731 0.115275
0.714616 -0.002385 0.116335
0.713086 0.003098 0.112339
0.715153 0.009940 0.115807
0.713526 0.009815 0.116556
0.716672 0.015748 0.114726
0.715042 0.013844 0.116474
0.716461 0.017347 0.115241
0.708421 0.010925 0.114483
0.710061 0.015863 0.115748
0.706047 0.013420 0.115745
0.701690 0.015904 0.116119
0.696828 0.014438 0.114869
0.689167 0.017509 0.114733
0.682919 0.012276 0.117984
0.681784 0.019084 0.112698
0.681120 0.018014 0.114948
0.669535 0.020103 0.113213
0.667098 0.017675 0.113214
0.660896 0.018804 0.118216
0.651705 0.013433 0.115720
0.643072 0.017969 0.113942
0.635968 0.010177 0.109951
0.634831 0.015880 0.114702
0.624391 0.009729 0.110969
0.618851 0.013869 0.114415
0.610598 0.010203 0.109431
0.607116 0.014250 0.111975
0.601642 0.013428 0.114234
0.575177 0.012897 0.104037
0.573058 0.010332 0.106548
0.563762 0.011937 0.112268
0.553173 0.011655 0.106032
0.545857 0.011473 0.113107
0.542105 0.011650 0.111361
0.530668 0.011814 0.106740
0.528854 0.010202 0.106501
0.516478 0.013855 0.107315
0.517131 0.013007 0.106568
0.513507 0.011669 0.111232
0.518296 0.008924 0.114240
0.512457 0.010636 0.113852
0.514730 0.008046 0.113113
0.510422 0.009525 0.113984
0.513273 0.007747 0.111742
0.508004 0.009903 0.114696
0.505709 0.015248 0.115188
0.509131 0.021774 0.113904
0.504164 0.028593 0.113943
0.505873 0.035237 0.112409
0.505593 0.048803 0.110723
0.503698 0.048960 0.109472
0.504296 0.060380 0.111359
0.507664 0.067056 0.109585
0.504825 0.074641 0.109137
0.505496 0.086303 0.110035
0.505535 0.084555 0.110792
0.509236 0.092755 0.110767
0.507093 0.099621 0.112027
0.508871 0.102904 0.111768
0.507595 0.110273 0.111535
0.511254 0.111528 0.113532
0.510741 0.113627 0.113701
0.512186 0.112030 0.112456
0.510589 0.115516 0.105692
0.515518 0.117123 0.111615
0.528035 0.113869 0.113636
0.539751 0.112896 0.111436
0.558798 0.109275 0.115210
0.565645 0.113664 0.115038
0.581137 0.110568 0.115311
0.588997 0.113294 0.116196
0.602751 0.108675 0.116468
0.611968 0.112305 0.114841
0.621657 0.110192 0.116857
0.632872 0.112889 0.115377
0.643315 0.109978 0.117396
0.655068 0.113137 0.118027
0.657455 0.110622 0.118028
0.671089 0.109902 0.121388
0.673735 0.110790 0.119648
0.684160 0.111883 0.119486
0.688075 0.110896 0.120996
0.698936 0.110594 0.122388
0.702145 0.110521 0.122900
0.713584 0.111427 0.122810
0.712687 0.107339 0.123036
0.712121 0.108286 0.121038
0.718024 0.108576 0.122289
0.726591 0.108638 0.123158
0.724225 0.109502 0.122402
0.719599 0.110570 0.120272
0.720084 0.107904 0.123759
0.698325 0.107276 0.119657
0.688760 0.109685 0.117858
0.680569 0.109677 0.117320
0.678664 0.110281 0.119214
0.670481 0.110361 0.116925
0.657099 0.111292 0.114516
0.647070 0.111420 0.110969
0.635058 0.111925 0.111452
0.625298 0.110044 0.113649
0.617920 0.110966 0.111296
0.594547 0.110833 0.110207
0.585843 0.112875 0.108890
0.578578 0.111894 0.110610
0.567077 0.112436 0.107539
0.548889 0.110599 0.108980
0.540254 0.112482 0.110405
0.530551 0.113824 0.109854
0.520881 0.111428 0.107579
0.517720 0.111373 0.108572
0.510378 0.111492 0.109301
0.504318 0.112575 0.110630
0.508251 0.107871 0.112854
0.511579 0.104577 0.112855
0.507277 0.096013 0.111122
0.507369 0.077852 0.113149
0.510729 0.064765 0.113904
0.505770 0.060148 0.110999
0.506758 0.059358 0.112000
0.504866 0.041079 0.113016
0.507273 0.036968 0.113022
0.501394 0.036605 0.112250
0.504557 0.028393 0.112518
0.507756 0.018592 0.113290
0.507474 0.013014 0.113181
0.505298 0.010065 0.114260
0.505162 0.011576 0.113004
0.504719 0.011076 0.114413
0.503769 0.010205 0.113668
0.509140 0.011512 0.113992
0.510043 0.012356 0.114488
0.520762 0.009089 0.118544
0.519944 0.009889 0.118294
0.532631 0.007831 0.115786
0.543030 0.007078 0.113809
0.558350 0.006045 0.116884
0.568072 0.007778 0.118650
0.581693 0.008387 0.118390
0.597697 0.010254 0.120200
0.605718 0.010301 0.119975
0.610296 0.009789 0.119305
0.623032 0.009638 0.118723
0.621499 0.009521 0.117710
0.638118 0.008781 0.120863
0.645900 0.009318 0.122951
0.665114 0.011922 0.122435
0.669893 0.012492 0.125063
0.680907 0.013569 0.127308
0.680699 0.015157 0.127592
0.695261 0.015831 0.127026
0.705878 0.015330 0.127875
0.704559 0.015076 0.126582
0.707020 0.014653 0.126881
0.710615 0.017150 0.127645
0.715956 0.016873 0.127230
0.714101 0.014955 0.129836
0.718185 0.014100 0.126395
0.717855 0.001450 0.123748
0.722225 -0.000617 0.123652
0.718579 -0.014228 0.123748
0.727257 -0.016019 0.125494
0.720600 -0.028924 0.120881
0.731901 -0.025580 0.122971
0.727621 -0.033806 0.125223
0.728331 -0.059544 0.124981
0.725042 -0.059477 0.123284
0.726964 -0.076438 0.118935
0.725812 -0.073443 0.128373
0.725318 -0.088979 0.123836
0.713993 -0.092937 0.120989
0.723345 -0.093157 0.123105
0.716382 -0.093916 0.121536
0.719448 -0.095949 0.121288
0.719783 -0.093682 0.121758
0.713610 -0.097911 0.116265
0.713571 -0.095439 0.118998
0.712460 -0.098718 0.121195
0.697477 -0.096808 0.112264
0.701381 -0.100321 0.122655
0.701361 -0.099141 0.123518
0.675867 -0.096159 0.116035
0.676812 -0.097899 0.116124
0.662047 -0.094529 0.114995
0.660802 -0.098331 0.112288
0.641145 -0.093395 0.111321
0.640364 -0.097825 0.112241
0.626767 -0.102084 0.107950
0.626600 -0.099755 0.109162
0.600315 -0.092225 0.109752
0.587217 -0.101532 0.043353
0.595893 -0.098549 0.111623
0.573090 -0.100114 0.102793
0.561214 -0.103415 0.104044
0.555685 -0.100916 0.103045
0.533860 -0.090832 0.101325
0.534659 -0.100303 0.102595
0.524434 -0.092927 0.102856
0.516117 -0.099588 0.102049
0.513380 -0.095563 0.105041
0.502737 -0.097209 0.105104
0.496462 -0.090120 0.103208
0.492180 -0.096305 0.106249
0.491525 -0.090292 0.105891
0.487466 -0.096594 0.106562
0.492281 -0.091512 0.106971
0.489165 -0.096963 0.106479
0.500070 -0.092332 0.105667
0.493682 -0.098329 0.105878
0.519406 -0.097298 0.107659
0.520300 -0.095815 0.108240
0.535951 -0.093358 0.109059
0.550655 -0.094029 0.109359
0.558310 -0.091468 0.108055
0.560539 -0.093786 0.111071
0.589672 -0.091760 0.112235
0.582260 -0.091566 0.112477
0.600101 -0.089495 0.113243
0.600780 -0.089657 0.108814
0.618488 -0.090255 0.114001
0.620129 -0.090399 0.114397
0.635201 -0.091767 0.114291
0.641481 -0.092179 0.118783
0.655868 -0.091465 0.112960
0.661520 -0.091464 0.111614
0.674268 -0.089928 0.118524
0.680665 -0.090327 0.120935
0.690705 -0.091076 0.118536
0.696017 -0.091038 0.118655
0.698532 -0.091498 0.119429
0.705793 -0.090476 0.119499
0.703094 -0.088916 0.116726
0.706741 -0.086553 0.117658
0.705296 -0.085739 0.117645
0.705083 -0.065866 0.119283
0.701900 -0.058226 0.116761
0.704314 -0.039715 0.118736
0.706236 -0.018599 0.118435
0.705140 -0.018831 0.117424
0.701576 -0.010145 0.118874
0.702655 0.002618 0.117399
0.704719 0.008703 0.121477
0.705853 0.008979 0.121490
0.708575 0.011148 0.119032
0.704279 0.008977 0.118745
0.701932 0.008016 0.123973
0.700578 0.010652 0.119050
0.698414 0.013317 0.117345
0.698636 0.012181 0.117116
0.680734 0.006227 0.118433
0.686610 0.014140 0.120031
0.669874 0.006863 0.113899
0.665415 0.011009 0.118315
0.634919 0.011359 0.113533
0.623960 0.010067 0.109907
0.613445 0.013743 0.111663
0.596618 0.006671 0.120885
0.575550 0.000944 0.112259
0.573954 0.009182 0.112525
0.551667 0.010139 0.106240
0.542938 0.009380 0.104908
0.529343 0.002102 0.106456
0.525065 0.007442 0.106262
0.510505 0.008424 0.106115
0.506922 0.008153 0.106336
0.496533 0.007432 0.110890
0.494855 0.007327 0.109127
0.486254 0.007863 0.109399
0.492375 0.011829 0.110591
0.479761 0.015053 0.108322
0.490880 0.037104 0.109572
0.482289 0.048342 0.106596
0.488605 0.054462 0.109232
0.486209 0.072744 0.108492
0.489447 0.078832 0.108098
0.487137 0.092946 0.110676
0.491764 0.096610 0.110602
0.490567 0.108301 0.112479
0.494270 0.109406 0.113469
0.493925 0.119617 0.113638
0.497505 0.118386 0.113950
0.492856 0.123718 0.113737
0.505808 0.119783 0.114712
0.503691 0.124803 0.114372
0.511740 0.126337 0.112382
0.512976 0.126178 0.113149
0.541891 0.120408 0.116363
0.547526 0.124102 0.113920
0.556523 0.120928 0.114143
0.571422 0.120706 0.113158
0.599732 0.119401 0.114004
0.602156 0.120161 0.114480
0.626759 0.121442 0.061016
0.629976 0.119153 0.114399
0.638758 0.117371 0.116840
0.657504 0.117950 0.118110
0.681169 0.113520 0.118419
0.688569 0.115099 0.119331
0.695326 0.115545 0.121836
0.705414 0.116828 0.119497
0.713807 0.115423 0.119732
0.713717 0.113377 0.120987
0.707873 0.116843 0.119897
0.706847 0.116746 0.120819
0.692928 0.116439 0.119640
0.693575 0.117436 0.118767
0.679446 0.115045 0.120922
0.672284 0.114084 0.118049
0.659001 0.113016 0.118327
0.649997 0.115070 0.118737
0.624685 0.113035 0.118330
0.628511 0.112707 0.119941
0.609067 0.111903 0.116590
0.606280 0.112774 0.118025
0.585067 0.112224 0.116252
0.582722 0.114437 0.117353
0.569321 0.113721 0.114746
0.570898 0.114085 0.115416
0.539799 0.113423 0.114323
0.537853 0.114634 0.112971
0.520889 0.112418 0.111953
0.520999 0.114898 0.114412
0.514225 0.111463 0.115271
0.517170 0.115231 0.114451
0.511719 0.112004 0.113479
0.510599 0.107557 0.111440
0.506974 0.101320 0.110219
0.506623 0.081377 0.111005
0.508868 0.067764 0.112584
0.508524 0.062727 0.110692
0.509205 0.043823 0.112389
0.512901 0.026943 0.114121
0.511102 0.019343 0.112609
0.513911 0.013802 0.113285
0.513279 0.011607 0.113102
0.514282 0.012848 0.114974
0.515740 0.010796 0.114041
0.517179 0.008739 0.111671
0.519007 0.008267 0.110849
0.528310 0.008192 0.113411
0.539683 0.006967 0.113772
0.537982 0.006755 0.112817
0.570205 0.006229 0.120155
0.570928 0.006226 0.115382
0.580795 0.006875 0.116384
0.580817 0.005249 0.116487
0.612678 0.006959 0.117352
0.619103 0.007191 0.118299
0.636120 0.007627 0.118524
0.633919 0.006423 0.116084
0.649639 0.008955 0.120695
0.657623 0.007827 0.119959
0.668789 0.009795 0.120923
0.686148 0.008683 0.123127
0.690254 0.009542 0.122641
0.710485 0.011135 0.125769
0.710640 0.011068 0.125024
0.710753 0.012588 0.124002
0.715475 0.012084 0.124540
0.715690 0.012009 0.123546
0.719823 0.011580 0.124072
0.721473 0.006744 0.124392
0.721347 0.008334 0.124157
0.719374 -0.001686 0.123192
0.724492 -0.003681 0.124623
0.719414 -0.018330 0.122773
0.725035 -0.020880 0.127206
0.722195 -0.025644 0.124631
0.727563 -0.038390 0.124188
0.727836 -0.057176 0.124182
0.727478 -0.055588 0.124240
0.719229 -0.067914 0.124505
0.726936 -0.071293 0.123701
0.722236 -0.075098 0.122338
0.729125 -0.075857 0.124953
0.714170 -0.084428 0.122570
0.720952 -0.084762 0.123915
0.720698 -0.091395 0.123255
0.721062 -0.090307 0.123894
0.717863 -0.096898 0.123103
0.716030 -0.094904 0.123889
0.708613 -0.099667 0.122408
0.706914 -0.097858 0.121937
0.687251 -0.095582 0.120281
0.689909 -0.096594 0.119108
0.669259 -0.098732 0.117635
0.656956 -0.096794 0.115470
0.631025 -0.092482 0.114611
0.639583 -0.098137 0.113574
0.614501 -0.095407 0.110475
0.605257 -0.102734 0.051932
0.593251 -0.095020 0.108165
0.573286 -0.099243 0.107241
0.552612 -0.094692 0.105155
0.544730 -0.101078 0.105616
0.526853 -0.092842 0.107196
0.519980 -0.101360 0.105653
0.502747 -0.085743 0.106217
0.502393 -0.099072 0.107448
0.498244 -0.088577 0.105708
0.494796 -0.099979 0.105407
0.493678 -0.097006 0.108247
0.494997 -0.099259 0.107970
0.500040 -0.089509 0.107635
0.497473 -0.098562 0.108835
0.509010 -0.097178 0.108228
0.526388 -0.091635 0.109044
0.537105 -0.094108 0.109279
0.549819 -0.090035 0.110527
0.552374 -0.093772 0.108923
0.578112 -0.093167 0.108207
0.576949 -0.093373 0.108197
0.599408 -0.090746 0.111004
0.605762 -0.095546 0.115412
0.631504 -0.094328 0.115893
0.630299 -0.094372 0.111640
0.640622 -0.092817 0.123664
0.646001 -0.094786 0.126200
0.670445 -0.091464 0.116983
0.675308 -0.093287 0.118994
0.686677 -0.091988 0.121875
0.690341 -0.091252 0.120028
0.693387 -0.089383 0.121105
0.698366 -0.089769 0.120857
0.700573 -0.088008 0.118670
0.702019 -0.086680 0.118957
0.702239 -0.083066 0.120163
0.705260 -0.079176 0.114504
0.703453 -0.058116 0.119073
0.705895 -0.051729 0.119913
0.704626 -0.044604 0.116726
0.706756 -0.030716 0.118100
0.703788 -0.022989 0.118403
0.706585 -0.009661 0.119684
0.706836 -0.010805 0.119651
0.707502 0.005168 0.118305
0.705519 0.008160 0.119876
0.712529 0.009984 0.120134
0.705556 0.014361 0.121701
0.711412 0.017221 0.121033
0.704720 0.014753 0.121252
0.709265 0.015980 0.122148
0.697007 0.011467 0.122829
0.698669 0.014227 0.122815
0.690789 0.011770 0.124016
0.678755 0.012814 0.120145
0.657062 0.008831 0.120722
0.651682 0.015055 0.120058
0.651806 0.013899 0.120079
0.614827 0.014268 0.113456
0.604938 0.008587 0.115445
0.594792 0.014281 0.121465
0.549323 0.009682 0.062926
0.558599 0.016868 0.107306
0.525702 0.002250 0.101719
0.525504 0.011607 0.107312
0.526712 0.011477 0.112586
0.506693 0.009867 0.106105
0.499311 0.004874 0.105136
0.492115 0.009203 0.106500
0.492048 0.009204 0.106249
0.482980 0.008734 0.106222
0.485825 0.008784 0.107760
0.478506 0.020945 0.105547
0.482097 0.026970 0.105682
0.479074 0.042845 0.106791
0.485838 0.058452 0.105722
0.478593 0.069467 0.106040
0.483009 0.089976 0.108099
0.484359 0.091083 0.108837
0.483422 0.108596 0.109222
0.495804 0.119894 0.111837
0.492473 0.124377 0.111728
0.497381 0.120568 0.113138
0.493580 0.126172 0.111206
0.499425 0.124775 0.111322
0.502644 0.125871 0.111387
0.508446 0.123171 0.112050
0.510179 0.128780 0.107799
0.544036 0.120980 0.115595
0.550286 0.123695 0.111461
0.559508 0.122733 0.113160
0.577567 0.125863 0.113278
0.601551 0.124342 0.114307
0.607824 0.123878 0.112861
0.621316 0.122970 0.116187
0.640531 0.120527 0.117490
0.649967 0.121375 0.117150
0.666698 0.120361 0.115547
0.667733 0.120125 0.116085
0.688867 0.117510 0.119506
0.699407 0.117508 0.119749
0.703855 0.116724 0.118719
0.707351 0.116965 0.119285
0.709967 0.116918 0.120850
0.710677 0.116593 0.122403
0.706254 0.117045 0.121785
0.703216 0.118091 0.120855
0.698849 0.116265 0.119614
0.690996 0.115443 0.120766
0.686322 0.114481 0.119706
0.666450 0.113909 0.118338
0.658597 0.113540 0.119957
0.651490 0.113493 0.118141
0.621483 0.109967 0.118642
0.615511 0.112235 0.118291
0.594789 0.112395 0.116062
0.591787 0.115662 0.115283
0.592237 0.114192 0.115739
0.570215 0.117420 0.112922
0.572118 0.116439 0.114346
0.550492 0.114358 0.113937
0.542368 0.113558 0.109417
0.528824 0.115672 0.111204
0.509537 0.107659 0.070301
0.516153 0.113821 0.111471
0.508197 0.108094 0.110449
0.511735 0.111076 0.111469
0.511462 0.106865 0.109997
0.510828 0.105788 0.113229
0.506080 0.097578 0.111010
0.504975 0.080076 0.112108
0.505946 0.059015 0.112652
0.504693 0.052980 0.112412
0.504383 0.037811 0.110675
0.505376 0.030583 0.113486
0.504191 0.030744 0.110453
0.501786 0.020826 0.089314
0.509038 0.015230 0.114040
0.509561 0.011970 0.114426
0.515452 0.008910 0.116490
0.518746 0.009247 0.117209
0.519330 0.009607 0.114662
0.524778 0.008062 0.111439
0.525588 0.009008 0.111857
0.540880 0.008007 0.113496
0.548261 0.009886 0.117633
0.566690 0.011147 0.115648
0.582777 0.013426 0.116087
0.592918 0.010531 0.117177
0.610653 0.011162 0.117557
0.622887 0.009727 0.119147
0.631002 0.009921 0.118742
0.647835 0.011179 0.119000
0.655579 0.011800 0.121602
0.670541 0.012605 0.123350
0.682529 0.013959 0.124045
0.689105 0.014150 0.126158
0.698580 0.011926 0.124209
0.701013 0.012535 0.122922
0.708056 0.013863 0.124101
0.707949 0.015474 0.124066
0.712420 0.014647 0.127632
0.717939 0.014639 0.127368
0.718054 0.014607 0.126872
0.721919 0.014911 0.129096
0.717214 0.013327 0.125123
0.713990 0.012483 0.128979
0.720793 0.012290 0.127375
0.717972 0.007642 0.124124
0.719068 -0.002686 0.125926
0.722562 -0.012020 0.127893
0.723212 -0.011084 0.127973
0.720150 -0.017328 0.128013
0.724253 -0.023941 0.126691
0.717176 -0.034383 0.126675
0.721455 -0.045200 0.126963
0.725090 -0.056991 0.124443
0.725601 -0.055974 0.124807
0.724060 -0.073580 0.123899
0.721966 -0.077661 0.123393
0.722441 -0.076617 0.123770
0.724130 -0.087739 0.121894
0.722850 -0.084541 0.128643
0.722412 -0.092198 0.125494
0.710802 -0.095841 0.124682
0.716923 -0.098038 0.126119
0.702116 -0.098379 0.124865
0.707644 -0.097913 0.125282
0.680990 -0.094940 0.123183
0.693269 -0.096930 0.125081
0.672806 -0.097383 0.111767
0.672540 -0.100809 0.121721
0.672757 -0.099656 0.122644
0.657515 -0.100248 0.127102
0.634624 -0.098658 0.110548
0.615708 -0.101351 0.112697
0.613287 -0.101070 0.110311
0.583635 -0.102287 0.111720
0.581286 -0.100902 0.110266
0.536972 -0.091952 0.030791
0.554043 -0.102125 0.110824
0.529263 -0.102286 0.109354
0.527752 -0.103413 0.107889
0.510808 -0.106724 0.107147
0.502431 -0.097255 0.107460
0.500488 -0.090207 0.109619
0.495615 -0.102277 0.109000
0.494562 -0.089249 0.106923
0.491008 -0.099511 0.108189
0.493971 -0.097092 0.111043
0.492906 -0.099829 0.112265
0.502594 -0.093106 0.110085
0.500778 -0.100062 0.108275
0.508614 -0.095988 0.112994
0.518324 -0.099669 0.107552
0.537316 -0.095199 0.109109
0.539875 -0.097864 0.110100
0.561129 -0.095096 0.110819
0.562871 -0.096897 0.108036
0.573651 -0.094325 0.111868
0.574282 -0.097164 0.116602
0.593466 -0.093815 0.111245
0.602399 -0.094900 0.109605
0.600684 -0.093782 0.077355
0.621955 -0.094084 0.113133
0.631373 -0.093660 0.115468
0.637138 -0.094726 0.116598
0.659084 -0.091831 0.116089
0.665671 -0.092478 0.116216
0.672427 -0.091237 0.118169
0.683063 -0.090378 0.116256
0.683965 -0.090911 0.117372
0.697838 -0.091576 0.120836
0.696832 -0.091763 0.119342
0.704196 -0.092546 0.120782
0.704005 -0.091401 0.120589
0.702621 -0.090475 0.120904
0.708104 -0.092000 0.121636
0.708030 -0.078684 0.119606
0.706262 -0.069544 0.121683
0.703620 -0.060501 0.120514
0.707817 -0.048375 0.118974
0.710759 -0.034439 0.118005
0.709667 -0.034559 0.117009
0.707515 -0.030394 0.120629
0.705465 -0.017916 0.119942
0.703639 -0.013350 0.118794
0.707134 -0.007084 0.117125
0.708399 -0.008218 0.118606
0.707959 0.004287 0.116537
0.708437 0.009177 0.119619
0.707674 0.012075 0.116123
0.704422 0.009336 0.116334
0.704370 0.009089 0.119083
0.705550 0.011701 0.115113
0.695147 0.009156 0.120496
0.697191 0.013876 0.119100
0.682514 0.012651 0.112187
0.673414 0.010724 0.117583
0.666273 0.008318 0.112511
0.653460 0.010089 0.117542
0.633894 0.013253 0.109548
0.636791 0.011918 0.114613
0.611694 0.009350 0.112185
0.610336 0.009384 0.110916
0.593989 0.005871 0.112521
0.584352 0.009368 0.113166
0.559936 0.008399 0.104200
0.562793 0.008306 0.112491
0.551844 0.006216 0.106150
0.537375 0.005244 0.108141
0.536688 0.005288 0.110382
0.515799 0.003062 0.107037
0.509531 0.003278 0.106210
0.496133 0.004858 0.101331
0.487095 0.002527 0.106938
0.485808 0.002571 0.106674
0.490156 0.001153 0.104995
0.482491 0.004801 0.103685
0.483155 0.011755 0.104908
0.483196 0.012949 0.104891
0.488693 0.028283 0.105209
0.487218 0.041853 0.107688
0.491033 0.053630 0.107074
0.485184 0.064119 0.108454
0.486957 0.082074 0.110510
0.488201 0.082013 0.110769
0.493702 0.091012 0.113484
0.489888 0.100657 0.109314
0.497977 0.109313 0.113553
0.493848 0.117627 0.112591
0.487276 0.120978 0.111833
0.489831 0.121905 0.112841
0.501830 0.119921 0.114936
0.495009 0.124673 0.113392
0.504467 0.122835 0.114722
0.504530 0.125552 0.112182
0.519662 0.122069 0.113831
0.515597 0.125696 0.113052
0.544332 0.121134 0.114098
0.548167 0.125020 0.111240
0.568659 0.120619 0.113751
0.574990 0.123539 0.112739
0.597869 0.121210 0.112501
0.614478 0.120704 0.113750
0.625906 0.120351 0.114866
0.634162 0.118603 0.115456
0.650807 0.117026 0.119159
0.657892 0.118456 0.116096
0.680063 0.116633 0.120600
0.678778 0.118566 0.117787
0.690934 0.117182 0.119946
0.697814 0.117815 0.119466
0.700980 0.117036 0.120285
0.708931 0.114546 0.123586
0.708633 0.113459 0.123667
0.712900 0.114088 0.124134
0.712455 0.115479 0.122761
0.711308 0.114530 0.122201
0.706622 0.114787 0.122179
0.702735 0.114753 0.123388
0.699701 0.115802 0.122536
0.689440 0.114978 0.123111
0.689051 0.113932 0.123222
0.669847 0.113286 0.121057
0.672470 0.114371 0.098037
0.650207 0.113221 0.120888
0.623951 0.110338 0.120378
0.615498 0.109495 0.119900
0.597430 0.110752 0.113095
0.588703 0.110658 0.117855
0.568419 0.108372 0.116329
0.563750 0.108792 0.115280
0.555211 0.109147 0.118128
0.549238 0.110691 0.116476
0.529094 0.107477 0.111711
0.518665 0.112728 0.111778
0.510513 0.110942 0.112341
0.508292 0.106921 0.111931
0.511250 0.106897 0.111978
0.509350 0.103784 0.110186
0.509946 0.093587 0.112725
0.509325 0.075281 0.113924
0.508044 0.068379 0.109856
0.507078 0.039413 0.110644
0.508629 0.029628 0.115625
0.509308 0.020013 0.108511
0.513638 0.010350 0.115456
0.511354 0.010083 0.115171
0.513810 0.011546 0.116414
0.516872 0.009637 0.113700
0.525238 0.009096 0.113982
0.528346 0.008931 0.113599
0.527946 0.007802 0.108203
0.548483 0.008250 0.113656
0.556620 0.008907 0.113100
0.572740 0.009968 0.114991
0.579992 0.011417 0.115160
0.597537 0.009492 0.116994
0.615500 0.010343 0.115039
0.625963 0.008083 0.115736
0.638960 0.007492 0.117345
0.658668 0.008213 0.119616
0.669591 0.009366 0.122913
0.678580 0.008985 0.123085
0.685089 0.010819 0.122399
0.703252 0.010947 0.123775
0.703928 0.011865 0.124209
0.715508 0.011608 0.126334
0.715824 0.011404 0.124846
0.721495 0.011197 0.125211
0.721102 0.009862 0.127536
0.723813 0.007073 0.125395
0.721240 0.000231 0.124426
0.716272 -0.001586 0.125164
0.723687 -0.004382 0.127070
0.719022 -0.013936 0.125570
0.724702 -0.021828 0.123672
0.722222 -0.053114 0.104290
0.726792 -0.061500 0.124206
0.728768 -0.076457 0.127327
0.729989 -0.074451 0.128364
0.729017 -0.087280 0.125726
0.727302 -0.085987 0.124870
0.717643 -0.088815 0.124810
0.711517 -0.091780 0.120011
0.711846 -0.089092 0.120553
0.718595 -0.090697 0.121874
0.709662 -0.091601 0.120437
0.702468 -0.089274 0.111799
0.666745 -0.086436 0.114210
0.664735 -0.089877 0.112259
0.636061 -0.087179 0.111559
0.615472 -0.089425 0.105716
0.598582 -0.095017 0.031428
0.590212 -0.094048 0.063509
0.558926 -0.093355 0.089660
0.546014 -0.106499 0.024995
0.545078 -0.106271 0.033735
0.515274 -0.105732 0.045991
0.501713 -0.092819 0.087848
0.507637 -0.104872 0.085423
0.488800 -0.103784 0.012586
0.498197 -0.104945 0.104356
0.497895 -0.100713 0.109094
0.499641 -0.098587 0.107469
0.501298 -0.093053 0.108054
0.502906 -0.103116 0.108027
0.521416 -0.092238 0.111513
0.516799 -0.101392 0.110659
0.533584 -0.095509 0.113526
0.549833 -0.096961 0.119891
0.548549 -0.095561 0.115927
0.571367 -0.096128 0.122391
0.583093 -0.093014 0.118417
0.598946 -0.096126 0.116474
0.609561 -0.093861 0.119792
0.624910 -0.094292 0.118844
0.635413 -0.092693 0.118670
0.641027 -0.094843 0.118983
0.658343 -0.090985 0.121377
0.662865 -0.093807 0.119031
0.677806 -0.091717 0.120655
0.687685 -0.091748 0.121545
0.693488 -0.091632 0.121474
0.697968 -0.092215 0.121207
0.702482 -0.089731 0.121640
0.704466 -0.091857 0.121891
0.701433 -0.089442 0.116618
0.702714 -0.077411 0.119647
0.702629 -0.062266 0.120532
0.705835 -0.054546 0.108235
0.704076 -0.048781 0.119737
0.706622 -0.036560 0.121547
0.703566 -0.028345 0.119449
0.706271 -0.023351 0.120961
0.704012 -0.002789 0.117820
0.705531 0.001817 0.116477
0.705245 0.001029 0.120925
0.710637 0.008565 0.120743
0.705940 0.009453 0.118358
0.704458 0.011739 0.117819
0.709572 0.011952 0.120428
0.710088 0.011131 0.121142
0.695984 0.012038 0.115284
0.695771 0.012811 0.117838
0.681640 0.011808 0.117216
0.677776 0.013479 0.113527
0.657961 0.009541 0.110589
0.662994 0.012955 0.108868
0.621954 0.011448 0.092313
0.632577 0.013073 0.108905
0.589833 0.011173 0.104095
0.582375 0.011019 0.104175
0.553533 0.010770 0.094717
0.529473 0.019467 0.026293
0.525931 0.012111 0.098161
0.520948 0.013036 0.083698
0.503973 0.006722 0.101772
0.504513 0.012784 0.100600
0.493901 0.004942 0.107673
0.489283 0.010728 0.105763
0.486498 0.006998 0.103307
0.482716 0.009632 0.104407
0.489076 0.013720 0.106580
0.483412 0.025456 0.105609
0.484746 0.034046 0.104702
0.481371 0.055672 0.105526
0.486342 0.079040 0.107976
0.490351 0.086550 0.107297
0.490212 0.099459 0.107435
0.497536 0.106558 0.110495
0.492206 0.111838 0.110028
0.494673 0.109625 0.109853
0.493429 0.113412 0.112086
0.496764 0.111357 0.110672
0.502885 0.121723 0.110615
0.519453 0.119491 0.111798
0.513801 0.125667 0.110340
0.544180 0.118287 0.112934
0.550791 0.121513 0.113531
0.574760 0.116210 0.114805
0.570031 0.123432 0.112518
0.607415 0.117894 0.115561
0.615935 0.121126 0.116875
0.637340 0.117338 0.115671
0.643689 0.118179 0.116990
0.664936 0.115876 0.118720
0.672733 0.117037 0.118854
0.680505 0.115963 0.119554
0.693419 0.115294 0.118218
0.699638 0.117671 0.118040
0.701204 0.118108 0.116028
0.707162 0.116765 0.119763
0.710694 0.116505 0.118865
0.708284 0.117078 0.119782
0.708017 0.116554 0.117751
0.697424 0.117238 0.118362
0.694677 0.117977 0.116460
0.693236 0.117267 0.116560
0.690181 0.117058 0.117530
0.689694 0.116052 0.118193
0.656867 0.113214 0.115961
0.639214 0.107535 0.104538
0.620427 0.101380 0.057958
0.605796 0.107602 0.113802
0.598787 0.110220 0.113458
0.589217 0.110955 0.112423
0.573546 0.112341 0.112219
0.552141 0.107830 0.110337
0.546160 0.111443 0.111491
0.520489 0.107574 0.111735
0.523526 0.112560 0.111832
0.512725 0.108074 0.110638
0.513119 0.110671 0.111370
0.509730 0.109778 0.109854
0.509306 0.108718 0.112053
0.508305 0.105265 0.112428
0.507006 0.095126 0.113610
0.505221 0.085148 0.109247
0.506656 0.059084 0.114051
0.506896 0.038029 0.113056
0.507912 0.037481 0.113861
0.506102 0.025124 0.109596
0.509709 0.020656 0.114419
0.511364 0.012071 0.114299
0.509566 0.011641 0.113155
0.510205 0.009993 0.113465
0.513550 0.010327 0.113825
0.513608 0.010442 0.114312
0.523883 0.008609 0.116807
0.527084 0.007244 0.110043
0.526227 0.006229 0.109430
0.551480 0.007555 0.117799
0.559593 0.004837 0.118595
0.577407 0.007571 0.120763
0.576051 0.004177 0.112268
0.593897 0.005992 0.118920
0.613301 0.006841 0.119149
0.613573 0.005923 0.114214
0.643225 0.008006 0.125406
0.660368 0.010301 0.122965
0.661851 0.007434 0.123240
0.684657 0.010803 0.126923
0.687798 0.008677 0.125384
0.692289 0.009053 0.127430
0.710445 0.011158 0.123129
0.714793 0.011586 0.125704
0.717233 0.009662 0.124444
0.716217 0.010525 0.125123
0.719094 0.009015 0.126677
0.716529 0.003833 0.124775
0.720060 -0.002181 0.126680
0.714722 -0.010943 0.123676
0.721747 -0.018098 0.125661
0.718391 -0.022630 0.123799
0.721712 -0.037888 0.125102
0.719742 -0.048130 0.123510
0.723402 -0.061871 0.124028
0.725784 -0.084397 0.121768
0.713839 -0.089813 0.122287
0.724322 -0.087895 0.123266
0.716577 -0.090808 0.122300
0.726627 -0.088883 0.123686
0.731865 -0.090148 0.128310
0.695776 -0.085872 0.121828
0.697874 -0.087809 0.122646
0.685494 -0.087041 0.118771
0.674225 -0.090173 0.117423
0.643785 -0.086591 0.111258
0.638381 -0.090399 0.111079
0.622432 -0.087162 0.120954
0.616001 -0.087932 0.121752
0.564901 -0.093881 0.031279
0.575048 -0.097063 0.085661
0.543627 -0.096619 0.074065
0.537759 -0.102608 0.081383
0.504714 -0.095899 0.044256
0.507791 -0.101466 0.097472
0.498338 -0.093225 0.107239
0.494492 -0.102177 0.102746
0.495124 -0.093794 0.108396
0.493677 -0.100737 0.106626
0.497416 -0.090880 0.109718
0.497469 -0.097855 0.112551
0.495798 -0.097558 0.109452
0.495373 -0.101847 0.110378
