0.514107 -0.082830 0.114875
0.514083 -0.084406 0.114875
0.514866 -0.083621 0.114625
0.516965 -0.084429 0.115339
0.515294 -0.084358 0.114088
0.514423 -0.083508 0.112839
0.514151 -0.083738 0.113731
0.515154 -0.084251 0.114550
0.514338 -0.083429 0.114050
0.518412 -0.085721 0.115868
0.520728 -0.084939 0.114868
0.529015 -0.084998 0.113729
0.536124 -0.084303 0.112977
0.536397 -0.083654 0.113890
0.541927 -0.084534 0.113889
0.548220 -0.083525 0.113483
0.548993 -0.084322 0.113233
0.555388 -0.085883 0.115018
0.557746 -0.085085 0.113769
0.561853 -0.085815 0.113248
0.563453 -0.085862 0.113999
0.569483 -0.085526 0.113735
0.573446 -0.084747 0.112485
0.577229 -0.085061 0.112687
0.581188 -0.085923 0.113187
0.589648 -0.083907 0.114500
0.593601 -0.084736 0.114252
0.598907 -0.084207 0.114302
0.601283 -0.085007 0.113803
0.605840 -0.086078 0.113899
0.608215 -0.086886 0.113649
0.613262 -0.087212 0.112198
0.615629 -0.088046 0.112699
0.622587 -0.088636 0.114261
0.621006 -0.088615 0.114010
0.624974 -0.087862 0.114265
0.633926 -0.086162 0.117212
0.633247 -0.086810 0.113460
0.643638 -0.085902 0.115977
0.644386 -0.086736 0.116976
0.655112 -0.087934 0.119757
0.654491 -0.087008 0.116259
0.665810 -0.089802 0.120635
0.666597 -0.089010 0.120641
0.672993 -0.088710 0.120949
0.677716 -0.088682 0.121213
0.684903 -0.088417 0.123447
0.688164 -0.088315 0.121959
0.694657 -0.088652 0.119990
0.695404 -0.087869 0.120498
0.702499 -0.088180 0.119619
0.700901 -0.086610 0.119374
0.707565 -0.087111 0.119797
0.707542 -0.088735 0.120535
0.713103 -0.089324 0.120937
0.711530 -0.089352 0.120679
0.716608 -0.090030 0.120190
0.713460 -0.088463 0.118937
0.718457 -0.089414 0.120138
0.715190 -0.087952 0.120885
0.713661 -0.087934 0.119628
0.714127 -0.084805 0.119103
0.713351 -0.085627 0.119093
0.714593 -0.081520 0.120739
0.713007 -0.079864 0.118994
0.713448 -0.075184 0.115374
0.712669 -0.076014 0.115365
0.717081 -0.073623 0.120344
0.713778 -0.068719 0.117610
0.712844 -0.061411 0.115270
0.711060 -0.056775 0.116791
0.715182 -0.057032 0.117496
0.711680 -0.048958 0.116032
0.712921 -0.042402 0.115974
0.712148 -0.043240 0.115965
0.710246 -0.035281 0.112139
0.711012 -0.034319 0.111148
0.711731 -0.028628 0.114446
0.711657 -0.026948 0.113955
0.713868 -0.023420 0.115820
0.712068 -0.019841 0.112582
0.712770 -0.015734 0.113310
0.711949 -0.015126 0.114560
0.712816 -0.010287 0.115315
0.711188 -0.010231 0.114308
0.711664 -0.004018 0.114370
0.712740 0.002071 0.113459
0.711681 0.006285 0.111980
0.711774 0.004630 0.112220
0.713483 0.009696 0.111987
0.714291 0.010260 0.113994
0.714493 0.012686 0.112516
0.713851 0.010115 0.113247
0.715731 0.011658 0.116514
0.714853 0.012581 0.115265
0.712308 0.012830 0.116914
0.708345 0.011887 0.116139
0.708927 0.015898 0.115939
0.709776 0.016397 0.118696
0.703991 0.017912 0.117344
0.698851 0.013169 0.120797
0.692719 0.014058 0.119388
0.688681 0.011738 0.116360
0.681780 0.011751 0.119905
0.681440 0.013653 0.116911
0.674249 0.012497 0.118095
0.671837 0.011606 0.117586
0.661335 0.012777 0.111494
0.663404 0.012497 0.115746
0.658178 0.015379 0.115637
0.653436 0.008999 0.121381
0.645647 0.013657 0.119277
0.644780 0.012868 0.118528
0.636302 0.014383 0.119428
0.629501 0.009480 0.115941
0.622417 0.011160 0.119445
0.623620 0.008631 0.121448
0.613227 0.010035 0.116808
0.602495 0.010804 0.118990
0.600210 0.010959 0.114993
0.594675 0.010593 0.121505
0.588915 0.009050 0.116269
0.582470 0.011429 0.117232
0.580865 0.009735 0.117240
0.572495 0.010337 0.114971
0.569710 0.009512 0.113230
0.562617 0.010665 0.116530
0.560051 0.008150 0.115795
0.554450 0.008410 0.119372
0.552638 0.007739 0.113879
0.543228 0.009761 0.111161
0.542404 0.008911 0.111167
0.535058 0.011421 0.111847
0.533747 0.011641 0.104850
0.528473 0.010516 0.110435
0.529151 0.008755 0.113942
0.523045 0.009570 0.112961
0.522215 0.008727 0.112969
0.515905 0.010443 0.107345
0.514679 0.009299 0.111905
0.514781 0.007620 0.112415
0.509859 0.008991 0.114034
0.513933 0.008187 0.113273
0.511166 0.008305 0.117646
0.512208 0.007460 0.118897
0.506942 0.008660 0.113438
0.510259 0.008657 0.113174
0.510197 0.011274 0.115262
0.511180 0.010424 0.116264
0.511480 0.014871 0.120946
0.510637 0.022172 0.117604
0.511565 0.021314 0.118357
0.509472 0.027110 0.117330
0.511555 0.026978 0.120573
0.510641 0.035397 0.118576
0.511647 0.034492 0.120078
0.508944 0.045067 0.115163
0.511729 0.044059 0.117660
0.508683 0.051053 0.113534
0.511640 0.053277 0.117261
0.509781 0.060615 0.118656
0.511330 0.062338 0.117392
0.507911 0.071147 0.111144
0.510110 0.070716 0.116140
0.508678 0.078319 0.112253
0.509527 0.079143 0.112247
0.509812 0.086888 0.112265
0.510853 0.085829 0.114518
0.510348 0.091856 0.115040
0.510805 0.093085 0.110785
0.511044 0.096689 0.114541
0.510904 0.100230 0.112530
0.510694 0.106366 0.111012
0.511793 0.106877 0.114010
0.511772 0.106903 0.113759
0.511408 0.111768 0.115622
0.510646 0.115621 0.115692
0.509891 0.114695 0.116694
0.509243 0.116819 0.115363
0.509291 0.115080 0.116115
0.512528 0.111787 0.115368
0.512470 0.114539 0.114674
0.517502 0.114862 0.112526
0.518424 0.113891 0.114027
0.526410 0.115409 0.112199
0.533443 0.115950 0.112052
0.537707 0.113168 0.115554
0.542982 0.115256 0.116884
0.550362 0.114590 0.114647
0.556999 0.112652 0.118407
0.560213 0.113382 0.114968
0.563514 0.113367 0.115225
0.568087 0.115077 0.115872
0.571380 0.113388 0.116625
0.579645 0.115105 0.115882
0.582115 0.114279 0.116136
0.588432 0.114816 0.117458
0.588471 0.114935 0.115709
0.594093 0.116073 0.116086
0.595756 0.114447 0.116084
0.602713 0.115048 0.115523
0.605183 0.114244 0.115778
0.610570 0.114363 0.115096
0.614653 0.115227 0.115617
0.615477 0.114402 0.115866
0.623196 0.114532 0.114162
0.630752 0.114200 0.114113
0.637189 0.113584 0.115809
0.639622 0.114452 0.116075
0.640560 0.113759 0.114325
0.647775 0.113842 0.116575
0.653868 0.113918 0.116286
0.654680 0.113091 0.116786
0.662841 0.112356 0.118210
0.661999 0.111469 0.118951
0.662794 0.112311 0.118960
0.670671 0.112350 0.117720
0.670801 0.112469 0.115722
0.677451 0.113461 0.115711
0.678196 0.112578 0.117210
0.684310 0.112575 0.118101
0.685086 0.111727 0.119100
0.691645 0.110915 0.120128
0.690869 0.111759 0.119128
0.697113 0.111853 0.118683
0.697130 0.111868 0.118433
0.701599 0.110566 0.122977
0.701921 0.112541 0.117240
0.707278 0.111951 0.126104
0.706864 0.113130 0.119608
0.711552 0.113590 0.119664
0.711399 0.111742 0.123152
0.709808 0.113401 0.121403
0.714044 0.111505 0.120541
0.717618 0.109561 0.122688
0.723623 0.111187 0.118093
0.721817 0.110926 0.121082
0.720184 0.110844 0.121073
0.721422 0.109687 0.120686
0.720612 0.110522 0.119685
0.722190 0.108052 0.127205
0.721206 0.110268 0.120092
0.717063 0.110855 0.120576
0.715782 0.111225 0.120326
0.712485 0.110954 0.122059
0.709221 0.110802 0.121793
0.707294 0.112041 0.121780
0.703246 0.111054 0.121010
0.700938 0.112961 0.118883
0.696870 0.111938 0.118614
0.692945 0.112996 0.115693
0.685644 0.114493 0.114878
0.685840 0.112677 0.117626
0.684131 0.112678 0.116120
0.675710 0.114155 0.113662
0.666730 0.114193 0.112737
0.664362 0.113463 0.113596
0.659149 0.114972 0.111583
0.655403 0.113519 0.111678
0.651225 0.114116 0.111919
0.652162 0.113288 0.112671
0.643178 0.113302 0.112508
0.643896 0.114215 0.111759
0.635012 0.113119 0.112830
0.631454 0.113063 0.112257
0.627370 0.113639 0.113254
0.617476 0.115502 0.107388
0.615158 0.114480 0.108639
0.606237 0.114439 0.110591
0.600790 0.114216 0.111340
0.597466 0.114054 0.111339
0.598254 0.114922 0.111339
0.591329 0.114141 0.112308
0.589569 0.114100 0.111557
0.583393 0.113986 0.109860
0.576959 0.114276 0.112194
0.577607 0.115196 0.111194
0.569566 0.116477 0.110204
0.569390 0.116547 0.108954
0.562318 0.118891 0.107377
0.562068 0.117808 0.111127
0.562478 0.116034 0.113378
0.554923 0.114883 0.112377
0.555975 0.114034 0.113627
0.547770 0.115382 0.111323
0.547019 0.114507 0.111574
0.538942 0.114161 0.112894
0.538788 0.114210 0.111894
0.533579 0.114800 0.113654
0.530623 0.114025 0.110407
0.522125 0.113649 0.109961
0.522840 0.114533 0.109458
0.515139 0.113959 0.111828
0.516046 0.113155 0.112079
0.509685 0.113682 0.111584
0.510035 0.114662 0.108830
0.508955 0.114414 0.113007
0.509595 0.115312 0.112003
0.506897 0.114569 0.111482
0.507674 0.111245 0.111728
0.504010 0.111841 0.113243
0.508020 0.106893 0.117251
0.504476 0.101024 0.112053
0.507346 0.096956 0.114060
0.502791 0.093704 0.114603
0.505907 0.090537 0.112357
0.507002 0.080996 0.119046
0.508843 0.078565 0.113051
0.507674 0.073202 0.115450
0.506933 0.067506 0.113877
0.508711 0.064270 0.114385
0.506664 0.061656 0.116758
0.508958 0.055871 0.113774
0.508190 0.052130 0.115764
0.508798 0.049569 0.113022
0.507779 0.045156 0.112409
0.509875 0.042076 0.116666
0.509572 0.035932 0.119658
0.507840 0.030997 0.120679
0.508889 0.028978 0.113686
0.509776 0.029859 0.114427
0.510115 0.025045 0.117755
0.509437 0.020133 0.118543
0.509441 0.018483 0.118553
0.509101 0.014186 0.120184
0.509845 0.014951 0.119176
0.509004 0.011555 0.117860
0.511435 0.012338 0.117094
0.511035 0.009571 0.115925
0.509852 0.007556 0.114233
0.512326 0.010002 0.113455
0.516610 0.010886 0.114930
0.520953 0.010869 0.115111
0.519194 0.010815 0.113618
0.532905 0.012542 0.116407
0.530364 0.013357 0.115161
0.538724 0.011432 0.115880
0.546458 0.011246 0.114598
0.549010 0.013720 0.114825
0.555450 0.012403 0.116077
0.557962 0.013188 0.115816
0.565074 0.011803 0.116048
0.567617 0.014228 0.114528
0.571456 0.011460 0.112509
0.575635 0.012345 0.117995
0.582994 0.012269 0.117082
0.583815 0.011417 0.116835
0.583840 0.011371 0.114585
0.592936 0.011662 0.119501
0.593866 0.014100 0.116739
0.601896 0.012583 0.117674
0.609808 0.012801 0.117757
0.618970 0.013919 0.118043
0.617476 0.015593 0.113790
0.627883 0.015334 0.118907
0.626318 0.015353 0.116408
0.635309 0.014266 0.117303
0.636990 0.014243 0.117052
0.644339 0.015005 0.117068
0.645853 0.014981 0.120068
0.653746 0.015659 0.117035
0.655447 0.015643 0.116534
0.663589 0.015750 0.121851
0.663987 0.017460 0.115601
0.671871 0.016527 0.120506
0.671154 0.017382 0.118757
0.676558 0.015949 0.118992
0.678149 0.015929 0.120243
0.684395 0.016107 0.119128
0.684427 0.016112 0.118628
0.691692 0.016366 0.117241
0.690693 0.015501 0.119739
0.695788 0.016274 0.116424
0.696629 0.017111 0.116427
0.700097 0.015361 0.119436
0.699262 0.016196 0.119436
0.704064 0.015558 0.121819
0.703445 0.016457 0.117820
0.710066 0.016453 0.120515
0.709205 0.015607 0.121012
0.715371 0.014503 0.119164
0.720887 0.013821 0.124846
0.719548 0.013919 0.118594
0.725757 0.012788 0.118962
0.721449 0.013551 0.121456
0.722067 0.010932 0.123045
0.719699 0.010131 0.119539
0.723465 0.009097 0.118631
0.719330 0.008247 0.116872
0.716296 0.000848 0.116912
0.717085 0.001679 0.119415
0.717734 -0.002384 0.113621
0.716847 -0.003242 0.118618
0.715708 -0.009956 0.118584
0.715028 -0.016475 0.117363
0.715049 -0.018118 0.119610
0.716388 -0.022272 0.116162
0.715587 -0.024751 0.118406
0.714434 -0.035162 0.119201
0.715165 -0.039815 0.118928
0.716707 -0.045681 0.119953
0.714204 -0.046562 0.119450
0.714226 -0.048221 0.119698
0.714833 -0.053223 0.119163
0.715220 -0.057188 0.117550
0.713538 -0.058928 0.116546
0.713560 -0.064233 0.116669
0.715563 -0.067947 0.118933
0.714654 -0.070631 0.115679
0.715341 -0.075352 0.117256
0.713761 -0.075223 0.120005
0.713676 -0.075357 0.117505
0.713503 -0.081383 0.116869
0.714904 -0.085342 0.118531
0.714563 -0.089861 0.116968
0.713700 -0.089059 0.116468
0.715217 -0.092874 0.119824
0.714627 -0.097432 0.115982
0.713789 -0.094909 0.116232
0.714470 -0.098973 0.115938
0.711905 -0.094832 0.115188
0.711099 -0.095868 0.116715
0.708650 -0.093321 0.117965
0.709979 -0.095958 0.117968
0.704231 -0.091748 0.119719
0.702420 -0.091824 0.117471
0.698289 -0.092914 0.113952
0.694348 -0.091993 0.117454
0.690309 -0.093152 0.114044
0.689448 -0.092320 0.113793
0.684111 -0.092086 0.114505
0.681751 -0.092708 0.118646
0.681098 -0.091838 0.120646
0.676628 -0.093008 0.118814
0.674338 -0.092130 0.121065
0.670762 -0.092120 0.120718
0.666332 -0.091301 0.118223
0.663005 -0.091633 0.118608
0.657475 -0.091662 0.114116
0.658476 -0.092486 0.115616
0.649476 -0.090639 0.112239
0.652548 -0.091438 0.116985
0.646157 -0.091505 0.117990
0.645179 -0.090676 0.116740
0.641554 -0.089586 0.115007
0.639501 -0.089602 0.112013
0.636013 -0.089959 0.117319
0.632381 -0.088713 0.117198
0.627832 -0.088786 0.107966
0.628590 -0.090367 0.114219
0.620908 -0.089068 0.114355
0.617698 -0.089934 0.109624
0.611393 -0.090985 0.111498
0.614220 -0.091850 0.113738
0.606280 -0.090381 0.112415
0.605510 -0.091176 0.113173
0.597865 -0.089345 0.108529
0.599744 -0.090044 0.115773
0.591170 -0.089995 0.110219
0.592206 -0.090832 0.111719
0.585704 -0.091615 0.114347
0.584593 -0.092463 0.112858
0.579074 -0.091604 0.112441
0.577008 -0.090575 0.115196
0.569793 -0.091515 0.113309
0.566897 -0.090635 0.110817
0.558370 -0.090717 0.109048
0.558972 -0.091639 0.107801
0.552103 -0.092263 0.110493
0.552061 -0.092272 0.110243
0.548291 -0.092069 0.117119
0.538099 -0.091531 0.108935
0.541800 -0.092252 0.116177
0.532304 -0.090951 0.111713
0.532686 -0.090876 0.113961
0.531965 -0.091017 0.109715
0.525245 -0.090208 0.112942
0.520325 -0.089848 0.111040
0.516090 -0.090296 0.115271
0.518452 -0.089648 0.114010
0.515003 -0.089227 0.118240
0.515223 -0.090221 0.114745
0.515493 -0.090343 0.118785
0.516780 -0.090527 0.116283
0.512503 -0.088015 0.117201
0.513808 -0.089828 0.115458
0.512421 -0.090431 0.115417
0.513240 -0.088027 0.114155
0.512898 -0.090209 0.115278
0.515519 -0.089516 0.115771
0.514475 -0.090052 0.118685
0.514317 -0.090087 0.117435
0.510723 -0.089964 0.114834
0.511424 -0.089216 0.113332
0.511316 -0.092255 0.114563
0.513010 -0.089054 0.113055
0.509336 -0.094481 0.113759
0.513774 -0.090551 0.114005
0.515495 -0.090636 0.114506
0.519019 -0.089192 0.112463
0.519850 -0.088406 0.111964
0.523732 -0.090718 0.110826
0.524647 -0.089926 0.111329
0.542187 -0.091271 0.114998
0.541348 -0.088751 0.112752
0.547867 -0.092736 0.116103
0.553673 -0.090498 0.114880
0.560325 -0.091805 0.115385
0.562867 -0.089429 0.114904
0.569412 -0.090383 0.117806
0.571861 -0.089608 0.115570
0.578812 -0.089962 0.115289
0.578017 -0.089115 0.115039
0.584760 -0.090282 0.114349
0.594981 -0.089846 0.116443
0.594184 -0.089016 0.116443
0.600754 -0.089367 0.114699
0.601628 -0.088485 0.112211
0.609300 -0.089199 0.113948
0.610910 -0.089246 0.114708
0.616817 -0.090726 0.114459
0.619250 -0.089955 0.114981
0.623550 -0.089647 0.114296
0.625159 -0.089677 0.114806
0.629945 -0.089345 0.111953
0.630648 -0.088669 0.115214
0.635386 -0.089961 0.114758
0.637762 -0.089216 0.116280
0.645180 -0.091133 0.114596
0.648446 -0.091102 0.114118
0.655350 -0.091367 0.116011
0.656136 -0.092192 0.116509
0.663254 -0.091482 0.115595
0.664139 -0.090596 0.114109
0.670860 -0.089886 0.114771
0.670788 -0.089948 0.116020
0.677220 -0.090061 0.115430
0.677196 -0.088445 0.115446
0.682417 -0.089331 0.115157
0.681595 -0.090182 0.115642
0.687187 -0.089530 0.117044
0.686286 -0.090461 0.119029
0.691417 -0.091347 0.118785
0.689878 -0.091319 0.117525
0.694742 -0.091509 0.117569
0.693258 -0.093068 0.115796
0.697587 -0.093070 0.116594
0.695866 -0.091585 0.118096
0.695050 -0.092451 0.118833
0.698870 -0.091687 0.117069
0.701723 -0.090771 0.116743
0.706849 -0.091418 0.116952
0.706067 -0.090567 0.115704
0.709007 -0.091467 0.116499
0.708227 -0.092300 0.116489
0.711731 -0.092950 0.117177
0.711715 -0.092978 0.117677
0.711353 -0.090258 0.114226
0.708791 -0.086295 0.114236
0.713528 -0.086469 0.114633
0.709276 -0.079113 0.111901
0.707506 -0.076175 0.115158
0.708156 -0.072681 0.115410
0.711954 -0.071531 0.115909
0.710994 -0.067578 0.116673
0.706799 -0.063223 0.111925
0.708100 -0.058934 0.115993
0.708163 -0.052286 0.114785
0.708092 -0.050525 0.113541
0.710481 -0.047915 0.113748
0.708633 -0.042684 0.110259
0.709736 -0.033934 0.110666
0.708952 -0.033668 0.114914
0.708094 -0.032758 0.113914
0.708699 -0.026676 0.111258
0.709943 -0.019563 0.113124
0.710589 -0.014432 0.111425
0.709709 -0.013444 0.109925
0.709766 -0.013814 0.112674
0.709290 -0.005059 0.107159
0.709506 -0.007567 0.113403
0.709535 0.001172 0.111061
0.710327 0.001956 0.111566
0.709540 0.009143 0.108383
0.711215 0.008997 0.109888
0.713004 0.012687 0.111995
0.712549 0.015907 0.114214
0.711711 0.015407 0.111710
0.711988 0.017638 0.112078
0.712009 0.017534 0.112828
0.712439 0.016331 0.115003
0.709312 0.013106 0.113486
0.708744 0.015842 0.113856
0.706140 0.016937 0.110602
0.702424 0.015558 0.117336
0.695250 0.011371 0.115305
0.688464 0.013604 0.113213
0.686272 0.010863 0.114952
0.680602 0.015247 0.112828
0.680978 0.011718 0.115573
0.675569 0.013055 0.114205
0.672063 0.015056 0.116055
0.668846 0.011768 0.114803
0.664598 0.012431 0.116724
0.661972 0.011695 0.114473
0.656795 0.012536 0.115487
0.654296 0.011680 0.114738
0.650575 0.013533 0.116275
0.648839 0.011942 0.114778
0.648458 0.010839 0.118530
0.643057 0.012080 0.117699
0.642295 0.011219 0.117953
0.636056 0.011243 0.114878
0.634080 0.011359 0.112130
0.627474 0.012519 0.113429
0.625691 0.012533 0.112431
0.618520 0.013271 0.109883
0.612548 0.014197 0.115246
0.611885 0.011660 0.116007
0.604064 0.012034 0.113323
0.603423 0.011123 0.114578
0.594743 0.012422 0.114235
0.586604 0.012912 0.110566
0.585186 0.012794 0.112319
0.577129 0.013537 0.112716
0.569402 0.014760 0.110075
0.567911 0.013017 0.111085
0.561868 0.014446 0.111321
0.560536 0.012665 0.113331
0.548907 0.012030 0.108577
0.551853 0.011126 0.111076
0.542845 0.011254 0.109343
0.539940 0.011104 0.112099
0.534095 0.010286 0.110871
0.534137 0.010276 0.111121
0.525778 0.010952 0.110516
0.526290 0.010198 0.108519
0.520562 0.011793 0.106056
0.521342 0.009953 0.110563
0.515541 0.009512 0.110645
0.517512 0.009464 0.112391
0.511456 0.010130 0.110586
0.514225 0.009260 0.112084
0.513611 0.009593 0.116329
0.512638 0.011528 0.116204
0.512796 0.009841 0.117211
0.511295 0.012472 0.120206
0.514051 0.011584 0.122204
0.508735 0.012222 0.122406
0.513640 0.021550 0.116107
0.510972 0.025494 0.121545
0.511635 0.026386 0.120290
0.508460 0.031496 0.118342
0.509127 0.034053 0.117082
0.507908 0.039155 0.118522
0.508699 0.041652 0.118263
0.506868 0.051096 0.118132
0.507882 0.054920 0.112369
0.506980 0.063358 0.110843
0.509330 0.061063 0.117346
0.508206 0.068583 0.118307
0.509083 0.069361 0.118804
0.506762 0.077127 0.114627
0.507382 0.084684 0.114047
0.507526 0.082844 0.115550
0.506683 0.093668 0.112282
0.507634 0.092682 0.113533
0.507656 0.101005 0.113498
0.509238 0.107922 0.113979
0.506443 0.111106 0.115832
0.508770 0.113887 0.113833
0.507347 0.119490 0.113843
0.506615 0.118483 0.115092
0.505606 0.122259 0.114718
0.509874 0.118020 0.115464
0.514392 0.116724 0.118419
0.515315 0.115730 0.119918
0.523866 0.115389 0.116681
0.525522 0.115407 0.116682
0.538264 0.114993 0.116195
0.539973 0.113181 0.117943
0.547689 0.115971 0.116223
0.552672 0.114386 0.116226
0.557710 0.117532 0.117446
0.565210 0.113592 0.116698
0.576812 0.113872 0.118191
0.587797 0.114171 0.117551
0.587816 0.115932 0.116306
0.596585 0.113131 0.117581
0.597393 0.113976 0.117585
0.604809 0.116916 0.117035
0.608233 0.115468 0.115537
0.618848 0.117781 0.117940
0.620637 0.116295 0.116439
0.620561 0.114503 0.118182
0.632134 0.115451 0.117577
0.642751 0.116811 0.118128
0.645276 0.116084 0.117883
0.652652 0.116036 0.119182
0.657751 0.114631 0.118193
0.660111 0.113782 0.119698
0.669264 0.113816 0.119397
0.678171 0.114627 0.119281
0.679000 0.113817 0.119531
0.685995 0.114364 0.120161
0.687861 0.114577 0.118170
0.698377 0.114949 0.122794
0.705556 0.113745 0.122080
0.706357 0.112927 0.122580
0.714309 0.113586 0.120353
0.714184 0.111820 0.122093
0.717007 0.113458 0.118541
0.715794 0.112317 0.122529
0.714018 0.113542 0.120339
0.714789 0.112693 0.121340
0.714414 0.115041 0.117348
0.705207 0.115309 0.118295
0.695293 0.114444 0.116829
0.690280 0.114069 0.118298
0.686526 0.113811 0.117303
0.682377 0.114476 0.116282
0.669311 0.117226 0.111968
0.664331 0.116923 0.112192
0.657379 0.117889 0.107851
0.654203 0.117282 0.113583
0.654335 0.115534 0.114829
0.641758 0.115306 0.112609
0.638710 0.113906 0.114422
0.633493 0.115457 0.111901
0.625298 0.115759 0.111756
0.623214 0.114469 0.116747
0.620684 0.113588 0.115485
0.609409 0.113777 0.111384
0.607856 0.113611 0.112628
0.593675 0.116950 0.108189
0.596881 0.115843 0.114449
0.584360 0.117744 0.112220
0.582873 0.115946 0.112967
0.576458 0.116589 0.113003
0.565932 0.115986 0.113453
0.564266 0.115904 0.113450
0.556947 0.116667 0.110892
0.550219 0.116364 0.110634
0.539807 0.116906 0.110052
0.539620 0.115799 0.114054
0.530810 0.117407 0.112887
0.526267 0.116537 0.110387
0.516703 0.115822 0.108540
0.508866 0.115097 0.111018
0.509035 0.115044 0.112018
0.504480 0.116088 0.112293
0.508509 0.114361 0.116046
0.511161 0.113592 0.116797
0.506210 0.112856 0.117842
0.509290 0.111417 0.115844
0.506399 0.102399 0.111735
0.508179 0.102433 0.112482
0.506087 0.089811 0.113104
0.506823 0.090675 0.112599
0.501914 0.090611 0.114492
0.507531 0.079185 0.116531
0.504841 0.074213 0.115785
0.507404 0.068492 0.115056
0.505919 0.064405 0.116753
0.507603 0.061138 0.116266
0.508628 0.060374 0.117767
0.505969 0.054368 0.114194
0.508138 0.045153 0.118221
0.505414 0.039452 0.116428
0.509096 0.036353 0.119434
0.506548 0.033738 0.112908
0.509646 0.029908 0.118422
0.507592 0.025203 0.118901
0.507422 0.021766 0.116672
0.510200 0.021155 0.119667
0.506375 0.016227 0.114079
0.506808 0.011319 0.120944
0.507385 0.011989 0.118188
0.505767 0.008563 0.114340
0.508483 0.009562 0.116824
0.510858 0.007605 0.117746
0.516150 0.006833 0.120157
0.521610 0.009072 0.114371
0.520774 0.009907 0.114369
0.531751 0.009210 0.115116
0.532588 0.010046 0.115108
0.543244 0.009767 0.120679
0.548455 0.006500 0.118499
0.551807 0.008185 0.119477
0.555962 0.010652 0.118948
0.556362 0.007796 0.118570
0.567194 0.011878 0.116514
0.574033 0.009621 0.118317
0.589214 0.012444 0.118368
0.596198 0.011240 0.120124
0.598649 0.010414 0.121372
0.601174 0.011226 0.120364
0.610665 0.012564 0.120885
0.619384 0.012348 0.119528
0.621145 0.012344 0.117526
0.633045 0.012379 0.120082
0.634709 0.012378 0.120080
0.644441 0.012370 0.118495
0.645192 0.013195 0.119742
0.651443 0.011943 0.120197
0.654100 0.014469 0.117943
0.665491 0.012999 0.124170
0.666299 0.013826 0.124420
0.676543 0.014366 0.120329
0.686213 0.012430 0.121178
0.686930 0.013248 0.122429
0.693975 0.012458 0.120438
0.694531 0.013244 0.123439
0.701434 0.013085 0.123947
0.710631 0.013059 0.126745
0.709318 0.014791 0.122747
0.717566 0.012934 0.125040
0.716882 0.013795 0.123291
0.721507 0.013780 0.123154
0.726502 0.013936 0.123551
0.721527 0.012171 0.123534
0.726248 0.012206 0.117491
0.720211 0.007804 0.120963
0.721781 0.006130 0.122962
0.719109 0.000655 0.122981
0.718614 -0.005627 0.121503
0.719421 -0.006446 0.122502
0.719136 -0.014507 0.122014
0.718371 -0.025762 0.122971
0.716820 -0.027519 0.120462
0.721125 -0.030694 0.120047
0.717023 -0.034951 0.121030
0.716287 -0.041729 0.118439
0.717958 -0.041680 0.118692
0.717793 -0.051406 0.123205
0.717824 -0.051507 0.120705
0.716295 -0.058853 0.122988
0.717140 -0.059632 0.123738
0.719036 -0.065995 0.120256
0.717400 -0.067689 0.120503
0.717850 -0.073224 0.120593
0.717067 -0.075705 0.121340
0.715064 -0.083034 0.118972
0.715339 -0.089052 0.117056
0.716211 -0.089781 0.118556
0.713732 -0.092327 0.118220
0.716287 -0.092999 0.120221
0.714025 -0.090973 0.117462
0.714080 -0.092582 0.118713
0.708701 -0.092106 0.120233
0.706975 -0.090510 0.119231
0.703984 -0.092787 0.116623
0.698067 -0.090389 0.116122
0.692926 -0.090959 0.116145
0.692754 -0.089351 0.113644
0.683524 -0.087480 0.113123
0.677520 -0.086746 0.111873
0.678008 -0.091063 0.116797
0.675193 -0.088640 0.113545
0.667417 -0.087554 0.114508
0.666866 -0.088373 0.117509
0.654250 -0.087170 0.110810
0.652592 -0.085508 0.111309
0.642687 -0.086125 0.109628
0.641918 -0.085294 0.110377
0.635322 -0.084396 0.107594
0.626650 -0.085898 0.111525
0.622859 -0.086415 0.113445
0.616372 -0.083949 0.109444
0.609945 -0.085187 0.113164
0.605722 -0.081807 0.107665
0.605467 -0.082719 0.111665
0.594932 -0.080860 0.109312
0.592166 -0.081720 0.107812
0.582680 -0.082790 0.111659
0.570396 -0.083751 0.113963
0.558927 -0.082851 0.110217
0.556076 -0.083702 0.108469
0.544977 -0.083502 0.107062
0.529170 -0.084150 0.110374
0.530061 -0.083303 0.110623
0.520185 -0.083011 0.109296
0.520946 -0.083842 0.108797
0.514577 -0.084284 0.109825
0.513977 -0.085141 0.111077
0.510976 -0.084673 0.111434
0.512063 -0.085520 0.112686
0.504603 -0.085221 0.113008
0.507559 -0.086072 0.115259
0.500979 -0.085703 0.112694
0.505519 -0.084885 0.114437
0.499916 -0.085305 0.115315
0.505888 -0.086167 0.115814
0.502123 -0.085657 0.113736
0.510010 -0.084881 0.115726
0.509893 -0.084684 0.110394
0.509042 -0.085516 0.110399
0.513037 -0.084541 0.113490
0.517504 -0.085429 0.115739
0.521031 -0.085383 0.114324
0.533608 -0.086361 0.114815
0.529113 -0.086334 0.110969
0.541937 -0.085668 0.113954
0.544474 -0.087380 0.116870
0.555242 -0.086687 0.116108
0.562099 -0.086836 0.112964
0.567972 -0.086080 0.113459
0.571074 -0.086290 0.115478
0.576882 -0.085523 0.114221
0.580217 -0.083887 0.112963
0.585284 -0.084137 0.117396
0.591922 -0.084203 0.115392
0.596381 -0.084100 0.116779
0.599713 -0.084131 0.115779
0.604977 -0.084020 0.114471
0.609102 -0.084929 0.117472
0.620399 -0.085740 0.116251
0.622077 -0.084092 0.116500
0.630101 -0.085910 0.116178
0.632517 -0.086783 0.118429
0.641437 -0.086065 0.118100
0.643131 -0.087736 0.117101
0.651401 -0.087094 0.116748
0.652181 -0.087942 0.117748
0.660898 -0.088249 0.118562
0.663422 -0.089096 0.118063
0.670652 -0.088655 0.119133
0.674892 -0.087835 0.118136
0.683544 -0.087319 0.117937
0.687685 -0.088176 0.118439
0.695801 -0.088609 0.122688
0.695990 -0.088585 0.120189
0.705309 -0.088052 0.120898
0.707287 -0.086335 0.117153
0.715565 -0.087532 0.120995
0.713895 -0.087536 0.120993
0.719298 -0.089484 0.121682
0.714393 -0.087818 0.120178
0.711246 -0.086115 0.117177
0.713540 -0.081652 0.122563
0.720025 -0.081963 0.124041
0.716860 -0.073545 0.120306
0.715403 -0.063479 0.115517
0.716960 -0.065287 0.118515
0.719184 -0.061539 0.119899
0.718267 -0.059124 0.121405
0.719281 -0.051156 0.117962
0.714216 -0.040962 0.115483
0.718856 -0.037726 0.117310
0.718039 -0.036795 0.116061
0.719799 -0.030112 0.117720
0.713024 -0.023410 0.116728
0.715649 -0.018016 0.117728
0.713983 -0.017968 0.116975
0.713123 -0.015148 0.113983
0.713881 -0.008976 0.114954
0.714706 -0.008063 0.114460
0.714741 0.000020 0.111370
0.713921 -0.001187 0.114364
0.716687 0.002865 0.113421
0.715838 0.003486 0.115172
0.716680 0.009221 0.113681
0.716690 0.009014 0.115431
0.717229 0.013306 0.112358
0.715623 0.011241 0.115348
0.717702 0.015203 0.114243
0.715249 0.014081 0.116235
0.714173 0.016553 0.115912
0.710805 0.016700 0.113906
0.713113 0.019534 0.114799
0.706636 0.015751 0.117524
0.707991 0.022004 0.113539
0.704821 0.018381 0.115521
0.702033 0.018847 0.114328
0.694500 0.017980 0.112814
0.689051 0.019592 0.113594
0.682269 0.016363 0.110576
0.677793 0.017315 0.113306
0.671787 0.016536 0.111047
0.667619 0.017712 0.112084
0.658231 0.012118 0.117315
0.656000 0.015410 0.116697
0.649815 0.013055 0.112940
0.639501 0.014153 0.113605
0.635516 0.013151 0.115103
0.623446 0.015018 0.109560
0.615453 0.014419 0.115672
0.614738 0.013532 0.116423
0.608769 0.013805 0.110172
0.599592 0.014866 0.112156
0.590396 0.015931 0.109876
0.588580 0.015944 0.109126
0.581644 0.017046 0.108633
0.580152 0.014192 0.114634
0.579041 0.015088 0.113133
0.566746 0.013820 0.111167
0.557404 0.014719 0.110370
0.556690 0.012168 0.110872
0.548969 0.013932 0.109326
0.546574 0.013032 0.110079
0.544924 0.013002 0.110329
0.534839 0.013910 0.106415
0.526667 0.016301 0.107792
0.524288 0.013723 0.108547
0.516410 0.014248 0.108824
0.517188 0.011743 0.108329
0.508748 0.014051 0.109395
0.511412 0.011527 0.109899
0.507746 0.012084 0.114135
0.509816 0.011318 0.111635
0.503579 0.011018 0.109497
0.501741 0.012813 0.114073
0.505861 0.013652 0.113565
0.498807 0.016725 0.112108
0.502226 0.020047 0.112341
0.503165 0.026381 0.113739
0.506126 0.033167 0.110957
0.502878 0.039477 0.110801
0.506586 0.042664 0.113032
0.508343 0.044288 0.113522
0.504761 0.048790 0.110234
0.506423 0.050465 0.109974
0.503147 0.052432 0.113808
0.503269 0.061448 0.113274
0.507406 0.065625 0.112499
0.506068 0.069774 0.114494
0.504298 0.077182 0.112590
0.504817 0.079949 0.109579
0.503069 0.085775 0.108757
0.505589 0.089986 0.108238
0.508628 0.090309 0.112983
0.507442 0.097439 0.111917
0.506879 0.107668 0.111611
0.509471 0.108375 0.112355
0.507656 0.113268 0.112555
0.508517 0.115764 0.112547
0.509482 0.114736 0.114049
0.507691 0.117216 0.112018
0.509520 0.115293 0.114022
0.514497 0.115361 0.113432
0.516253 0.115205 0.114681
0.525733 0.114537 0.116655
0.528272 0.115237 0.117655
0.535467 0.116878 0.113713
0.542918 0.114279 0.114218
0.542483 0.116752 0.113919
0.553269 0.115635 0.116430
0.561472 0.116706 0.113543
0.573803 0.112185 0.117807
0.582492 0.113885 0.116511
0.589059 0.114391 0.116761
0.589902 0.115279 0.116015
0.591560 0.113655 0.115765
0.600680 0.114341 0.115216
0.601480 0.113464 0.115965
0.609677 0.114494 0.114768
0.612100 0.113601 0.116022
0.620886 0.114388 0.117037
0.620305 0.115553 0.112290
0.631693 0.113217 0.116618
0.631767 0.114975 0.115125
0.639986 0.113412 0.116811
0.643372 0.113558 0.115572
0.654512 0.113335 0.118692
0.663460 0.113206 0.118285
0.665107 0.113244 0.118291
0.671309 0.113651 0.117596
0.672980 0.113711 0.117353
0.679721 0.113994 0.118083
0.680431 0.113094 0.119582
0.690029 0.113821 0.120329
0.691184 0.113246 0.117081
0.692737 0.113231 0.118088
0.700961 0.111916 0.120202
0.709179 0.112358 0.120331
0.715407 0.111715 0.121086
0.715356 0.111682 0.121585
0.718774 0.111728 0.121345
0.716551 0.110946 0.119079
0.716577 0.111383 0.119448
0.706427 0.112385 0.122398
0.708963 0.112867 0.119227
0.696297 0.114709 0.115796
0.690570 0.113668 0.115012
0.688550 0.115189 0.115906
0.675330 0.114634 0.114835
0.676119 0.115502 0.114843
0.668527 0.116043 0.112876
0.663536 0.115838 0.112351
0.660261 0.116329 0.112493
0.651148 0.117199 0.111290
0.641816 0.117742 0.109000
0.638597 0.117444 0.110985
0.632454 0.116720 0.114934
0.625928 0.116346 0.114512
0.618987 0.116252 0.110983
0.605409 0.114576 0.108434
0.602982 0.115216 0.109676
0.592167 0.115154 0.109826
0.588877 0.114966 0.110316
0.585180 0.115343 0.114555
0.575882 0.116762 0.109234
0.576145 0.116639 0.111234
0.563953 0.115469 0.110837
0.558561 0.116145 0.111086
0.553720 0.115854 0.112327
0.544212 0.114540 0.112666
0.540310 0.114593 0.109161
0.539351 0.114274 0.113660
0.532032 0.115888 0.111565
0.531313 0.114993 0.112065
0.521168 0.113863 0.112964
0.513595 0.113819 0.111354
0.508758 0.114478 0.114263
0.509421 0.113741 0.113015
0.510141 0.114628 0.112513
0.506185 0.114478 0.112013
0.508769 0.113721 0.112264
0.501855 0.114229 0.111929
0.509980 0.110197 0.114935
0.506560 0.106870 0.114412
0.511395 0.097204 0.110681
0.510477 0.090133 0.115095
0.509620 0.090931 0.115093
0.509507 0.079840 0.115860
0.508326 0.072259 0.117553
0.508703 0.071416 0.113556
0.507012 0.064119 0.111497
0.509337 0.057646 0.115766
0.507970 0.053157 0.117994
0.509664 0.051555 0.117997
0.509553 0.042376 0.117356
0.510332 0.039872 0.116364
0.511168 0.034230 0.115972
0.510546 0.033487 0.117977
0.510553 0.027670 0.118677
0.510371 0.025888 0.116435
0.509760 0.015403 0.118081
0.509807 0.010460 0.117501
0.510625 0.009626 0.117253
0.509778 0.007881 0.114407
0.511571 0.007998 0.115901
0.515370 0.007591 0.113509
0.519649 0.008553 0.114991
0.524097 0.008019 0.113423
0.530924 0.009869 0.116141
0.538743 0.007236 0.112727
0.539673 0.008190 0.115219
0.548183 0.008401 0.115865
0.552384 0.009302 0.117347
0.562238 0.009190 0.117211
0.564724 0.011640 0.115441
0.567002 0.008038 0.115726
0.576998 0.009776 0.118187
0.582514 0.009445 0.118360
0.586655 0.010298 0.119345
0.598245 0.011756 0.119554
0.596643 0.013387 0.117302
0.608047 0.012021 0.121712
0.607227 0.012846 0.121461
0.614988 0.011637 0.117324
0.616731 0.011624 0.115571
0.623349 0.011461 0.116713
0.627308 0.012323 0.120955
0.633190 0.010341 0.120088
0.635009 0.012005 0.117082
0.641681 0.009458 0.118350
0.644019 0.010305 0.121097
0.645737 0.011974 0.120093
0.652908 0.009441 0.119657
0.662882 0.010533 0.123049
0.671017 0.010583 0.125390
0.672844 0.012277 0.122890
0.680778 0.012958 0.122361
0.682403 0.012970 0.122862
0.690919 0.011775 0.124294
0.694200 0.011810 0.124796
0.695931 0.013505 0.123798
0.703691 0.011388 0.124796
0.702916 0.012218 0.124046
0.711973 0.013099 0.124742
0.712293 0.013168 0.121243
0.718535 0.013177 0.120013
0.717460 0.013940 0.122512
0.723338 0.012636 0.124671
0.720962 0.011779 0.123415
0.722043 0.010037 0.124179
0.715519 0.004907 0.123655
0.720126 0.003007 0.124551
0.716994 0.001293 0.121791
0.721444 -0.000060 0.117149
0.718829 -0.006964 0.119996
0.716267 -0.009531 0.122736
0.719625 -0.012982 0.122839
0.716529 -0.016439 0.118076
0.719641 -0.023962 0.120668
0.717140 -0.026491 0.122661
0.719047 -0.031847 0.120126
0.716577 -0.036000 0.123117
0.718328 -0.040278 0.118519
0.715854 -0.042802 0.120013
0.717838 -0.048147 0.120191
0.717050 -0.050634 0.121188
0.719855 -0.055427 0.121162
0.716553 -0.057183 0.120909
0.719858 -0.061162 0.120910
0.716551 -0.062928 0.120406
0.719807 -0.067418 0.120200
0.717353 -0.069926 0.121199
0.715796 -0.075013 0.122996
0.714923 -0.076108 0.118496
0.715721 -0.082482 0.118901
0.714131 -0.085773 0.120401
0.714288 -0.088828 0.119443
0.713385 -0.088152 0.116942
0.713842 -0.091500 0.117270
0.708104 -0.088792 0.122770
0.705465 -0.090751 0.119208
0.698823 -0.089107 0.120958
0.696440 -0.091997 0.119811
0.693781 -0.089610 0.117810
0.685559 -0.091831 0.119177
0.683646 -0.088600 0.116424
0.679648 -0.092419 0.120057
0.674355 -0.089219 0.117306
0.668268 -0.089793 0.115501
0.660576 -0.090681 0.116471
0.655462 -0.090737 0.115976
0.644551 -0.090520 0.113139
0.640052 -0.088767 0.118138
0.635133 -0.088058 0.112640
0.627197 -0.089276 0.116398
0.621628 -0.090104 0.115738
0.616088 -0.089258 0.118491
0.615760 -0.087608 0.116237
0.601498 -0.087323 0.113714
0.592168 -0.088141 0.112268
0.588028 -0.087303 0.113019
0.579219 -0.087899 0.110165
0.578954 -0.087026 0.113663
0.567985 -0.086601 0.112901
0.559634 -0.086045 0.111921
0.546619 -0.088655 0.111305
0.547658 -0.087803 0.112301
0.536443 -0.087744 0.111691
0.534933 -0.086043 0.112686
0.524446 -0.086731 0.109664
0.522077 -0.085866 0.110662
0.513645 -0.085615 0.108798
0.516939 -0.086461 0.112548
0.512651 -0.086205 0.111224
0.514731 -0.086209 0.113222
0.507130 -0.085728 0.113121
0.511776 -0.086606 0.115371
0.504532 -0.086011 0.113943
0.506798 -0.086901 0.112445
0.501331 -0.086525 0.113168
0.512604 -0.085869 0.114653
0.516324 -0.086534 0.108004
0.521871 -0.086608 0.111249
0.535812 -0.087663 0.114029
0.536671 -0.086845 0.114024
0.549056 -0.088793 0.114125
0.550836 -0.087155 0.114864
0.558597 -0.088273 0.117546
0.568387 -0.088585 0.113788
0.571166 -0.087827 0.117336
0.576872 -0.087195 0.113577
0.585718 -0.087522 0.114339
0.590856 -0.089238 0.123343
0.594082 -0.088002 0.114878
0.594951 -0.087189 0.115373
0.611569 -0.087036 0.113843
0.616565 -0.087175 0.116090
0.623642 -0.087394 0.118319
0.627041 -0.087513 0.115069
0.633907 -0.088697 0.120207
0.636575 -0.087966 0.114955
0.643805 -0.087300 0.115541
0.650323 -0.087463 0.119794
0.658570 -0.087108 0.116859
0.658433 -0.088769 0.118861
0.667400 -0.087450 0.119458
0.668134 -0.088299 0.120959
0.675234 -0.089598 0.119772
0.676159 -0.087119 0.119270
0.677800 -0.087160 0.119771
0.688024 -0.088464 0.117915
0.697182 -0.088025 0.121043
0.697968 -0.087212 0.122044
0.705577 -0.088233 0.119976
0.705508 -0.088234 0.120976
0.712816 -0.086929 0.118937
0.710975 -0.086905 0.121435
0.716124 -0.087162 0.119647
0.713599 -0.087953 0.119643
0.716971 -0.085783 0.115393
0.712520 -0.084918 0.120638
0.717233 -0.081924 0.121126
0.714885 -0.077679 0.119131
0.716434 -0.069405 0.118308
0.714818 -0.066026 0.118062
0.712361 -0.061816 0.118317
0.712270 -0.050376 0.118309
0.713091 -0.051237 0.118558
0.715505 -0.043187 0.115272
0.710545 -0.037915 0.112778
0.714243 -0.033556 0.117280
0.713497 -0.026892 0.112631
0.712657 -0.026150 0.113882
0.713817 -0.020744 0.113402
0.711326 -0.016718 0.115411
0.714778 -0.012821 0.112698
0.711430 -0.006036 0.112216
0.712774 -0.002541 0.112271
0.711116 -0.000992 0.113524
0.713418 0.004222 0.112240
0.711770 0.005736 0.113742
0.712633 0.009880 0.111425
0.711848 0.010441 0.113925
0.710976 0.014785 0.112762
0.710996 0.014702 0.113512
0.711379 0.017090 0.112343
0.710580 0.016147 0.113338
0.710857 0.018644 0.113719
0.707435 0.020863 0.112447
0.705125 0.019618 0.116439
0.694176 0.018329 0.114127
0.695789 0.020043 0.113636
0.683612 0.019825 0.111296
0.669605 0.015512 0.112262
0.672408 0.014432 0.115513
0.661259 0.017349 0.112651
0.656721 0.016521 0.115535
0.652953 0.015130 0.111525
0.639726 0.013402 0.113080
0.632487 0.013633 0.109071
0.630114 0.012729 0.110066
0.623159 0.011964 0.112582
0.624002 0.011134 0.112581
0.614753 0.012796 0.113492
0.613652 0.012053 0.111740
0.600253 0.015180 0.109048
0.593399 0.018084 0.111637
0.594370 0.017212 0.112387
0.590261 0.016343 0.112884
0.577694 0.016283 0.109135
0.561687 0.016036 0.110356
0.552199 0.017288 0.109584
0.550813 0.015549 0.111083
0.548931 0.013912 0.110081
0.536355 0.013806 0.107628
0.525369 0.013475 0.109927
0.522387 0.014383 0.107927
0.513915 0.013140 0.107858
0.509116 0.012235 0.111138
0.508742 0.012276 0.109388
0.502001 0.011467 0.114542
0.502466 0.009889 0.108795
0.503854 0.009901 0.107294
0.502804 0.011501 0.106981
0.499103 0.012650 0.112567
0.498753 0.013589 0.106314
0.508294 0.015788 0.116548
0.505719 0.022155 0.112725
0.509933 0.026266 0.112457
0.511035 0.038639 0.116282
0.505613 0.041813 0.112955
0.507722 0.044975 0.115444
0.505295 0.054656 0.113446
0.507652 0.058881 0.111931
0.508503 0.059699 0.111928
0.507632 0.065791 0.114263
0.508233 0.068433 0.112254
0.505966 0.075184 0.110868
0.502969 0.080104 0.111045
0.505532 0.080862 0.111291
0.507810 0.081817 0.109286
0.505101 0.085509 0.110601
0.509221 0.086313 0.109846
0.507870 0.091835 0.110112
0.508219 0.093254 0.112857
0.505349 0.098874 0.110253
0.509910 0.100984 0.113244
0.511923 0.109891 0.111625
0.509408 0.114045 0.113233
0.510481 0.114617 0.115481
0.508824 0.119667 0.115228
0.512848 0.115465 0.114735
0.510901 0.119434 0.111778
0.520900 0.114085 0.113036
0.522933 0.117076 0.113809
0.533069 0.117498 0.113487
0.536367 0.115751 0.113739
0.540558 0.114713 0.115241
0.544933 0.116431 0.113795
0.554822 0.114641 0.113301
0.566336 0.115088 0.114183
0.576243 0.115521 0.116752
0.579492 0.113669 0.119002
0.587778 0.112272 0.114006
0.597580 0.112548 0.116885
0.600864 0.112500 0.117138
0.609862 0.112401 0.116268
0.610694 0.113221 0.116271
0.621532 0.115549 0.114300
0.621545 0.115566 0.114050
0.633035 0.113026 0.116758
0.634669 0.113010 0.117011
0.643039 0.111472 0.116775
0.648767 0.112100 0.114820
0.651193 0.112893 0.115579
0.654447 0.111215 0.116327
0.663361 0.112767 0.115378
0.665538 0.111727 0.119127
0.675752 0.111075 0.119815
0.676657 0.111970 0.118822
0.687641 0.111412 0.120747
0.690068 0.110601 0.121249
0.698283 0.110859 0.119455
0.700477 0.111570 0.121968
0.707760 0.111817 0.121523
0.715448 0.111132 0.121672
0.713857 0.111117 0.121166
0.719714 0.111037 0.122669
0.718173 0.111050 0.121663
0.722436 0.110138 0.122076
0.717594 0.111704 0.120568
0.720739 0.110639 0.120879
0.713499 0.111345 0.118352
0.708896 0.113334 0.119764
0.710480 0.113330 0.120772
0.700679 0.115442 0.116232
0.700233 0.115698 0.117591
0.695357 0.113824 0.117553
0.690376 0.115431 0.115041
0.683366 0.116381 0.116079
0.678479 0.114510 0.115790
0.664641 0.115572 0.115477
0.666675 0.115444 0.116686
0.654784 0.116863 0.111884
0.650727 0.114174 0.111598
0.642258 0.114288 0.115148
0.639790 0.113352 0.114881
0.631382 0.114902 0.108902
0.630277 0.112773 0.115139
0.616875 0.114543 0.110214
0.614473 0.113545 0.110952
0.608770 0.112633 0.115628
0.606847 0.112700 0.113122
0.599046 0.113875 0.114644
0.597868 0.114831 0.111892
0.593577 0.113344 0.115736
0.587428 0.112420 0.112719
0.581331 0.114649 0.112366
0.577917 0.114534 0.111858
0.568093 0.114744 0.114207
0.565140 0.113998 0.110701
0.556419 0.113567 0.114295
0.552996 0.113466 0.113790
0.541997 0.114272 0.112956
0.538993 0.113512 0.109703
0.531170 0.115836 0.108862
0.527562 0.114675 0.112361
0.520809 0.115684 0.112189
0.518288 0.113121 0.111692
0.511877 0.113856 0.112740
0.512876 0.113011 0.113492
0.508255 0.113202 0.112037
0.509331 0.112336 0.113288
0.506232 0.111655 0.112447
0.508190 0.111626 0.114197
0.504379 0.105909 0.110851
0.507174 0.100108 0.111615
0.506124 0.086387 0.112064
0.503855 0.082887 0.113710
0.508253 0.075506 0.114231
0.507130 0.068039 0.115978
0.508604 0.064710 0.113988
0.507595 0.054391 0.114314
0.506473 0.055127 0.112062
0.507853 0.044529 0.115321
0.506835 0.045276 0.113820
0.508043 0.035513 0.114772
0.509737 0.035553 0.115020
0.506406 0.032147 0.115488
0.511599 0.027320 0.117000
0.510074 0.019955 0.117950
0.509090 0.012645 0.118317
0.509728 0.013343 0.116313
0.507056 0.008738 0.116127
0.508585 0.008645 0.114625
0.509719 0.004226 0.115352
0.510554 0.005063 0.115347
0.512015 0.003425 0.117058
0.515234 0.005001 0.115542
0.517010 0.003663 0.115503
0.521177 0.006145 0.115230
0.533821 0.005086 0.118974
0.543640 0.009827 0.114178
0.556467 0.010115 0.114903
0.557302 0.010936 0.114648
0.569177 0.010536 0.117322
0.568351 0.011351 0.116570
0.579307 0.008302 0.118912
0.578484 0.009136 0.118910
0.588968 0.007795 0.118453
0.595600 0.009425 0.119186
0.606184 0.010252 0.120971
0.607144 0.011023 0.117716
0.617432 0.012066 0.119171
0.619130 0.012047 0.118419
0.628560 0.010732 0.120994
0.630474 0.012352 0.116737
0.636665 0.010217 0.117039
0.643831 0.012693 0.122278
0.652973 0.010603 0.125252
0.656647 0.010582 0.120501
0.666688 0.010529 0.123785
0.669090 0.011349 0.124783
0.678729 0.012479 0.121828
0.679562 0.013310 0.121828
0.682867 0.011649 0.122079
0.691548 0.012615 0.120904
0.703103 0.012182 0.122366
0.702792 0.012146 0.125366
0.711609 0.011757 0.129327
0.713818 0.013505 0.124081
0.718679 0.013128 0.128338
0.718719 0.014114 0.119840
0.717786 0.013252 0.120837
0.723277 0.012874 0.125012
0.725373 0.010840 0.123207
0.720327 0.009093 0.123946
0.719688 0.009958 0.121448
0.719199 0.001735 0.123485
0.718458 0.002569 0.121986
0.720348 -0.000556 0.120549
0.718687 -0.002257 0.120791
0.723283 -0.006222 0.122080
0.726379 -0.009261 0.118627
0.716557 -0.019511 0.117583
0.718234 -0.019479 0.117586
0.717267 -0.030440 0.121879
0.714851 -0.031382 0.119622
0.715346 -0.040334 0.117795
0.717151 -0.050154 0.119147
0.715521 -0.051883 0.118641
0.718482 -0.057097 0.118529
0.714398 -0.061458 0.116766
0.715244 -0.062240 0.117516
0.715501 -0.068961 0.118072
0.717924 -0.074648 0.118436
0.717908 -0.074488 0.121186
0.713757 -0.075517 0.119182
0.713617 -0.082905 0.115870
0.714479 -0.083572 0.118370
0.713788 -0.088842 0.118596
0.714853 -0.093034 0.119443
0.716097 -0.097605 0.120327
0.710145 -0.093681 0.117579
0.712711 -0.094337 0.120078
0.706537 -0.095078 0.118572
0.699120 -0.090843 0.122572
0.692141 -0.092571 0.119783
0.689526 -0.088473 0.118783
0.678047 -0.089945 0.117599
0.679793 -0.089892 0.118599
0.667233 -0.088685 0.115910
0.663323 -0.090368 0.114361
0.662140 -0.090279 0.119861
0.660303 -0.090335 0.118111
0.649144 -0.091232 0.114903
0.645699 -0.089598 0.114402
0.635619 -0.090251 0.115711
0.632511 -0.087804 0.111209
0.624957 -0.090244 0.116499
0.621472 -0.088609 0.115748
0.608558 -0.087756 0.113056
0.596782 -0.086280 0.108992
0.594926 -0.085450 0.113491
0.585869 -0.085189 0.110313
0.581232 -0.084367 0.108065
0.570644 -0.086158 0.109893
0.569658 -0.085315 0.109142
0.553498 -0.086195 0.109257
0.554352 -0.085349 0.109255
0.543648 -0.086389 0.112087
0.527262 -0.087019 0.107059
0.528833 -0.085331 0.106303
0.525790 -0.086171 0.104058
0.513468 -0.085733 0.104823
0.514389 -0.084889 0.105070
0.510694 -0.086206 0.111822
0.511553 -0.085374 0.111817
0.502609 -0.085724 0.109991
0.505512 -0.086594 0.111740
0.507214 -0.086952 0.114794
0.506287 -0.086105 0.114292
0.511725 -0.086893 0.115879
0.516277 -0.086132 0.117867
0.515097 -0.085775 0.114509
0.521084 -0.087330 0.115214
0.528469 -0.086673 0.113950
0.538317 -0.085038 0.114574
0.550742 -0.087850 0.114318
0.558551 -0.087192 0.117803
0.564884 -0.089044 0.117847
0.569690 -0.087544 0.114332
0.577601 -0.087846 0.116330
0.587295 -0.088428 0.115427
0.587330 -0.086768 0.114920
0.591482 -0.086064 0.113660
0.602347 -0.087321 0.116420
0.604841 -0.086572 0.113664
0.616699 -0.086350 0.117046
0.626324 -0.084333 0.117114
0.628751 -0.085239 0.119615
0.638140 -0.085326 0.116178
0.642241 -0.086268 0.117429
0.650884 -0.088018 0.120093
0.656031 -0.086481 0.116841
0.666394 -0.086712 0.120036
0.667357 -0.085896 0.117786
0.671943 -0.086181 0.116059
0.677704 -0.087143 0.117062
0.687409 -0.085794 0.115356
0.689670 -0.086692 0.118858
0.699236 -0.086161 0.119025
0.701625 -0.087043 0.120277
0.708285 -0.087307 0.121887
0.708404 -0.085643 0.120639
0.716754 -0.088315 0.120739
0.716245 -0.087452 0.116489
0.722036 -0.088793 0.119856
0.718009 -0.086237 0.118355
0.720544 -0.086603 0.119194
0.717395 -0.081543 0.116949
0.719126 -0.070104 0.116392
0.715123 -0.062449 0.114151
0.713436 -0.059140 0.115405
0.718366 -0.055765 0.117432
0.715752 -0.038669 0.106210
0.721802 -0.036526 0.114710
0.721013 -0.033907 0.113464
0.722095 -0.028090 0.113272
0.717058 -0.023253 0.115774
0.719639 -0.018450 0.115472
0.717142 -0.015905 0.115223
0.717130 -0.009026 0.113676
0.714616 -0.008004 0.111925
0.718059 -0.002530 0.114212
0.715535 0.000285 0.111464
0.717594 0.004943 0.112432
0.715080 0.005751 0.112679
0.717864 0.010125 0.111251
0.715380 0.009053 0.113243
0.717704 0.013041 0.113160
0.715222 0.012080 0.114154
0.714506 0.014672 0.113676
0.713644 0.013989 0.112172
0.715720 0.017810 0.113303
0.716606 0.015158 0.114797
0.711482 0.014752 0.117341
0.709082 0.013715 0.119334
0.702028 0.014442 0.113746
0.699717 0.011669 0.116736
0.686910 0.014290 0.112089
0.689704 0.013126 0.116340
0.679033 0.012661 0.117392
0.671411 0.015557 0.113181
0.668361 0.013680 0.115924
0.662361 0.011296 0.113914
0.658864 0.014708 0.112703
0.658036 0.013872 0.112701
0.650175 0.013439 0.116352
0.647538 0.012676 0.115099
0.641997 0.014339 0.117395
0.628628 0.015914 0.110267
0.627575 0.014000 0.114767
0.625484 0.014158 0.111766
0.616815 0.015985 0.109618
0.615582 0.014161 0.112617
0.607119 0.014698 0.113881
0.602935 0.012204 0.113881
0.594687 0.013414 0.111878
0.595567 0.014237 0.112127
0.584163 0.013299 0.116638
0.582403 0.013323 0.116138
0.574148 0.013477 0.111996
0.568770 0.011886 0.110247
0.559406 0.011110 0.110606
0.546921 0.008479 0.111192
0.537034 0.011458 0.108312
0.535981 0.010653 0.107314
0.530954 0.011786 0.108657
0.531893 0.010925 0.109158
0.524294 0.010217 0.110044
0.522967 0.011128 0.107542
0.518018 0.010269 0.109399
0.513514 0.008824 0.112191
0.515669 0.008749 0.114690
0.512069 0.008024 0.114510
0.512343 0.007998 0.116009
0.511641 0.010238 0.116142
0.510834 0.009419 0.116395
0.512145 0.014349 0.117875
0.511203 0.015212 0.117124
0.509904 0.026084 0.115845
0.510949 0.026845 0.117092
0.508504 0.033969 0.120114
0.511268 0.034650 0.121861
0.510425 0.033846 0.121863
0.506040 0.037945 0.119016
0.505377 0.049397 0.119817
0.508323 0.051170 0.116810
0.505739 0.056666 0.117625
0.507405 0.058303 0.117370
0.508038 0.066566 0.116678
0.508857 0.067398 0.116426
0.505517 0.075231 0.107955
0.505350 0.081284 0.114075
0.506886 0.083052 0.112571
0.506717 0.083191 0.111071
0.504447 0.090143 0.110891
0.506074 0.090148 0.110391
0.505050 0.097441 0.110075
0.507877 0.099639 0.112571
0.504260 0.104787 0.114009
0.507608 0.106404 0.113757
0.510272 0.110007 0.117207
0.506794 0.114007 0.115048
0.508596 0.113809 0.116548
0.505415 0.117579 0.113699
0.507262 0.117330 0.115699
0.508253 0.118317 0.115137
0.510670 0.117507 0.114388
0.517184 0.119621 0.115619
0.521509 0.116722 0.119120
0.528684 0.120353 0.112450
0.540516 0.117897 0.118954
0.549612 0.118268 0.117392
0.549886 0.123372 0.116361
0.563029 0.118098 0.118117
0.569582 0.121001 0.115118
0.576140 0.119083 0.117621
0.585903 0.120173 0.116966
0.590848 0.116888 0.116216
0.599408 0.118775 0.116214
0.606743 0.119574 0.116036
0.613279 0.119462 0.117545
0.622125 0.120263 0.116677
0.622067 0.120192 0.117677
0.630133 0.119148 0.117468
0.633568 0.119304 0.115476
0.639695 0.119725 0.116746
0.642958 0.118052 0.117495
0.651622 0.118149 0.118211
0.650804 0.117314 0.118205
0.662755 0.117153 0.118362
0.664364 0.117146 0.118866
0.671139 0.117636 0.120211
0.672962 0.117795 0.118216
0.682128 0.116119 0.118192
0.682059 0.116074 0.118941
0.688956 0.116649 0.120449
0.689154 0.115108 0.118690
0.697331 0.115244 0.120676
0.697261 0.115199 0.121426
0.704734 0.113832 0.119738
0.704828 0.113891 0.118738
0.711542 0.113951 0.118626
0.709731 0.113789 0.120369
0.716467 0.112865 0.120404
0.723210 0.111033 0.121606
0.719867 0.112555 0.121601
0.714221 0.111580 0.120574
0.718021 0.111356 0.120185
0.709112 0.111997 0.117405
0.708299 0.112430 0.121678
0.709102 0.113296 0.121434
0.697361 0.114850 0.117311
0.698248 0.112337 0.118553
0.692587 0.114847 0.119151
0.686342 0.114569 0.116592
0.680503 0.115292 0.114075
0.677995 0.115406 0.112288
0.673031 0.115136 0.113021
0.659732 0.116121 0.114231
0.657281 0.115623 0.111779
0.654228 0.115628 0.112626
0.645950 0.115225 0.113101
0.638700 0.118145 0.110945
0.637051 0.118057 0.111190
0.627879 0.118315 0.110544
0.623949 0.117173 0.112782
0.614894 0.116838 0.112240
0.614644 0.118605 0.110492
0.604450 0.117350 0.109862
0.602789 0.118910 0.110611
0.594231 0.118564 0.109668
0.593328 0.119383 0.109417
0.585718 0.119995 0.108678
0.584784 0.119184 0.107677
0.577344 0.118825 0.107510
0.574250 0.118607 0.109507
0.566974 0.118325 0.110294
0.565931 0.119200 0.109042
0.558864 0.119786 0.108769
0.555707 0.117969 0.109770
0.550157 0.118647 0.109332
0.546877 0.118534 0.109831
0.542232 0.118386 0.111942
0.538614 0.118394 0.110192
0.529163 0.116499 0.112126
0.527119 0.116566 0.109876
0.516759 0.116391 0.110397
0.517054 0.114662 0.111902
0.511204 0.115122 0.113278
0.507099 0.115085 0.113409
0.509783 0.114255 0.114411
0.503206 0.115190 0.113219
0.506003 0.114327 0.114969
0.504563 0.113334 0.114329
0.506527 0.113278 0.116327
0.506292 0.104802 0.111910
0.509031 0.102312 0.113415
0.507696 0.095172 0.113679
0.509536 0.093526 0.114933
0.508442 0.086520 0.116066
0.506520 0.088156 0.114062
0.509300 0.077198 0.116900
0.510139 0.074736 0.116908
0.508969 0.070679 0.117355
0.510553 0.065734 0.116621
0.508642 0.062147 0.116725
0.510327 0.058869 0.116984
0.508999 0.053264 0.117099
0.508739 0.054824 0.114594
0.508485 0.049581 0.117470
0.509112 0.048679 0.115472
0.511882 0.046335 0.118476
0.510803 0.041703 0.116172
0.510793 0.035790 0.117096
0.509287 0.031403 0.114555
0.510244 0.030647 0.116056
0.509354 0.031441 0.115304
0.509814 0.026893 0.114077
0.510823 0.022537 0.115909
0.509897 0.023308 0.114658
0.511582 0.016114 0.115546
0.509413 0.011577 0.115373
0.509353 0.013184 0.114368
0.510097 0.012290 0.113370
0.510761 0.009829 0.115504
0.511304 0.010444 0.111501
0.515856 0.013336 0.114746
0.515009 0.012517 0.114751
0.521814 0.012376 0.115775
0.525931 0.013099 0.114765
0.534513 0.012864 0.116153
0.535361 0.013678 0.116149
0.542550 0.011210 0.118381
0.553370 0.015079 0.116352
0.555162 0.014110 0.115676
0.561872 0.015703 0.119414
0.570998 0.012653 0.116366
0.576085 0.015830 0.113849
0.578536 0.014636 0.114013
0.586005 0.015343 0.116753
0.591962 0.013296 0.119121
0.595347 0.013195 0.116619
0.599728 0.013071 0.115278
0.603045 0.013007 0.115776
0.610537 0.011884 0.116718
0.613104 0.014328 0.116212
0.619695 0.012619 0.119033
0.621533 0.014242 0.115780
0.627231 0.014353 0.114794
0.628069 0.015173 0.115044
0.635023 0.013720 0.113613
0.637481 0.014516 0.114863
0.645072 0.014767 0.116515
0.645917 0.015590 0.116515
0.654031 0.015314 0.116609
0.661413 0.014979 0.115539
0.662195 0.015796 0.116540
0.670454 0.015442 0.117832
0.672105 0.015430 0.118083
0.681971 0.016053 0.118773
0.689817 0.016684 0.119166
0.696892 0.015604 0.118325
0.698541 0.017271 0.118581
0.699255 0.018072 0.120084
0.704193 0.017516 0.119645
0.703324 0.016667 0.120142
0.708698 0.017492 0.119604
0.709545 0.018339 0.119357
0.715164 0.016698 0.119660
0.721245 0.016582 0.119166
0.720438 0.015743 0.118912
0.718589 0.017323 0.121161
0.723406 0.016644 0.118571
0.722500 0.015760 0.119817
0.722399 0.013006 0.118587
0.714947 0.005330 0.120046
0.716268 0.001484 0.116949
0.712241 -0.001088 0.113933
0.715697 -0.006476 0.118913
0.714133 -0.008179 0.116655
0.717404 -0.009483 0.115138
0.714093 -0.016219 0.119615
0.714251 -0.019681 0.118656
0.715912 -0.019638 0.118909
0.715284 -0.025033 0.117151
0.715273 -0.025023 0.117901
0.711998 -0.026803 0.116140
0.712931 -0.032667 0.117565
0.712126 -0.033549 0.116312
0.712747 -0.039188 0.115764
0.715662 -0.042698 0.115499
0.714081 -0.046034 0.117240
0.713355 -0.054877 0.117068
0.712556 -0.055656 0.119066
0.713109 -0.061667 0.118713
0.714510 -0.066682 0.118791
0.714503 -0.066714 0.118041
0.711940 -0.066084 0.114789
0.711706 -0.073185 0.115098
0.712016 -0.077560 0.113523
0.711230 -0.078351 0.115021
0.711282 -0.079999 0.115520
0.712479 -0.087290 0.115405
0.711669 -0.088134 0.115653
0.710811 -0.093911 0.114627
0.709538 -0.094888 0.115266
0.710429 -0.095641 0.116516
0.704026 -0.096385 0.114615
0.693792 -0.093352 0.112362
0.688922 -0.097647 0.114039
0.685590 -0.096013 0.114788
0.672998 -0.091893 0.110282
0.663763 -0.091467 0.111448
0.660494 -0.089820 0.112697
0.654904 -0.094022 0.113837
0.648081 -0.089105 0.113584
0.638600 -0.090636 0.112716
0.635784 -0.088173 0.110714
0.627161 -0.088258 0.113516
0.614293 -0.088174 0.106142
0.613812 -0.089016 0.108643
0.605067 -0.087419 0.111433
0.600665 -0.086623 0.110432
0.592649 -0.087183 0.110881
0.591795 -0.086348 0.110880
0.580426 -0.086482 0.108407
0.581093 -0.084800 0.112403
0.574426 -0.084744 0.112158
0.560517 -0.086262 0.108797
0.559666 -0.087107 0.108800
0.550235 -0.087510 0.111054
0.550626 -0.088361 0.108556
0.541838 -0.087861 0.105337
0.545397 -0.088694 0.110835
0.534672 -0.087477 0.105705
0.534288 -0.086620 0.108203
0.532806 -0.088291 0.109461
0.526585 -0.087101 0.108394
0.524739 -0.087088 0.107648
0.518080 -0.087493 0.105410
0.517120 -0.088332 0.104915
0.512969 -0.088043 0.109666
0.514621 -0.088066 0.109413
0.512622 -0.086254 0.110640
0.513523 -0.086835 0.120370
0.511355 -0.087168 0.122117
0.518234 -0.088168 0.118361
