0.509622 -0.084115 0.108650
0.509342 -0.084012 0.107601
0.510136 -0.083196 0.107601
0.509468 -0.083889 0.109266
0.511178 -0.083953 0.111016
0.510090 -0.084627 0.108779
0.509244 -0.083810 0.108279
0.510029 -0.084579 0.107779
0.509866 -0.084609 0.107552
0.509887 -0.083038 0.108302
0.509897 -0.083196 0.109831
0.510512 -0.083860 0.108351
0.512060 -0.083821 0.108331
0.513787 -0.085484 0.110081
0.515536 -0.084203 0.098932
0.518619 -0.085605 0.112182
0.521994 -0.085709 0.110854
0.522705 -0.084809 0.109105
0.525351 -0.084747 0.108690
0.534213 -0.086908 0.108426
0.537397 -0.085260 0.108930
0.547512 -0.085249 0.111808
0.549110 -0.085224 0.112060
0.555945 -0.085850 0.111286
0.559114 -0.083817 0.104294
0.560697 -0.084172 0.112045
0.567554 -0.085722 0.112063
0.579503 -0.083212 0.096248
0.584850 -0.086246 0.111498
0.591722 -0.083669 0.108697
0.594891 -0.083642 0.109951
0.594928 -0.083590 0.108951
0.609894 -0.085962 0.111668
0.611455 -0.085950 0.112420
0.619977 -0.086883 0.110316
0.629724 -0.086704 0.110910
0.630551 -0.087480 0.110910
0.632141 -0.087440 0.111162
0.644172 -0.088877 0.115211
0.653618 -0.089270 0.114098
0.656232 -0.086972 0.101358
0.666552 -0.088851 0.112922
0.668689 -0.089724 0.116173
0.667179 -0.089734 0.115171
0.678261 -0.089645 0.116532
0.687797 -0.088756 0.114321
0.687698 -0.088809 0.115320
0.688498 -0.087963 0.115074
0.696510 -0.087948 0.116765
0.697488 -0.087004 0.114770
0.705508 -0.089335 0.114865
0.712847 -0.088488 0.115231
0.708833 -0.089478 0.115469
0.716112 -0.090941 0.113035
0.712044 -0.091967 0.113773
0.711250 -0.092820 0.114018
0.711576 -0.092174 0.116008
0.716920 -0.089728 0.115053
0.715386 -0.089749 0.114049
0.717375 -0.089662 0.115256
0.709162 -0.083472 0.112752
0.713127 -0.083229 0.113004
0.710670 -0.080806 0.111253
0.708799 -0.079555 0.115001
0.712795 -0.076596 0.112698
0.710223 -0.074358 0.113446
0.710496 -0.067301 0.110987
0.709643 -0.068404 0.113732
0.708537 -0.055255 0.109757
0.708612 -0.058879 0.113255
0.706201 -0.042809 0.110300
0.707035 -0.043748 0.111553
0.706198 -0.033935 0.111650
0.707038 -0.034823 0.112403
0.708067 -0.025819 0.110524
0.704706 -0.022767 0.111263
0.706684 -0.016416 0.107380
0.705769 -0.013858 0.106623
0.707231 -0.007400 0.112223
0.706221 -0.002843 0.109212
0.706568 0.008778 0.082146
0.705957 0.005970 0.093651
0.708623 0.010126 0.107069
0.708686 0.009493 0.110820
0.712151 0.014742 0.111540
0.711050 0.018333 0.095033
0.710903 0.020380 0.110271
0.709397 0.016049 0.106273
0.709053 0.019184 0.105737
0.706566 0.017498 0.099986
0.704342 0.021726 0.100480
0.700318 0.023396 0.077227
0.693887 0.020688 0.106650
0.694809 0.019690 0.108151
0.685541 0.022808 0.096784
0.684639 0.021026 0.109282
0.676617 0.020625 0.100586
0.670857 0.014435 0.108329
0.667043 0.022171 0.095931
0.660078 0.015659 0.098928
0.653354 0.019986 0.087794
0.650430 0.019488 0.083543
0.643770 0.024544 0.064748
0.641551 0.023254 0.059498
0.633520 0.018426 0.095071
0.632624 0.014620 0.108074
0.622929 0.016957 0.106817
0.621071 0.014018 0.111072
0.611643 0.014348 0.109308
0.612775 0.013386 0.111309
0.601774 0.015183 0.108200
0.599217 0.014315 0.107704
0.587236 0.013787 0.106821
0.586420 0.012928 0.106824
0.586075 0.011869 0.109827
0.575190 0.013917 0.107972
0.571610 0.013922 0.106727
0.558436 0.014722 0.104863
0.543462 0.012682 0.097447
0.546744 0.012236 0.105943
0.534380 0.013184 0.086210
0.531818 0.012942 0.099784
0.529520 0.012472 0.092289
0.521036 0.013246 0.102517
0.521184 0.013207 0.103267
0.513929 0.015036 0.103584
0.506765 0.014427 0.104141
0.509748 0.011824 0.106145
0.511640 0.008440 0.106904
0.506250 0.008592 0.108113
0.508554 0.009498 0.106853
0.501711 0.010985 0.110743
0.508504 0.013720 0.106213
0.506504 0.017654 0.110293
0.505269 0.028648 0.110176
0.507756 0.029500 0.109916
0.512530 0.040959 0.102600
0.508229 0.041873 0.107814
0.508353 0.052943 0.107205
0.501843 0.064981 0.033169
0.506578 0.063208 0.099112
0.509643 0.063878 0.109603
0.507460 0.071903 0.105397
0.509646 0.071484 0.109394
0.507218 0.080594 0.110915
0.511417 0.083110 0.110901
0.507958 0.090687 0.110477
0.506487 0.100140 0.108104
0.508328 0.101642 0.109599
0.507241 0.108304 0.107513
0.508872 0.110065 0.107009
0.506170 0.116627 0.102493
0.508841 0.115301 0.112492
0.505515 0.122912 0.101545
0.509765 0.118334 0.110548
0.510598 0.117882 0.100798
0.509680 0.120746 0.110745
0.513862 0.122147 0.111255
0.518088 0.119601 0.111504
0.522526 0.126142 0.078734
0.536652 0.119278 0.101727
0.550436 0.114987 0.110719
0.556462 0.118780 0.095748
0.569237 0.118903 0.110569
0.574266 0.115524 0.111314
0.585601 0.114759 0.111435
0.589821 0.114084 0.110183
0.599095 0.113492 0.108680
0.605929 0.116024 0.111723
0.615999 0.117327 0.116005
0.621154 0.115954 0.113754
0.628723 0.117279 0.113588
0.632871 0.116494 0.114090
0.642743 0.117580 0.116485
0.650339 0.117018 0.115494
0.661020 0.116772 0.109372
0.664485 0.113764 0.117113
0.674921 0.116915 0.108987
0.679968 0.113960 0.116980
0.686824 0.116801 0.116748
0.693711 0.115464 0.115505
0.703101 0.114586 0.117791
0.705830 0.113959 0.116294
0.714968 0.113002 0.117872
0.722401 0.113651 0.114361
0.728101 0.114424 0.108141
0.726362 0.113050 0.115379
0.730070 0.112137 0.111565
0.722080 0.115966 0.073792
0.732823 0.117631 0.025723
0.711739 0.115982 0.089651
0.709278 0.115447 0.101197
0.703575 0.116524 0.096423
0.706369 0.115538 0.093411
0.687726 0.117988 0.081097
0.688979 0.116177 0.099023
0.674552 0.117031 0.102994
0.676138 0.119123 0.084647
0.670926 0.118715 0.090465
0.659466 0.118598 0.101977
0.651626 0.119726 0.099411
0.644527 0.118441 0.096949
0.645329 0.117134 0.107571
0.636500 0.118393 0.086552
0.630751 0.116118 0.106959
0.624005 0.116464 0.107216
0.620749 0.115100 0.108429
0.599085 0.118261 0.099651
0.600927 0.117231 0.106389
0.590307 0.117864 0.104144
0.588816 0.117121 0.104991
0.572809 0.120090 0.092460
0.572721 0.117422 0.106035
0.555215 0.119623 0.091771
0.549822 0.116434 0.103069
0.550658 0.117266 0.102807
0.533250 0.117379 0.103391
0.528111 0.117881 0.095887
0.521584 0.116296 0.107254
0.514357 0.116904 0.098248
0.507087 0.115462 0.105079
0.507029 0.115475 0.104829
0.499275 0.117309 0.108623
0.501717 0.116448 0.108128
0.490405 0.116974 0.101040
0.500916 0.114040 0.106060
0.498764 0.108526 0.107214
0.503084 0.097767 0.098983
0.500485 0.092731 0.105869
0.502195 0.084384 0.096624
0.501946 0.079405 0.107148
0.500256 0.071131 0.106275
0.506276 0.060223 0.107032
0.503264 0.056622 0.109921
0.506589 0.053278 0.109675
0.504068 0.045824 0.110239
0.507328 0.045809 0.109496
0.504459 0.038463 0.112203
0.503829 0.039947 0.107454
0.509956 0.032504 0.109206
0.507245 0.027528 0.110897
0.507033 0.021127 0.112952
0.505990 0.021863 0.111201
0.506686 0.019283 0.109949
0.504122 0.013407 0.110811
0.509743 0.014123 0.108320
0.502784 0.008761 0.099103
0.507091 0.010963 0.107607
0.506588 0.009279 0.108889
0.512931 0.008832 0.110950
0.519395 0.012040 0.107453
0.521442 0.008833 0.109339
0.519668 0.010468 0.108088
0.534692 0.008495 0.111825
0.532985 0.008480 0.111324
0.545153 0.008477 0.111364
0.550253 0.010193 0.113113
0.550541 0.008981 0.097958
0.556775 0.008382 0.108957
0.569476 0.012745 0.111918
0.570318 0.011921 0.113169
0.581418 0.011137 0.110359
0.583964 0.013646 0.109607
0.593290 0.011015 0.112600
0.599938 0.009479 0.112159
0.602428 0.010322 0.113410
0.604948 0.011155 0.113410
0.613328 0.011526 0.112340
0.615926 0.012366 0.110592
0.624185 0.013703 0.113379
0.626745 0.012870 0.112631
0.636742 0.012712 0.109460
0.648197 0.011853 0.112808
0.649814 0.011853 0.113811
0.656294 0.012825 0.112683
0.657933 0.014515 0.113190
0.668471 0.013835 0.114279
0.670076 0.013835 0.115283
0.678614 0.015120 0.114218
0.681133 0.014307 0.114471
0.688771 0.015807 0.114766
0.691220 0.016673 0.115527
0.698387 0.014665 0.115773
0.700877 0.015553 0.116036
0.709842 0.016293 0.116542
0.722297 0.015019 0.102584
0.721466 0.015870 0.102085
0.724358 0.017935 0.066111
0.723057 0.015162 0.117463
0.720661 0.014822 0.098448
0.727252 0.013907 0.098690
0.732732 0.015883 0.040730
0.722820 0.006813 0.112918
0.720273 0.004147 0.114135
0.721455 -0.000421 0.113888
0.717179 -0.003164 0.116093
0.722424 -0.006101 0.114929
0.719117 -0.007934 0.114896
0.719851 -0.014790 0.117046
0.716732 -0.018305 0.115004
0.719891 -0.022990 0.113403
0.714156 -0.027483 0.113595
0.718280 -0.030426 0.113785
0.715887 -0.034743 0.115248
0.718458 -0.039972 0.113996
0.715255 -0.045140 0.116202
0.718061 -0.049686 0.115384
0.716454 -0.051453 0.115367
0.718171 -0.057766 0.116771
0.715034 -0.062957 0.117233
0.716886 -0.066646 0.116429
0.715297 -0.068454 0.115415
0.712816 -0.069452 0.114649
0.713921 -0.074694 0.116239
0.715484 -0.082398 0.114068
0.715542 -0.083924 0.117313
0.715023 -0.087547 0.108821
0.714119 -0.086492 0.114070
0.715193 -0.091045 0.110890
0.712658 -0.092077 0.114433
0.701154 -0.087060 0.103897
0.698427 -0.090912 0.113101
0.685659 -0.092636 0.112332
0.676846 -0.089736 0.109556
0.656802 -0.086957 0.063474
0.654067 -0.090906 0.096866
0.656712 -0.090670 0.107872
0.640374 -0.085537 0.075837
0.637645 -0.087108 0.093410
0.629261 -0.082931 0.058643
0.628385 -0.087581 0.102510
0.626286 -0.086840 0.107006
0.616704 -0.088321 0.097801
0.615422 -0.087588 0.108549
0.606435 -0.088163 0.103590
0.605179 -0.080500 0.103081
0.600121 -0.082171 0.102363
0.596409 -0.081555 0.106859
0.587732 -0.081979 0.104582
0.578735 -0.081785 0.078820
0.569955 -0.084138 0.100542
0.568749 -0.084247 0.103791
0.558287 -0.085128 0.103045
0.537441 -0.081072 0.045268
0.543304 -0.083582 0.101864
0.535329 -0.084669 0.100613
0.529611 -0.085111 0.102376
0.529560 -0.084352 0.106873
0.519254 -0.084068 0.105802
0.510889 -0.084395 0.104593
0.511079 -0.084412 0.105593
0.506600 -0.083784 0.108611
0.509287 -0.083645 0.104609
0.502297 -0.083105 0.105313
0.507433 -0.083021 0.105309
0.505150 -0.085481 0.108068
0.513890 -0.085389 0.109561
0.513672 -0.085373 0.110866
0.526976 -0.086142 0.109235
0.533555 -0.085058 0.099970
0.545686 -0.084626 0.029370
0.563746 -0.085986 0.112358
0.559954 -0.087076 0.112779
0.570685 -0.086115 0.110010
0.574581 -0.088128 0.112620
0.577787 -0.088043 0.108615
0.582018 -0.087692 0.110131
0.596922 -0.085403 0.084099
0.598879 -0.088350 0.109488
0.603075 -0.087536 0.111730
0.608947 -0.086626 0.109469
0.614162 -0.087791 0.109173
0.621586 -0.087394 0.110551
0.625914 -0.088093 0.105049
0.634173 -0.089102 0.109338
0.640022 -0.088242 0.110332
0.645818 -0.087764 0.110773
0.652469 -0.089429 0.112523
0.654235 -0.089378 0.110772
0.660963 -0.089586 0.111790
0.671455 -0.089909 0.112470
0.688342 -0.089262 0.111143
0.691327 -0.089332 0.115895
0.697269 -0.086699 0.114650
0.705168 -0.088943 0.118120
0.712757 -0.088426 0.117766
0.712796 -0.086732 0.117019
0.721246 -0.088059 0.116718
0.718782 -0.087257 0.115966
0.714612 -0.086503 0.115462
0.722243 -0.087941 0.117462
0.716363 -0.083877 0.116466
0.722024 -0.081002 0.114630
0.717163 -0.074148 0.109396
0.719473 -0.067991 0.111889
0.714234 -0.061388 0.111656
0.720434 -0.061006 0.111538
0.713692 -0.050497 0.104569
0.717827 -0.046658 0.104104
0.718754 -0.040321 0.109672
0.719205 -0.027749 0.108945
0.718392 -0.028633 0.108939
0.714774 -0.023859 0.110453
0.716006 -0.016913 0.110500
0.718124 -0.011261 0.111594
0.718713 0.001612 0.108835
0.717030 0.001566 0.108582
0.715816 0.008903 0.110366
0.717801 0.011769 0.111402
0.716963 0.013062 0.108156
0.716538 0.014963 0.113722
0.716957 0.018803 0.109291
0.715516 0.017837 0.110021
0.716388 0.016962 0.110521
0.705565 0.014347 0.107743
0.709741 0.018014 0.107276
0.693043 0.014107 0.106738
0.685926 0.019440 0.077826
0.681747 0.011374 0.109579
0.678585 0.014194 0.108140
0.666666 0.012514 0.105366
0.668798 0.015653 0.107640
0.655346 0.012084 0.106621
0.654818 0.015171 0.107151
0.647048 0.011145 0.112398
0.638577 0.016248 0.105284
0.629764 0.015911 0.088264
0.624086 0.013072 0.111135
0.618192 0.010469 0.110633
0.612905 0.013845 0.111197
0.607799 0.008792 0.109958
0.590975 0.012241 0.078656
0.594996 0.009199 0.110172
0.587934 0.011280 0.110643
0.581362 0.007737 0.111396
0.571400 0.011690 0.105086
0.564404 0.009390 0.099084
0.559304 0.012374 0.107330
0.559614 0.012267 0.109081
0.541191 0.013175 0.089811
0.526312 0.015345 0.050052
0.526535 0.012902 0.095487
0.521150 0.012729 0.081739
0.513619 0.015015 0.081941
0.520370 0.010333 0.106453
0.511912 0.012507 0.106592
0.512965 0.009934 0.107350
0.505831 0.010685 0.106812
0.512682 0.008028 0.111064
0.508181 0.009195 0.108297
0.509868 0.010904 0.108288
0.505156 0.013303 0.108770
0.508655 0.013305 0.109264
0.503763 0.017060 0.104425
0.511946 0.023416 0.113138
0.505473 0.025241 0.113324
0.511304 0.031164 0.113041
0.507525 0.038860 0.110742
0.508847 0.040740 0.108233
0.504363 0.048492 0.106796
0.509067 0.052445 0.110276
0.505322 0.059132 0.106568
0.509107 0.063924 0.109796
0.509935 0.066468 0.109787
0.507579 0.072821 0.109707
0.503324 0.083709 0.099100
0.504652 0.084114 0.103097
0.500913 0.089617 0.102939
0.498859 0.091647 0.092938
0.502352 0.106761 0.036411
0.505486 0.104934 0.097724
0.507928 0.105712 0.104972
0.507204 0.111227 0.108741
0.508307 0.110049 0.111241
0.504582 0.115569 0.110221
0.507555 0.118299 0.096471
0.507472 0.118082 0.110692
0.509237 0.114678 0.110942
0.511068 0.118370 0.110283
0.520577 0.115611 0.113037
0.521967 0.122717 0.091217
0.539979 0.118861 0.109698
0.546801 0.117008 0.112202
0.551793 0.115883 0.107706
0.551454 0.117647 0.115678
0.552754 0.121780 0.115550
0.576261 0.117521 0.112578
0.587569 0.118305 0.111601
0.592647 0.116762 0.111358
0.598739 0.120108 0.111472
0.606317 0.115988 0.112728
0.616248 0.116387 0.111276
0.622791 0.114647 0.114288
0.628915 0.117856 0.114452
0.634739 0.115428 0.115712
0.642450 0.117626 0.108243
0.642843 0.116370 0.113739
0.656549 0.115507 0.117034
0.660477 0.115819 0.103301
0.669086 0.114497 0.114122
0.671065 0.114770 0.111382
0.678230 0.114066 0.113849
0.679038 0.114940 0.113857
0.689933 0.115941 0.100984
0.686604 0.114798 0.115462
0.699832 0.117257 0.094331
0.700788 0.114170 0.115572
0.709652 0.114833 0.116015
0.710685 0.114129 0.114768
0.718104 0.114085 0.117923
0.719305 0.115660 0.094436
0.721663 0.113057 0.117449
0.716177 0.114846 0.098177
0.717743 0.114699 0.104933
0.711870 0.113900 0.113410
0.708491 0.116986 0.102653
0.698318 0.116743 0.099516
0.697533 0.114099 0.113766
0.692894 0.117707 0.086480
0.676265 0.117611 0.094233
0.668163 0.117423 0.101346
0.657168 0.123515 0.020442
0.656286 0.122457 0.022205
0.648224 0.119186 0.094271
0.633718 0.119649 0.073110
0.633065 0.117572 0.088903
0.628721 0.117101 0.098195
0.617555 0.115094 0.106058
0.615001 0.114849 0.108102
0.599306 0.116704 0.099956
0.593407 0.117059 0.095005
0.589638 0.115169 0.107141
0.565700 0.117853 0.064697
0.545123 0.122188 0.023583
0.551087 0.117536 0.092530
0.551858 0.116816 0.105280
0.538728 0.117448 0.100238
0.536257 0.117185 0.105008
0.527724 0.117334 0.104373
0.523583 0.118028 0.092897
0.516699 0.115693 0.105996
0.519448 0.113113 0.106737
0.509753 0.114179 0.105855
0.512567 0.114970 0.107091
0.502032 0.116179 0.105772
0.505654 0.116151 0.106759
0.500383 0.115822 0.109823
0.507237 0.112539 0.109804
0.504914 0.103649 0.113917
0.505696 0.104508 0.113667
0.501318 0.096349 0.109411
0.504768 0.091383 0.109146
0.501596 0.081561 0.107760
0.508299 0.069100 0.111225
0.502055 0.067754 0.111253
0.508064 0.057000 0.110473
0.503625 0.051288 0.109372
0.508284 0.047281 0.112110
0.506329 0.042291 0.116677
0.506834 0.039700 0.113671
0.504389 0.034119 0.110419
0.509532 0.030892 0.110658
0.506514 0.024755 0.113861
0.510551 0.020132 0.119350
0.505169 0.014503 0.115050
0.505710 0.010613 0.113119
0.509577 0.011348 0.109864
0.508128 0.009790 0.113374
0.512179 0.010623 0.111869
0.511834 0.008401 0.111162
0.526920 0.013675 0.111136
0.537229 0.011596 0.112383
0.547107 0.010046 0.112828
0.549462 0.010754 0.107575
0.557945 0.014364 0.112061
0.566369 0.011286 0.023495
0.571877 0.013216 0.109987
0.576875 0.009792 0.114785
0.582708 0.014025 0.113028
0.589604 0.011394 0.112353
0.599657 0.013214 0.112593
0.602153 0.011171 0.112947
0.605426 0.011243 0.115195
0.615966 0.011028 0.107210
0.619790 0.015331 0.113712
0.628820 0.014033 0.077235
0.634292 0.014924 0.113736
0.639152 0.013214 0.113462
0.650396 0.013895 0.111678
0.654686 0.016544 0.110185
0.664962 0.015000 0.102465
0.668257 0.015804 0.112971
0.677535 0.015234 0.106959
0.679074 0.015970 0.116963
0.685351 0.013335 0.118073
0.706422 0.015445 0.087881
0.704197 0.015007 0.107375
0.716833 0.016272 0.101656
0.715666 0.016701 0.118155
0.723150 0.015619 0.118778
0.719077 0.016342 0.117270
0.726671 0.014193 0.117005
0.719815 0.012208 0.118479
0.715745 0.009535 0.117957
0.721230 0.005236 0.114728
0.723907 0.000031 0.118822
0.724241 0.000076 0.115073
0.728484 -0.003235 0.100712
0.723956 -0.005193 0.114944
0.721839 -0.008684 0.076179
0.720490 -0.021312 0.117100
0.719097 -0.023114 0.113591
0.722098 -0.028635 0.112014
0.720683 -0.037742 0.112954
0.721500 -0.038520 0.114204
0.715687 -0.042946 0.115680
0.719566 -0.045602 0.115108
0.719897 -0.054525 0.116748
0.718193 -0.054576 0.117244
0.717491 -0.057183 0.116237
0.717926 -0.063134 0.117765
0.715545 -0.062706 0.110760
0.716859 -0.068814 0.109542
0.719380 -0.075988 0.114873
0.718624 -0.077010 0.112120
0.717651 -0.085207 0.111379
0.716816 -0.086010 0.112877
0.715975 -0.086765 0.115125
0.716015 -0.089509 0.111746
0.715290 -0.091538 0.113769
0.713526 -0.089801 0.116017
0.710558 -0.093139 0.113948
0.704918 -0.089203 0.089443
0.698305 -0.085203 0.111687
0.695401 -0.087676 0.108421
0.693579 -0.090550 0.108850
0.690012 -0.089036 0.106598
0.682934 -0.085919 0.104593
0.673777 -0.087692 0.106384
0.670384 -0.086074 0.107881
0.671577 -0.090583 0.108655
0.658326 -0.089671 0.106895
0.652941 -0.086424 0.105389
0.649660 -0.086511 0.107138
0.643579 -0.087066 0.105570
0.633127 -0.085593 0.106337
0.628332 -0.084897 0.086588
0.625589 -0.084085 0.101088
0.620822 -0.084624 0.099653
0.611809 -0.083997 0.103907
0.603528 -0.085229 0.089984
0.597114 -0.085889 0.103374
0.588290 -0.085129 0.072380
0.576619 -0.084016 0.103147
0.564898 -0.084215 0.105411
0.556097 -0.085246 0.102937
0.550802 -0.085312 0.102442
0.540924 -0.084637 0.102851
0.527452 -0.085502 0.102928
0.529334 -0.085490 0.103677
0.524032 -0.085526 0.103182
0.516743 -0.086339 0.104317
0.517657 -0.085481 0.104562
0.510766 -0.086154 0.105657
0.513208 -0.085298 0.104900
0.507062 -0.085075 0.108419
0.512649 -0.085934 0.106166
0.504901 -0.085824 0.105941
0.512394 -0.085853 0.109433
0.504080 -0.086088 0.109044
0.513193 -0.085284 0.107281
0.511123 -0.085683 0.105698
0.531003 -0.084959 0.107422
0.533337 -0.085821 0.109625
0.544921 -0.084204 0.106857
0.553512 -0.085031 0.105509
0.554760 -0.086749 0.110309
0.565571 -0.085986 0.107798
0.570497 -0.086647 0.106904
0.582306 -0.086770 0.109330
0.582345 -0.086781 0.110580
0.593655 -0.086705 0.108765
0.594505 -0.085869 0.108763
0.608733 -0.085654 0.109245
0.617737 -0.085055 0.098802
0.620992 -0.085229 0.109551
0.626136 -0.085201 0.105800
0.634841 -0.085798 0.111048
0.637497 -0.084908 0.107297
0.648663 -0.085192 0.111478
0.657435 -0.087013 0.109625
0.659756 -0.086239 0.113875
0.671325 -0.085329 0.109430
0.674371 -0.087099 0.114681
0.681010 -0.085443 0.115934
0.691588 -0.086387 0.115778
0.706447 -0.084656 0.113429
0.712864 -0.088059 0.116929
0.721233 -0.087330 0.118008
0.717457 -0.086434 0.113506
0.718809 -0.086074 0.115445
0.717258 -0.082209 0.093448
0.720519 -0.073885 0.116645
0.713089 -0.066221 0.113649
0.722409 -0.060877 0.075948
0.719388 -0.051476 0.022460
0.721467 -0.055313 0.110951
0.713771 -0.045988 0.110211
0.714628 -0.045107 0.109963
0.717899 -0.041204 0.108616
0.718160 -0.032494 0.108515
0.718039 -0.024419 0.110815
0.716234 -0.021221 0.112571
0.716953 -0.013189 0.111872
0.714310 -0.009130 0.113129
0.717061 -0.002949 0.108915
0.715258 0.000183 0.110921
0.716948 0.008073 0.106142
0.715162 0.009355 0.109144
0.717849 0.015281 0.106142
0.714424 0.012768 0.111633
0.717983 0.019361 0.103969
0.712956 0.013053 0.112196
0.712761 0.014770 0.110986
0.710483 0.017850 0.113715
0.692570 0.016210 0.101693
0.682855 0.013559 0.112330
0.676427 0.016194 0.086581
0.672581 0.015170 0.112444
0.659525 0.014843 0.095428
0.657730 0.020014 0.085800
0.646589 0.015229 0.086521
0.645495 0.018254 0.099448
0.629677 0.016032 0.071670
0.631689 0.015866 0.106603
0.623466 0.012113 0.108085
0.618040 0.016837 0.104338
0.609762 0.013118 0.105575
0.602819 0.013517 0.104950
0.596393 0.011479 0.107446
0.586759 0.013710 0.106461
0.578208 0.011845 0.106208
0.572801 0.013041 0.107153
0.567554 0.012472 0.101405
0.552510 0.013998 0.092839
0.553455 0.009716 0.107092
0.540215 0.011343 0.103993
0.522895 0.015726 0.038500
0.528686 0.011441 0.106479
0.527811 0.012280 0.106479
0.517354 0.013040 0.107489
0.517232 0.007986 0.106497
0.509044 0.010354 0.107673
0.511390 0.008553 0.110672
0.503848 0.009533 0.109041
0.509998 0.009369 0.114279
0.506788 0.015614 0.110232
0.509571 0.019174 0.106969
0.499542 0.026112 0.073771
0.509893 0.028451 0.108494
0.504475 0.034974 0.106082
0.509032 0.039088 0.108064
0.506856 0.046052 0.108964
0.504514 0.047661 0.099466
0.502700 0.058011 0.089480
0.507135 0.062848 0.102465
0.502530 0.065492 0.102801
0.506130 0.073323 0.085283
0.504078 0.076352 0.107202
0.506674 0.078856 0.107694
0.507015 0.088505 0.107959
0.508699 0.090212 0.107955
0.504996 0.095916 0.109792
0.508899 0.098822 0.107036
0.504713 0.103700 0.106982
0.508185 0.106998 0.107978
0.506937 0.113106 0.109865
0.508482 0.114981 0.108614
0.505861 0.122911 0.099609
0.509480 0.118957 0.110108
0.511349 0.119356 0.112118
0.519300 0.120354 0.109637
0.520210 0.119426 0.110387
0.538783 0.112962 0.109130
0.549926 0.119962 0.066674
0.551867 0.116257 0.109923
0.561859 0.116446 0.111804
0.567746 0.115995 0.091304
0.574348 0.117756 0.109719
0.582775 0.114367 0.111218
0.589864 0.114449 0.112517
0.593179 0.112655 0.114516
0.606024 0.113829 0.110997
0.606960 0.113148 0.109247
0.616434 0.114804 0.111821
0.624114 0.112533 0.110825
0.628860 0.118064 0.089657
0.633367 0.113838 0.112401
0.638411 0.115587 0.112344
0.647370 0.114509 0.096106
0.655496 0.115109 0.099885
0.657429 0.112266 0.116878
0.662641 0.114316 0.115961
0.668529 0.111975 0.116466
0.676129 0.116677 0.100076
0.682902 0.115439 0.109090
0.689524 0.116368 0.109238
0.691930 0.114140 0.118486
0.701963 0.115889 0.108061
0.706938 0.113904 0.102818
0.713583 0.114577 0.114543
0.713401 0.114469 0.116042
0.722434 0.115501 0.101896
0.719179 0.114503 0.114879
0.722822 0.111825 0.116709
0.720094 0.110729 0.118944
0.724824 0.111692 0.115018
0.711306 0.112793 0.115220
0.719214 0.111105 0.115673
0.700768 0.110425 0.115860
0.709977 0.109530 0.116241
0.703381 0.111171 0.113470
0.688547 0.111690 0.110727
0.681022 0.112890 0.101704
0.683000 0.111398 0.114368
0.666821 0.112654 0.103331
0.659649 0.112715 0.108302
0.653633 0.111945 0.106300
0.650789 0.112197 0.108360
0.630103 0.115099 0.031807
0.633352 0.110895 0.105940
0.621389 0.110939 0.105427
0.616870 0.110049 0.106604
0.605739 0.109239 0.106096
0.599807 0.110876 0.106899
0.588469 0.114215 0.057604
0.572089 0.112181 0.074951
0.572263 0.110554 0.107212
0.565798 0.109938 0.106435
0.562965 0.110851 0.104926
0.551447 0.110112 0.106530
0.546254 0.113391 0.092509
0.540421 0.112112 0.104573
0.536177 0.114533 0.091309
0.528748 0.114451 0.103321
0.529253 0.112621 0.105826
0.519971 0.113893 0.107815
0.519134 0.113043 0.107815
0.512529 0.112077 0.105677
0.503000 0.112669 0.104896
0.508083 0.111651 0.109155
0.504124 0.111428 0.109219
0.509552 0.108060 0.110981
0.503764 0.105361 0.108839
0.508272 0.094533 0.109605
0.504996 0.092283 0.109263
0.507353 0.087246 0.113020
0.504813 0.081264 0.110469
0.511978 0.066418 0.112236
0.505688 0.066978 0.111406
0.509449 0.059481 0.107665
0.505793 0.053614 0.112014
0.508947 0.046938 0.110022
0.506367 0.041745 0.112684
0.507991 0.040083 0.112186
0.506171 0.035921 0.111639
0.509937 0.032788 0.114893
0.506632 0.027119 0.111944
0.508031 0.021970 0.109200
0.507693 0.014539 0.112320
0.509107 0.012723 0.109823
0.509307 0.011166 0.111575
0.505445 0.006194 0.112357
0.506431 0.003526 0.110884
0.508162 0.003570 0.111382
0.510067 0.002858 0.111015
0.515231 0.004645 0.112507
0.530292 0.007108 0.109990
0.542416 0.009254 0.099724
0.548774 0.012261 0.111211
0.553452 0.009604 0.109780
0.564380 0.012248 0.112764
0.564765 0.009370 0.112378
0.576954 0.007037 0.112814
0.581135 0.009524 0.111307
0.590249 0.010477 0.115550
0.595534 0.009481 0.113046
0.608588 0.010076 0.111761
0.617599 0.012667 0.115508
0.621103 0.010577 0.115949
0.624591 0.012266 0.112950
0.633270 0.009612 0.114100
0.645813 0.009861 0.115743
0.652340 0.011609 0.117501
0.660007 0.010968 0.116637
0.670442 0.011552 0.116040
0.675298 0.013289 0.117551
0.684664 0.012286 0.116856
0.687214 0.013183 0.116363
0.698714 0.011742 0.119951
0.698769 0.011752 0.119451
0.708299 0.010136 0.117155
0.709492 0.013438 0.120673
0.716625 0.012062 0.120970
0.716885 0.012125 0.118721
0.725825 0.011830 0.117902
0.725043 0.015590 0.044922
0.722099 0.007969 0.119752
0.715844 0.001067 0.117437
0.720964 -0.002997 0.116129
0.715840 -0.008266 0.119327
0.720732 -0.013666 0.116308
0.713646 -0.018206 0.111754
0.721158 -0.022769 0.118115
0.715500 -0.025555 0.116327
0.718163 -0.031563 0.115114
0.714968 -0.036747 0.115822
0.719570 -0.043180 0.117841
0.718767 -0.044056 0.117834
0.720018 -0.049940 0.118221
0.716108 -0.054404 0.115938
0.716961 -0.063437 0.115876
0.714507 -0.064435 0.114864
0.718002 -0.071786 0.112846
0.717712 -0.082022 0.112434
0.715142 -0.082824 0.115174
0.716038 -0.090854 0.114109
0.716892 -0.091586 0.115358
0.713508 -0.098118 0.114519
0.706701 -0.097026 0.109507
0.704664 -0.101577 0.105284
0.702798 -0.098326 0.103539
0.690505 -0.103327 0.069131
0.688498 -0.099069 0.123136
0.693753 -0.091659 0.128826
0.702003 -0.084979 0.023102
0.708211 -0.086040 0.122109
0.717260 -0.083209 0.119623
0.718074 -0.086435 0.115629
0.718254 -0.089382 0.112191
0.710445 -0.083778 0.112187
0.707940 -0.087043 0.110666
0.702504 -0.085547 0.098162
0.696832 -0.087181 0.110068
0.691311 -0.087950 0.108441
0.682810 -0.086555 0.108936
0.680470 -0.089518 0.109289
0.671727 -0.088091 0.106287
0.667385 -0.085423 0.084285
0.666727 -0.088994 0.108173
0.657975 -0.085852 0.106419
0.654065 -0.089087 0.105325
0.644566 -0.086569 0.088570
0.641684 -0.088191 0.105309
0.638639 -0.085660 0.101556
0.633653 -0.087251 0.103493
0.620859 -0.085557 0.102756
0.614635 -0.086533 0.100759
0.607257 -0.085934 0.103261
0.603206 -0.086407 0.101979
0.591514 -0.086011 0.102192
0.587384 -0.086985 0.102944
0.581480 -0.086034 0.093194
0.570090 -0.086452 0.087288
0.564041 -0.087084 0.101938
0.559935 -0.088058 0.102690
0.548943 -0.087407 0.099746
0.546333 -0.087601 0.103997
0.546190 -0.085905 0.103496
0.536036 -0.085764 0.101065
0.524615 -0.085754 0.103213
0.524715 -0.085769 0.103713
0.521993 -0.084973 0.102963
0.514000 -0.085789 0.101369
0.512573 -0.083884 0.094619
0.503953 -0.084617 0.093119
0.508135 -0.084986 0.105368
0.504443 -0.084687 0.104677
0.505159 -0.083813 0.104177
0.495248 -0.084015 0.095095
0.509246 -0.084059 0.101223
0.508686 -0.084970 0.102722
0.515899 -0.084731 0.098989
0.517735 -0.085777 0.105738
0.546279 -0.086673 0.109485
0.542453 -0.086926 0.108347
0.559626 -0.087153 0.107600
0.560786 -0.085179 0.105956
0.565065 -0.085952 0.108458
0.571491 -0.085697 0.109578
0.576357 -0.085515 0.109329
0.579989 -0.084352 0.107412
0.592265 -0.084799 0.109662
0.593011 -0.082497 0.095037
0.600573 -0.083663 0.109031
0.604221 -0.084243 0.110019
0.610670 -0.081910 0.101026
0.617385 -0.085046 0.108131
0.623016 -0.083998 0.108385
0.627548 -0.083653 0.108265
0.634842 -0.084172 0.109264
0.639722 -0.083750 0.108993
0.646291 -0.088427 0.111975
0.655818 -0.085464 0.111751
0.669530 -0.087941 0.111801
0.674492 -0.087613 0.110055
0.677615 -0.087519 0.111557
0.687010 -0.088019 0.110346
0.689250 -0.088827 0.113094
0.700972 -0.088597 0.113608
0.703124 -0.089425 0.116856
0.711971 -0.090493 0.118400
0.708974 -0.090561 0.116147
0.715943 -0.091576 0.116769
0.717835 -0.080587 0.111622
0.719349 -0.080576 0.112875
0.716729 -0.076652 0.112639
0.723309 -0.078930 0.114875
0.715489 -0.068830 0.114659
0.719622 -0.068108 0.115907
0.721572 -0.063654 0.115993
0.716123 -0.053708 0.109746
0.710008 -0.048532 0.111756
0.709105 -0.045965 0.110265
0.711944 -0.040997 0.111518
0.715221 -0.036124 0.114174
0.711516 -0.025890 0.109454
0.710594 -0.023232 0.107711
0.715656 -0.020144 0.108442
0.710225 -0.012369 0.109708
0.710978 -0.004918 0.110547
0.712330 0.004070 0.108236
0.711449 0.004689 0.109236
0.708941 0.005528 0.108233
0.711672 0.009926 0.109554
0.713168 0.013342 0.111900
0.711540 0.013878 0.107898
0.708451 0.009863 0.111136
0.709472 0.014336 0.111194
0.705525 0.011647 0.110932
0.701322 0.014367 0.107317
0.698290 0.020137 0.098178
0.689810 0.018878 0.091409
0.684775 0.017141 0.089395
0.678091 0.015755 0.108735
0.673418 0.016005 0.098476
0.673515 0.018561 0.116753
0.659317 0.013001 0.108224
0.657952 0.018078 0.109747
0.646859 0.014006 0.103480
0.643191 0.018911 0.106073
0.632903 0.013851 0.108813
0.628248 0.017208 0.105609
0.620299 0.020354 0.106129
0.613850 0.016464 0.099885
0.612340 0.013207 0.106641
0.605826 0.014311 0.107075
0.592540 0.015100 0.105004
0.591174 0.016170 0.101752
0.588201 0.016790 0.093252
0.580236 0.014840 0.109374
0.573670 0.015340 0.100129
0.557562 0.015606 0.097380
0.554249 0.014424 0.103968
0.549373 0.015336 0.100721
0.540631 0.015002 0.106303
0.520340 0.020494 0.032058
0.526451 0.016839 0.100775
0.526160 0.015793 0.103531
0.512625 0.018935 0.078325
0.516763 0.012590 0.098601
0.507668 0.016002 0.094012
0.514133 0.011304 0.104521
0.507745 0.012255 0.107972
0.510539 0.010812 0.104472
0.513028 0.010049 0.103969
0.506826 0.017488 0.108835
0.504963 0.017507 0.107841
0.505841 0.020100 0.106119
0.505227 0.022610 0.091854
0.507366 0.027926 0.109394
0.509352 0.029485 0.111627
0.505273 0.034650 0.107192
0.511353 0.040476 0.109136
0.506813 0.044867 0.108740
0.511020 0.050748 0.109441
0.508129 0.056490 0.108305
0.510191 0.059388 0.104782
0.507714 0.062994 0.110105
0.508845 0.065143 0.105590
0.509278 0.076337 0.109665
0.509691 0.079334 0.098149
0.507007 0.089624 0.087132
0.510004 0.088007 0.107881
0.507503 0.091711 0.108780
0.509906 0.096037 0.108262
0.509523 0.105179 0.104388
0.510102 0.106408 0.101635
0.509642 0.112145 0.101122
0.510322 0.109478 0.108376
0.509973 0.115647 0.108675
0.510009 0.113955 0.108677
0.508375 0.119621 0.108694
0.509463 0.118428 0.111444
0.513443 0.120171 0.093725
0.515150 0.117886 0.105475
0.518025 0.123700 0.089319
0.530512 0.115064 0.113808
0.535338 0.114078 0.108553
0.538949 0.115125 0.112919
0.551422 0.115526 0.110164
0.559254 0.118507 0.102968
0.561847 0.115328 0.110213
0.567894 0.117493 0.111571
0.574608 0.116125 0.110321
0.575462 0.115312 0.110320
0.584960 0.117355 0.101698
0.586422 0.114861 0.111193
0.593714 0.114877 0.111220
0.603676 0.116759 0.108147
0.605260 0.114888 0.111142
0.606985 0.113299 0.110889
0.615782 0.114593 0.109405
0.619117 0.114713 0.109413
0.628079 0.113723 0.111928
0.632292 0.114820 0.110694
0.641152 0.114956 0.113436
0.644429 0.113339 0.114685
0.654072 0.114710 0.114807
0.665426 0.114402 0.113107
0.667829 0.111877 0.115097
0.677420 0.111893 0.116026
0.687974 0.112760 0.111538
0.694239 0.114184 0.107568
0.703916 0.113380 0.112203
0.703798 0.113305 0.113203
0.706564 0.111428 0.118451
0.714086 0.110347 0.118241
0.722597 0.110860 0.114672
0.718849 0.110439 0.118155
0.725082 0.110061 0.109371
0.716847 0.111797 0.114847
0.721293 0.110257 0.116903
0.717480 0.112874 0.112146
0.715171 0.113455 0.115452
0.710579 0.115279 0.097439
0.707266 0.113850 0.088618
0.689484 0.113738 0.108843
0.698578 0.112709 0.109342
0.673764 0.120076 0.020763
0.674978 0.113811 0.108108
0.657623 0.114470 0.092608
0.656264 0.115466 0.093560
0.636557 0.118604 0.034531
0.641361 0.114045 0.112622
0.634095 0.114376 0.106131
0.625620 0.115289 0.097201
0.609889 0.114755 0.107752
0.612704 0.113321 0.109970
0.598969 0.115113 0.108226
0.596286 0.114328 0.107245
0.589993 0.114677 0.108127
0.578464 0.114127 0.109010
0.573218 0.115280 0.103259
0.562361 0.115835 0.104393
0.563268 0.114976 0.104650
0.548741 0.115164 0.107619
0.543998 0.116644 0.096367
0.543186 0.115265 0.105381
0.528389 0.117307 0.093410
0.522293 0.115434 0.108245
0.514317 0.114457 0.094515
0.517811 0.112931 0.107017
0.508306 0.115225 0.103818
0.499808 0.114988 0.104078
0.509462 0.111442 0.109327
0.500540 0.112222 0.109129
0.506649 0.106422 0.109386
0.500847 0.102062 0.107046
0.501634 0.102928 0.106794
0.501716 0.089285 0.105180
0.510050 0.075110 0.107691
0.504035 0.074568 0.108043
0.510404 0.061389 0.115052
0.504232 0.060308 0.109090
0.505314 0.046068 0.109437
0.506538 0.041989 0.111689
0.504827 0.034115 0.111626
0.507512 0.030032 0.112378
0.509650 0.026917 0.115630
0.505669 0.019171 0.111101
0.506195 0.013160 0.111347
0.505396 0.012323 0.111599
0.506224 0.010272 0.110665
0.508148 0.010437 0.112912
0.511836 0.016125 0.108642
0.515640 0.012209 0.094048
0.519746 0.010291 0.106955
0.518868 0.009415 0.106460
0.536820 0.007755 0.110683
0.545926 0.011963 0.108904
0.551939 0.014694 0.113385
0.551320 0.009502 0.113862
0.564449 0.010796 0.108433
0.568652 0.011686 0.109173
0.588072 0.012110 0.112176
0.596612 0.008068 0.111242
0.597445 0.008911 0.111238
0.611971 0.009817 0.113309
0.611176 0.010633 0.112057
0.621264 0.014048 0.111038
0.626253 0.010350 0.113358
0.636319 0.013774 0.112841
0.645859 0.011906 0.113367
0.656499 0.012917 0.114154
0.657453 0.013772 0.112653
0.670886 0.013285 0.114505
0.672443 0.011619 0.116005
0.675859 0.015015 0.115003
0.685893 0.013022 0.114738
0.687601 0.013048 0.114488
0.698578 0.012897 0.117070
0.705420 0.014705 0.115824
0.711779 0.012339 0.117283
0.713488 0.015737 0.116543
0.720427 0.015261 0.106838
0.723874 0.013929 0.116621
0.718149 0.014653 0.114869
0.723770 0.012577 0.115680
0.713256 0.003035 0.113856
0.719099 -0.000836 0.116488
0.717134 -0.003378 0.110718
0.719881 -0.011307 0.112314
0.715637 -0.017337 0.115512
0.720361 -0.020837 0.117381
0.714727 -0.026916 0.117075
0.720627 -0.030795 0.117158
0.714162 -0.032788 0.113881
0.719325 -0.038340 0.114998
0.715139 -0.037687 0.113992
0.719174 -0.044567 0.116338
0.717998 -0.046572 0.106572
0.718787 -0.054312 0.113769
0.718867 -0.054377 0.111769
0.717443 -0.062129 0.112815
0.716544 -0.064477 0.118051
0.720217 -0.069136 0.118103
0.719398 -0.068403 0.116355
0.718700 -0.074705 0.094548
0.714120 -0.074988 0.112787
0.715880 -0.081858 0.110295
0.715107 -0.084309 0.112783
0.714464 -0.092531 0.113247
0.710089 -0.088516 0.112752
0.711778 -0.091297 0.116308
0.707473 -0.089065 0.113557
0.700486 -0.090478 0.116006
0.696101 -0.088255 0.112255
0.681974 -0.088634 0.101992
0.679528 -0.086076 0.106244
0.675416 -0.089196 0.110640
0.664082 -0.083744 0.109132
0.661598 -0.089025 0.110045
0.646065 -0.090364 0.104444
0.642808 -0.088766 0.106692
0.628091 -0.089133 0.102056
0.628862 -0.088250 0.101557
0.620899 -0.086823 0.107051
0.604653 -0.085277 0.101267
0.591586 -0.085663 0.104573
0.593550 -0.087310 0.105826
0.576087 -0.087137 0.100945
0.562992 -0.084045 0.096192
0.564647 -0.084076 0.105192
0.541872 -0.086726 0.103452
0.536641 -0.085133 0.103450
0.527068 -0.085639 0.104661
0.514241 -0.084555 0.102299
0.515565 -0.083700 0.104542
0.509792 -0.083398 0.106411
0.512781 -0.083340 0.104155
0.507652 -0.083690 0.106744
0.509083 -0.084543 0.106401
0.510038 -0.085388 0.106906
0.511450 -0.084866 0.031397
0.506509 -0.085930 0.054025
0.530398 -0.086088 0.106241
0.555991 -0.087185 0.109485
0.558491 -0.087539 0.105897
0.564581 -0.085783 0.097124
0.574692 -0.088146 0.109767
0.576371 -0.088146 0.109765
0.588014 -0.088134 0.107251
0.584724 -0.088900 0.106038
0.609165 -0.086400 0.106739
0.608590 -0.088274 0.107074
0.618686 -0.086612 0.107048
0.626446 -0.087393 0.106693
0.631495 -0.087406 0.106937
0.637391 -0.089233 0.110227
0.648263 -0.088428 0.111211
0.657109 -0.089772 0.108799
0.658826 -0.089766 0.108047
0.669299 -0.089278 0.111925
0.676750 -0.088454 0.113416
0.684574 -0.087393 0.113211
0.691453 -0.087324 0.110958
0.698949 -0.088168 0.113396
0.702348 -0.088135 0.112895
0.710086 -0.088059 0.117674
0.708952 -0.084557 0.110925
0.716711 -0.085766 0.111521
0.711697 -0.084119 0.110771
0.720651 -0.084818 0.115470
0.714951 -0.078912 0.112228
0.712347 -0.076454 0.112981
0.713695 -0.068694 0.100752
0.712862 -0.064343 0.113762
0.717561 -0.059777 0.113280
0.718318 -0.050234 0.112297
0.717442 -0.045972 0.111560
0.715802 -0.042427 0.109320
0.715624 -0.030282 0.102264
0.712884 -0.028197 0.106269
0.715789 -0.022002 0.107135
0.714722 -0.020135 0.112892
0.717577 -0.014350 0.109902
0.716308 -0.005451 0.109358
0.714571 -0.003865 0.109863
0.718332 0.005785 0.107883
0.717278 0.013942 0.110884
0.718136 0.013053 0.111381
0.718193 0.020292 0.094524
0.717385 0.020022 0.090021
0.716823 0.021689 0.084165
0.711734 0.018436 0.094390
0.711539 0.020666 0.101070
0.692663 0.017798 0.091518
0.694564 0.022356 0.091167
0.679174 0.022153 0.059384
0.676379 0.017755 0.107866
0.662580 0.016165 0.102840
0.654855 0.021885 0.084254
0.639301 0.013159 0.105454
0.627381 0.020082 0.067073
0.632417 0.017643 0.093570
0.621132 0.017790 0.105147
0.618032 0.015860 0.106894
0.605010 0.017969 0.108181
0.596792 0.015591 0.104183
0.589501 0.019154 0.103596
0.580154 0.016425 0.103605
0.569684 0.015763 0.105404
0.562282 0.013007 0.106663
0.553319 0.016118 0.105508
0.541669 0.014084 0.094774
0.532570 0.018749 0.086638
0.529294 0.014694 0.095658
0.523148 0.015300 0.104115
0.522300 0.014442 0.104120
0.508983 0.015377 0.088611
0.510672 0.012241 0.100123
0.506135 0.013690 0.105613
0.505015 0.012213 0.100373
0.508686 0.011167 0.105372
0.504925 0.014228 0.110821
0.500172 0.019344 0.106042
0.506095 0.023593 0.105752
0.509206 0.027658 0.108720
0.502692 0.033859 0.108165
0.489879 0.045898 0.047776
0.491402 0.053365 0.045971
0.497441 0.056049 0.102247
0.498940 0.063923 0.090689
0.494816 0.076824 0.032358
0.489431 0.082075 0.032495
0.502781 0.082419 0.094716
0.504372 0.089099 0.105569
0.498270 0.100257 0.086640
0.500985 0.097785 0.099650
0.506513 0.102525 0.102363
0.500831 0.111645 0.089678
0.508255 0.110991 0.107171
0.502927 0.117723 0.105781
0.504456 0.116219 0.097537
0.507266 0.115619 0.113025
0.507140 0.115899 0.089524
0.517273 0.119971 0.088185
0.531010 0.120958 0.090754
0.556610 0.117051 0.113024
0.565679 0.116683 0.107765
0.575778 0.114645 0.110511
0.583801 0.117781 0.111113
0.595872 0.120234 0.109348
0.625121 0.114125 0.110846
0.632360 0.118086 0.110384
0.645160 0.114113 0.107638
0.650361 0.116442 0.109515
0.654133 0.115216 0.114267
0.666068 0.116172 0.113660
0.670279 0.113706 0.113412
0.676087 0.111191 0.113916
0.686351 0.113231 0.114321
0.701667 0.113614 0.111410
0.714601 0.113547 0.113127
0.715618 0.111539 0.118121
0.714418 0.111764 0.114620
0.727358 0.116397 0.071588
0.722076 0.110387 0.107595
0.709487 0.118359 0.051613
0.696158 0.115811 0.081812
0.685080 0.119981 0.055786
0.673596 0.118335 0.072987
0.682506 0.119558 0.032165
0.662573 0.113703 0.113693
0.653085 0.119242 0.069697
0.623858 0.120683 0.072596
0.619269 0.120226 0.077191
0.607682 0.115572 0.110114
0.608146 0.116109 0.111949
0.588850 0.117698 0.104385
0.580656 0.118980 0.093169
0.580039 0.117684 0.086909
0.563779 0.115953 0.106553
0.561913 0.115977 0.105297
0.548662 0.116482 0.099555
0.550347 0.114100 0.110800
0.528309 0.117405 0.088222
0.513880 0.113671 0.107962
0.505520 0.114815 0.109829
0.508535 0.113353 0.107332
0.505558 0.111114 0.110123
0.509469 0.107128 0.107374
0.502864 0.102322 0.106241
0.506535 0.089643 0.110994
0.506302 0.077736 0.109738
0.509225 0.067650 0.104994
0.503321 0.066371 0.104881
0.510276 0.054019 0.110144
0.507118 0.047316 0.113051
0.504099 0.047459 0.097301
0.502922 0.039014 0.109867
0.510034 0.030854 0.111627
0.506137 0.028326 0.111359
0.510762 0.024409 0.114363
0.504908 0.020763 0.111467
0.507263 0.018160 0.109720
0.505709 0.011127 0.115720
0.503939 0.008534 0.092480
0.507960 0.007538 0.110657
0.510538 0.008447 0.111149
0.512983 0.004028 0.108270
0.533065 0.009094 0.105217
0.540716 0.005617 0.108813
0.554315 0.010963 0.112515
0.553549 0.008204 0.108832
0.565357 0.008263 0.109056
0.573980 0.007871 0.111486
0.578176 0.008775 0.112725
0.597936 0.008645 0.115256
0.598759 0.007829 0.115758
0.612721 0.008798 0.114440
0.616191 0.010412 0.111931
0.628914 0.008799 0.114053
0.643212 0.013035 0.113774
0.655661 0.011264 0.113531
0.666750 0.010167 0.117693
0.671960 0.011852 0.115936
0.683581 0.010019 0.119918
0.689300 0.010908 0.121165
0.696496 0.009531 0.118489
0.701438 0.011264 0.119239
0.714943 0.010770 0.120911
0.715873 0.011622 0.120163
0.725524 0.010635 0.115694
0.726777 0.012408 0.106200
0.730588 0.012433 0.107550
0.724029 0.010586 0.105281
0.728864 0.008112 0.096582
0.718402 -0.000769 0.116017
0.714241 -0.001729 0.115503
0.720211 -0.007888 0.113222
0.722224 -0.020464 0.102108
0.717752 -0.023659 0.116078
0.723834 -0.032524 0.107899
0.714888 -0.039253 0.117086
0.719892 -0.047316 0.118774
0.716460 -0.047382 0.119763
0.720516 -0.054845 0.118186
0.714890 -0.059409 0.115651
0.720702 -0.065152 0.118322
0.716727 -0.068034 0.115051
0.716874 -0.075560 0.115796
0.717210 -0.082255 0.112423
0.716391 -0.084712 0.114162
0.713057 -0.086526 0.114148
0.714450 -0.090380 0.116347
0.714827 -0.092966 0.117259
0.702801 -0.086868 0.112505
0.708357 -0.094087 0.116203
0.691210 -0.089789 0.111939
0.694852 -0.094158 0.110943
0.676223 -0.089361 0.116680
0.671028 -0.093007 0.112530
0.663947 -0.089930 0.109776
0.651079 -0.090479 0.107653
0.645072 -0.089794 0.107897
0.639230 -0.093155 0.107545
0.630476 -0.089983 0.106786
0.622649 -0.092910 0.109017
0.603943 -0.087447 0.105254
0.602109 -0.090693 0.105108
0.586145 -0.087614 0.103102
0.573420 -0.088619 0.105442
0.569426 -0.087788 0.107441
0.562550 -0.089244 0.106426
0.550451 -0.088623 0.102187
0.535740 -0.087443 0.094038
0.537410 -0.087299 0.102285
0.527716 -0.087733 0.105839
0.523019 -0.086124 0.100081
0.513922 -0.087666 0.099285
0.513634 -0.088487 0.102043
0.506577 -0.087154 0.101856
0.509611 -0.086267 0.103843
0.503085 -0.087700 0.107934
0.507101 -0.087004 0.097669
0.500976 -0.088714 0.107491
0.507731 -0.088763 0.106728
