0.499612 -0.094364 0.117909
0.500488 -0.093705 0.115991
0.499692 -0.094413 0.118244
0.503211 -0.094664 0.120202
0.499793 -0.093385 0.117946
0.503468 -0.093797 0.120906
0.500675 -0.093484 0.117154
0.504894 -0.095610 0.121692
0.501413 -0.094335 0.118186
0.504157 -0.094674 0.120166
0.502515 -0.093603 0.118911
0.505075 -0.094757 0.119884
0.503481 -0.092852 0.117373
0.504527 -0.093728 0.118423
0.505400 -0.093852 0.118923
0.510960 -0.095269 0.122779
0.508489 -0.094068 0.121022
0.507600 -0.093135 0.118017
0.509014 -0.094769 0.119818
0.509132 -0.093125 0.117308
0.510456 -0.092957 0.117906
0.513873 -0.093789 0.120121
0.512234 -0.092696 0.118113
0.513856 -0.092580 0.117107
0.516309 -0.093832 0.118867
0.519057 -0.093791 0.120040
0.515545 -0.093241 0.116533
0.516408 -0.093385 0.117035
0.516995 -0.092390 0.116033
0.517640 -0.093392 0.115292
0.520339 -0.092696 0.116541
0.522070 -0.091957 0.116786
0.525221 -0.094201 0.119553
0.523910 -0.091088 0.116615
0.526192 -0.092339 0.117636
0.525284 -0.092202 0.116135
0.525518 -0.091241 0.116701
0.526292 -0.091394 0.115452
0.528750 -0.091584 0.116225
0.531103 -0.093667 0.119230
0.533995 -0.093045 0.118699
0.529860 -0.091500 0.116446
0.532258 -0.092591 0.115774
0.532465 -0.091748 0.117023
0.534226 -0.091660 0.115633
0.534251 -0.091658 0.116133
0.536573 -0.091559 0.116988
0.541481 -0.094057 0.121991
0.538044 -0.092197 0.117295
0.538020 -0.092200 0.116795
0.544746 -0.093728 0.121269
0.539715 -0.092048 0.116766
0.546556 -0.092902 0.120383
0.542265 -0.092184 0.117132
0.547206 -0.093612 0.120613
0.543203 -0.091225 0.117108
0.544737 -0.091020 0.117560
0.545580 -0.091172 0.117810
0.550298 -0.091675 0.119809
0.547716 -0.091220 0.117557
0.549295 -0.090963 0.117203
0.555566 -0.092512 0.120600
0.550628 -0.090737 0.117092
0.556386 -0.093118 0.120092
0.559219 -0.091953 0.121088
0.553939 -0.091409 0.116509
0.558048 -0.093035 0.120017
0.557843 -0.091843 0.119009
0.562052 -0.092656 0.121514
0.563517 -0.093471 0.121873
0.558585 -0.091673 0.117613
0.559634 -0.091007 0.118861
0.564343 -0.093391 0.120807
0.560468 -0.090909 0.118044
0.562965 -0.091167 0.118931
0.562924 -0.091173 0.117931
0.564801 -0.091068 0.117658
0.564770 -0.091073 0.116908
0.566415 -0.091943 0.117668
0.571578 -0.093649 0.120109
0.568541 -0.091315 0.117348
0.573281 -0.093779 0.119424
0.571368 -0.090778 0.119662
0.577076 -0.093168 0.121904
0.572155 -0.091303 0.116894
0.574086 -0.090623 0.116791
0.574939 -0.090801 0.117542
0.576114 -0.091677 0.117490
0.580984 -0.093549 0.120997
0.577289 -0.090852 0.116434
0.577132 -0.091676 0.116936
0.578453 -0.091703 0.116943
0.579384 -0.091872 0.119443
0.584583 -0.092681 0.121497
0.580283 -0.091818 0.116745
0.583062 -0.091246 0.116332
0.583804 -0.092242 0.118583
0.589673 -0.093199 0.121136
0.584748 -0.091331 0.116634
0.587804 -0.090761 0.118008
0.591497 -0.094098 0.121261
0.592507 -0.093096 0.120414
0.589304 -0.091573 0.117913
0.589482 -0.090749 0.117912
0.594356 -0.092053 0.119697
0.593488 -0.091425 0.118006
0.596652 -0.092968 0.119759
0.595069 -0.092270 0.117520
0.598249 -0.093817 0.119774
0.599958 -0.093744 0.120042
0.596726 -0.092195 0.116287
0.598164 -0.092911 0.116284
0.599673 -0.094105 0.117789
0.600426 -0.093050 0.118339
0.602745 -0.094436 0.120098
0.605218 -0.093795 0.119099
0.606041 -0.093993 0.119351
0.607467 -0.094000 0.119315
0.605176 -0.092584 0.117803
0.607023 -0.092173 0.118055
0.608632 -0.092268 0.116974
0.611755 -0.093895 0.119488
0.609568 -0.091974 0.117236
0.612025 -0.093046 0.118456
0.612232 -0.092232 0.118202
0.614114 -0.092208 0.118502
0.613222 -0.092009 0.115999
0.613230 -0.092007 0.116249
0.616336 -0.091454 0.116500
0.617154 -0.091673 0.116503
0.619020 -0.091682 0.116634
0.619857 -0.091897 0.117386
0.621423 -0.091072 0.116727
0.625757 -0.094799 0.121504
0.623760 -0.092951 0.118180
0.629330 -0.095245 0.122948
0.626156 -0.092174 0.116620
0.630934 -0.094266 0.121133
0.627563 -0.093268 0.117504
0.631509 -0.095137 0.120761
0.630310 -0.091748 0.118297
0.629241 -0.092357 0.117047
0.632154 -0.092541 0.117517
0.632382 -0.091719 0.118016
0.639140 -0.093936 0.122543
0.633284 -0.092462 0.117040
0.636149 -0.092765 0.118635
0.635707 -0.094410 0.118137
0.642352 -0.095577 0.122110
0.638374 -0.093712 0.118108
0.644481 -0.095033 0.121875
0.641331 -0.093373 0.118122
0.645844 -0.094178 0.119801
0.643358 -0.093536 0.118799
0.648132 -0.095396 0.122241
0.645202 -0.092900 0.118237
0.647822 -0.093240 0.119087
0.646781 -0.093839 0.119087
0.648624 -0.093044 0.119037
0.649264 -0.094082 0.121040
0.653676 -0.095547 0.121988
0.650596 -0.093834 0.119980
0.655615 -0.095481 0.123127
0.653125 -0.094810 0.120872
0.658339 -0.096659 0.122853
0.653834 -0.093663 0.119339
0.661100 -0.097085 0.124508
0.656595 -0.094096 0.119993
0.660502 -0.093933 0.122304
0.660210 -0.094759 0.119556
0.661541 -0.093867 0.118626
0.662371 -0.094100 0.119127
0.666978 -0.096991 0.123134
0.665159 -0.093858 0.119125
0.666926 -0.094130 0.119406
0.667154 -0.093310 0.119155
0.667173 -0.093311 0.120155
0.669161 -0.093433 0.120423
0.671071 -0.094393 0.121372
0.670457 -0.093341 0.120121
0.676442 -0.095471 0.123767
0.672521 -0.093501 0.120264
0.677574 -0.094516 0.124768
0.674233 -0.093588 0.120768
0.676609 -0.092860 0.119679
0.675780 -0.092626 0.119429
0.680299 -0.095665 0.122681
0.679040 -0.093750 0.120133
0.684180 -0.094700 0.124391
0.681682 -0.093999 0.121640
0.686590 -0.096061 0.124809
0.682664 -0.094079 0.121058
0.686101 -0.095529 0.122849
0.683825 -0.094010 0.120849
0.686105 -0.095529 0.123099
0.685459 -0.094115 0.120538
0.686478 -0.094089 0.120020
0.685872 -0.093030 0.119772
0.691474 -0.095064 0.124319
0.687530 -0.093092 0.121823
0.690045 -0.093379 0.120577
0.689852 -0.094215 0.122077
0.690039 -0.093378 0.120327
0.691481 -0.093362 0.122797
0.691434 -0.093350 0.120797
0.695352 -0.094700 0.124090
0.693854 -0.093403 0.120593
0.696060 -0.093675 0.122187
0.698361 -0.095190 0.124934
0.696219 -0.092454 0.118674
0.697478 -0.094586 0.120670
0.701747 -0.095274 0.124939
0.698588 -0.093535 0.121444
0.699339 -0.093428 0.119958
0.702219 -0.094746 0.121937
0.701588 -0.093687 0.121190
0.702229 -0.094748 0.122437
0.701402 -0.092454 0.120266
0.702550 -0.093311 0.122072
0.701922 -0.092259 0.121827
0.701285 -0.091203 0.121332
0.702262 -0.087211 0.120760
0.702520 -0.086405 0.122262
0.701852 -0.083571 0.121367
0.705083 -0.085325 0.124604
0.703051 -0.081049 0.121650
0.708318 -0.081511 0.123982
0.702364 -0.076400 0.121012
0.707083 -0.076378 0.123855
0.702523 -0.072455 0.119628
0.706605 -0.072852 0.121867
0.700926 -0.069511 0.116889
0.705843 -0.071597 0.121896
0.701847 -0.068695 0.117163
0.702631 -0.067272 0.119681
0.701958 -0.066193 0.118936
0.705286 -0.068020 0.122924
0.702286 -0.063540 0.119788
0.702215 -0.063470 0.118288
0.702653 -0.059991 0.120118
0.704716 -0.063280 0.123608
0.701889 -0.056820 0.118907
0.703254 -0.055365 0.118739
0.706617 -0.057257 0.123483
0.705813 -0.054902 0.121770
0.703211 -0.050649 0.120274
0.703820 -0.051667 0.119773
0.703000 -0.048658 0.118892
0.702741 -0.049443 0.117892
0.706333 -0.050000 0.122134
0.702748 -0.045339 0.117381
0.702538 -0.042359 0.117281
0.703469 -0.042676 0.119032
0.703296 -0.040194 0.117847
0.706408 -0.042955 0.121855
0.709155 -0.041575 0.123183
0.706623 -0.040874 0.122178
0.704447 -0.035036 0.118941
0.706445 -0.038380 0.122203
0.704292 -0.032938 0.119432
0.703472 -0.032729 0.119679
0.703687 -0.031250 0.119116
0.707615 -0.034299 0.123886
0.703417 -0.029035 0.119991
0.701928 -0.027685 0.118981
0.706441 -0.028570 0.123366
0.701608 -0.025145 0.117082
0.705962 -0.026348 0.123047
0.702139 -0.023322 0.119767
0.702652 -0.021034 0.119026
0.703338 -0.018122 0.118841
0.704376 -0.021235 0.121368
0.704219 -0.015704 0.119123
0.703328 -0.015371 0.117866
0.704137 -0.012495 0.119526
0.702470 -0.011942 0.119011
0.704277 -0.011138 0.120532
0.703265 -0.007959 0.117497
0.706192 -0.007736 0.120214
0.706268 -0.007832 0.121716
0.703355 -0.003433 0.117633
0.704198 -0.003741 0.118141
0.702323 -0.002541 0.115333
0.703863 -0.004120 0.118609
0.702675 -0.001074 0.116272
0.705027 -0.002948 0.119807
0.708087 -0.001912 0.121057
0.703292 0.000865 0.116744
0.706134 0.001071 0.119338
0.703180 0.003046 0.119045
0.705700 0.003171 0.120007
0.703491 0.004942 0.118473
0.704763 0.004209 0.118766
0.703170 0.004780 0.119000
0.704334 0.003516 0.120659
0.699712 0.006187 0.118853
0.700079 0.004160 0.121126
0.698887 0.006108 0.119556
0.696379 0.004322 0.119307
0.694022 0.005932 0.118586
0.694252 0.006999 0.118377
0.693672 0.005388 0.118890
0.696958 0.004122 0.122699
0.691144 0.006512 0.118870
0.693354 0.005224 0.120874
0.691317 0.007005 0.120578
0.687565 0.005974 0.116828
0.688253 0.004773 0.119607
0.690938 0.001782 0.122688
0.683754 0.004694 0.118337
0.689228 0.001348 0.123227
0.681392 0.004100 0.117635
0.685241 0.001449 0.121749
0.680450 0.004617 0.117999
0.682857 0.005569 0.122029
0.677275 0.004566 0.119461
0.679750 0.005064 0.121086
0.677318 0.004400 0.119811
0.676800 0.005295 0.121531
0.674952 0.004233 0.119029
0.676604 0.005704 0.121557
0.671018 0.003767 0.117016
0.671038 0.001905 0.118581
0.670049 0.002645 0.120466
0.671835 0.000611 0.121323
0.667804 0.005784 0.117376
0.668067 0.002783 0.119494
0.666568 0.003218 0.120015
0.665647 0.001827 0.120301
0.664091 0.004108 0.120269
0.660842 0.001097 0.119324
0.659457 0.001822 0.119648
0.657647 0.000905 0.118650
0.658894 0.000952 0.121682
0.653428 0.002529 0.117822
0.653713 0.002619 0.120076
0.651109 0.003531 0.119052
0.650981 0.003492 0.118050
0.651045 0.003512 0.118551
0.647301 0.002790 0.116712
0.646863 0.001672 0.119367
0.645959 0.003356 0.118543
0.643211 0.003206 0.117765
0.642281 0.001914 0.118791
0.642613 0.002521 0.117276
0.638593 0.002133 0.117326
0.641631 0.001366 0.121152
0.634948 0.002079 0.116281
0.638641 0.000776 0.119875
0.635113 0.000486 0.119322
0.638471 0.000348 0.121629
0.631022 0.003484 0.118946
0.634004 0.001486 0.121025
0.627474 0.003109 0.117490
0.631273 0.001852 0.121560
0.626053 0.003415 0.118394
0.625036 0.001711 0.118336
0.623286 0.003861 0.117311
0.623445 0.001488 0.120515
0.619753 0.004551 0.115981
0.620712 0.004076 0.117741
0.617797 0.002815 0.115755
0.618834 0.004249 0.116529
0.616170 0.003273 0.116463
0.615928 0.004445 0.116725
0.614237 0.001649 0.117573
0.612829 0.004420 0.117103
0.609039 0.003211 0.116529
0.609961 0.004685 0.117061
0.611067 0.001021 0.120199
0.610699 0.002174 0.119970
0.604129 0.004602 0.115509
0.604904 0.006117 0.115295
0.605037 0.002354 0.119766
0.602328 0.005493 0.116575
0.602938 0.002768 0.120096
0.598622 0.004745 0.116629
0.600904 0.001880 0.119962
0.600162 0.000354 0.119923
0.595145 0.003189 0.118247
0.594628 0.004339 0.117525
0.591317 0.004352 0.118195
0.591173 0.004379 0.117196
0.586434 0.004355 0.115583
0.585849 0.005513 0.114612
0.586210 0.003283 0.117280
0.584569 0.002928 0.118962
0.579441 0.004997 0.116271
0.581074 0.003242 0.119886
0.577334 0.004657 0.115926
0.578803 0.004294 0.120216
0.575857 0.005372 0.116246
0.577317 0.003081 0.119931
0.571955 0.005092 0.115736
0.568472 0.004762 0.117535
0.568584 0.004742 0.118285
0.568490 0.002100 0.120249
0.563511 0.004814 0.116816
0.564292 0.003805 0.118224
0.561831 0.005572 0.115765
0.556708 0.004793 0.115594
0.557392 0.005525 0.118107
0.553035 0.004353 0.116889
0.551450 0.005787 0.115169
0.550266 0.003833 0.118006
0.546620 0.005066 0.115284
0.545324 0.002352 0.117776
0.540303 0.004176 0.116845
0.542736 0.002480 0.118815
0.539669 0.005279 0.116112
0.539373 0.005985 0.117520
0.536461 0.005612 0.117643
0.534175 0.006220 0.117380
0.537172 0.003445 0.119845
0.531240 0.006291 0.116566
0.531904 0.005190 0.117554
0.528214 0.006244 0.117730
0.527670 0.005474 0.115973
0.524362 0.006284 0.115541
0.529710 0.003716 0.121261
0.519935 0.004889 0.115129
0.522006 0.002422 0.116608
0.516051 0.003372 0.114564
0.515491 0.004462 0.114322
0.512668 0.004510 0.115007
0.513984 0.005010 0.116509
0.509893 0.002623 0.115934
0.510500 0.004220 0.116192
0.510080 0.002762 0.118622
0.508358 0.004143 0.115880
0.509881 0.002651 0.118914
0.503966 0.004884 0.115717
0.502982 0.005182 0.114468
0.503276 0.005166 0.116468
0.504394 0.003226 0.118089
0.500959 0.004387 0.116339
0.502431 0.002165 0.119941
0.499230 0.004109 0.117692
0.500837 0.002553 0.120380
0.498586 0.005002 0.117132
0.500256 0.003236 0.119511
0.495977 0.004506 0.117565
0.497123 0.005011 0.118066
0.498672 0.007107 0.117320
0.497816 0.008273 0.120177
0.499233 0.010387 0.118432
0.497930 0.011909 0.118166
0.499433 0.013181 0.119419
0.501434 0.012882 0.120275
0.501768 0.013658 0.120777
0.498114 0.016081 0.117261
0.502765 0.015380 0.121008
0.501267 0.014357 0.122099
0.501188 0.017520 0.122301
0.497030 0.019819 0.117809
0.500618 0.019097 0.120528
0.501460 0.018810 0.121026
0.500647 0.026669 0.120541
0.499354 0.028910 0.118051
0.500559 0.030748 0.119985
0.499480 0.033831 0.117000
0.502135 0.033748 0.120494
0.499447 0.037370 0.117519
0.500886 0.041522 0.119087
0.500181 0.042702 0.117346
0.502364 0.040106 0.120575
0.499897 0.045986 0.116804
0.501480 0.044494 0.119290
0.500568 0.048343 0.118345
0.502883 0.046654 0.120078
0.499557 0.052830 0.116624
0.500199 0.055599 0.116873
0.501535 0.053300 0.119354
0.500672 0.060309 0.117915
0.501116 0.058330 0.119401
0.502141 0.062169 0.120446
0.500963 0.065371 0.116971
0.503262 0.067060 0.120000
0.501448 0.070350 0.118525
0.500452 0.073446 0.118499
0.500230 0.072616 0.118745
0.501243 0.076239 0.118611
0.499582 0.076779 0.118116
0.503326 0.076791 0.120926
0.500123 0.078824 0.118188
0.501855 0.079546 0.120463
0.500659 0.081736 0.119471
0.503303 0.081776 0.121893
0.498783 0.086127 0.116658
0.498534 0.088496 0.116139
0.500113 0.086976 0.118635
0.500065 0.089881 0.118957
0.500128 0.089820 0.119707
0.499346 0.094244 0.117566
0.499606 0.092415 0.117065
0.500759 0.093685 0.119198
0.500827 0.097300 0.117448
0.500372 0.099431 0.119379
0.500149 0.099652 0.116629
0.501868 0.098851 0.119305
0.500420 0.100270 0.118052
0.500516 0.102959 0.119979
0.498730 0.098337 0.117237
0.500295 0.100036 0.119429
0.500686 0.098078 0.120936
0.500636 0.101000 0.118968
0.500598 0.101032 0.118468
0.499501 0.102843 0.118233
0.500686 0.103279 0.119734
0.504860 0.101780 0.122247
0.500713 0.105690 0.119596
0.503635 0.105047 0.122186
0.501134 0.105958 0.120676
0.503049 0.104819 0.123131
0.500481 0.105791 0.120618
0.502176 0.106694 0.122394
0.503438 0.105383 0.121655
0.505657 0.105137 0.123328
0.503382 0.106926 0.120557
0.506426 0.105709 0.122583
0.506307 0.105805 0.120582
0.508033 0.106225 0.121619
0.507483 0.107357 0.120604
0.509573 0.106535 0.119494
0.510412 0.106191 0.120504
0.511988 0.108606 0.118744
0.512077 0.106772 0.117271
0.514570 0.107939 0.118543
0.514580 0.107931 0.118793
0.518689 0.108378 0.120443
0.519850 0.106980 0.118731
0.522913 0.104814 0.121282
0.523569 0.106373 0.120005
0.524697 0.107253 0.120018
0.525422 0.106920 0.118284
0.530202 0.105964 0.122867
0.528278 0.105965 0.119841
0.530779 0.105379 0.121479
0.529990 0.105761 0.118705
0.533196 0.104569 0.120232
0.531760 0.107244 0.118616
0.533023 0.106562 0.117732
0.532624 0.105850 0.119255
0.539715 0.104502 0.122118
0.535238 0.105212 0.119764
0.538832 0.105829 0.119648
0.537673 0.105586 0.119890
0.540391 0.105613 0.120167
0.539911 0.104906 0.119691
0.547375 0.102602 0.123109
0.541598 0.104540 0.119670
0.547294 0.103954 0.122492
0.548807 0.101791 0.122617
0.549163 0.103840 0.122042
0.551162 0.102380 0.124144
0.552537 0.103555 0.122478
0.548584 0.106618 0.120275
0.554813 0.104138 0.123056
0.550343 0.106551 0.118626
0.553590 0.107520 0.118743
0.554886 0.106458 0.119559
0.556650 0.106594 0.119827
0.556653 0.106601 0.120077
0.558814 0.107108 0.120025
0.559443 0.106554 0.120056
0.563140 0.104919 0.121572
0.560624 0.107111 0.119451
0.563379 0.106982 0.120173
0.562799 0.106346 0.119439
0.566924 0.105072 0.120906
0.566246 0.106782 0.118834
0.569097 0.105579 0.120704
0.567837 0.107897 0.119608
0.572682 0.106092 0.120644
0.570852 0.107808 0.119065
0.573155 0.107105 0.119624
0.573729 0.107688 0.118612
0.576288 0.108072 0.119934
0.575694 0.107470 0.119695
0.577413 0.108421 0.119022
0.577997 0.107815 0.118294
0.582861 0.105747 0.121906
0.580462 0.109267 0.118539
0.586343 0.106072 0.121319
0.583373 0.109028 0.118718
0.588410 0.105878 0.121624
0.585439 0.108840 0.118278
0.588537 0.108556 0.119075
0.587329 0.109748 0.116789
0.591392 0.108725 0.119580
0.590194 0.108744 0.119069
0.593546 0.108394 0.120272
0.591739 0.109015 0.118246
0.595882 0.108084 0.119860
0.598811 0.105076 0.122681
0.599109 0.108827 0.119912
0.600833 0.105827 0.121718
0.601382 0.109851 0.119686
0.603685 0.106236 0.121999
0.598354 0.109341 0.118172
0.601149 0.109647 0.118567
0.603986 0.108465 0.119100
0.606346 0.106023 0.121891
0.607634 0.106071 0.120633
0.606549 0.109675 0.119592
0.611481 0.107072 0.121418
0.613825 0.105805 0.122442
0.613280 0.109119 0.119305
0.612734 0.110932 0.118539
0.614551 0.111459 0.118794
0.617013 0.110291 0.117707
0.618169 0.107857 0.120478
0.620449 0.109946 0.119209
0.623708 0.106888 0.121637
0.622585 0.110514 0.118113
0.625768 0.108812 0.119760
0.624589 0.110058 0.118250
0.626866 0.110651 0.117404
0.627465 0.110022 0.118408
0.630097 0.107546 0.120636
0.628302 0.109421 0.117624
0.633124 0.107441 0.122019
0.628339 0.111252 0.116493
0.631550 0.111517 0.116604
0.631689 0.111466 0.120854
0.635221 0.111376 0.121531
0.636337 0.111357 0.119033
0.640033 0.108953 0.120814
0.639464 0.109573 0.120811
0.641600 0.108944 0.120635
0.642780 0.107694 0.122140
0.644303 0.111199 0.120854
0.644215 0.108812 0.121358
0.648142 0.110773 0.121735
0.649320 0.110728 0.121237
0.651116 0.111124 0.121844
0.651732 0.111698 0.121594
0.654302 0.109146 0.122796
0.655558 0.111502 0.121046
0.660312 0.108636 0.125169
0.660395 0.112268 0.120916
0.663146 0.111982 0.119842
0.669557 0.110516 0.123034
0.666637 0.112457 0.121780
0.667814 0.112429 0.120531
0.671450 0.111695 0.121668
0.673756 0.109173 0.123921
0.675429 0.111422 0.120795
0.674855 0.112046 0.120795
0.678562 0.111170 0.121320
0.677992 0.111789 0.121570
0.680978 0.111576 0.121961
0.680392 0.112220 0.120961
0.684468 0.110517 0.120765
0.686233 0.108575 0.125515
0.685720 0.112003 0.121714
0.685684 0.110790 0.122463
0.689379 0.109882 0.123966
0.690531 0.108635 0.124466
0.692072 0.110746 0.122972
0.695568 0.108421 0.125631
0.694409 0.110936 0.121634
0.693223 0.110964 0.122383
0.694623 0.110712 0.122061
0.697474 0.110450 0.124068
0.699197 0.107356 0.126565
0.696236 0.110541 0.122068
0.696935 0.110998 0.120897
0.696312 0.110419 0.120896
0.697087 0.109649 0.120420
0.695891 0.109687 0.120670
0.696862 0.109403 0.121032
0.701233 0.106181 0.123518
0.699495 0.109275 0.122020
0.704280 0.106702 0.125405
0.702464 0.109857 0.121157
0.704371 0.109288 0.121928
0.703759 0.109937 0.120928
0.706916 0.107226 0.123532
0.708114 0.107183 0.123532
0.703939 0.110396 0.121035
0.703687 0.109000 0.121609
0.703065 0.109649 0.120610
0.708498 0.104362 0.125267
0.702989 0.110129 0.118018
0.703974 0.110264 0.117769
