0.505734 -0.099348 0.025553
0.503784 -0.097751 0.023053
0.504703 -0.097791 0.023423
0.507468 -0.099353 0.025672
0.504957 -0.097869 0.023900
0.505255 -0.097123 0.022599
0.506359 -0.098762 0.025099
0.504686 -0.098231 0.023578
0.506446 -0.098998 0.024077
0.504972 -0.098377 0.024536
0.504877 -0.097538 0.023786
0.506008 -0.098294 0.024523
0.506815 -0.097418 0.024523
0.509852 -0.098915 0.025579
0.509337 -0.096409 0.023153
0.511258 -0.098862 0.025153
0.511064 -0.097197 0.024701
0.511532 -0.097364 0.021638
0.512482 -0.096485 0.023638
0.514947 -0.096441 0.024517
0.515965 -0.098082 0.026267
0.516815 -0.096467 0.023081
0.516864 -0.097309 0.023331
0.516798 -0.095624 0.023331
0.520418 -0.096467 0.024053
0.519517 -0.096500 0.023053
0.521758 -0.098093 0.025266
0.522557 -0.095574 0.023222
0.522589 -0.096416 0.023222
0.525481 -0.096358 0.024199
0.525596 -0.098036 0.025199
0.527034 -0.097006 0.024949
0.526965 -0.097007 0.023699
0.530550 -0.098556 0.026949
0.528662 -0.096839 0.025021
0.529864 -0.096699 0.023983
0.531668 -0.097476 0.025733
0.532656 -0.099953 0.026983
0.537090 -0.098842 0.027698
0.535296 -0.097230 0.026198
0.535662 -0.096999 0.024903
0.538142 -0.097534 0.026358
0.541121 -0.096530 0.025444
0.544634 -0.098946 0.027945
0.544001 -0.097044 0.026846
0.543120 -0.097069 0.025847
0.544899 -0.097747 0.025917
0.544920 -0.097744 0.026417
0.549258 -0.099293 0.029418
0.549513 -0.100006 0.028457
0.547413 -0.097479 0.025229
0.550974 -0.099892 0.028980
0.549426 -0.097199 0.025819
0.553799 -0.099597 0.029070
0.551138 -0.097014 0.025076
0.555527 -0.098579 0.029077
0.552799 -0.096880 0.024545
0.554511 -0.097690 0.024794
0.558180 -0.099173 0.027465
0.556292 -0.096709 0.023465
0.560268 -0.099939 0.029085
0.558387 -0.097488 0.025085
0.561140 -0.097381 0.025255
0.561164 -0.098222 0.025505
0.565016 -0.099889 0.027316
0.563242 -0.098252 0.025566
0.565067 -0.096427 0.024618
0.564246 -0.097282 0.024868
0.565425 -0.097074 0.024277
0.567216 -0.097875 0.026526
0.570737 -0.099437 0.028732
0.566314 -0.097014 0.024233
0.571890 -0.099445 0.028164
0.570317 -0.097860 0.025183
0.572948 -0.099489 0.027183
0.571344 -0.096980 0.023366
0.569714 -0.096994 0.024616
0.572269 -0.097723 0.025485
0.571366 -0.096899 0.024486
0.574021 -0.098531 0.026735
0.574882 -0.096720 0.025139
0.576430 -0.095772 0.024380
0.576498 -0.096608 0.025630
0.581794 -0.098235 0.028525
0.579939 -0.095760 0.025025
0.583275 -0.095735 0.024732
0.585100 -0.097376 0.027981
0.586316 -0.094780 0.026706
0.588948 -0.097253 0.029205
0.590785 -0.097245 0.028950
0.588171 -0.095610 0.026700
0.591898 -0.096342 0.028054
0.589246 -0.095543 0.024804
0.593760 -0.097020 0.027838
0.594632 -0.097004 0.028838
0.594122 -0.095199 0.025663
0.594955 -0.095193 0.025413
0.596727 -0.095132 0.024527
0.596758 -0.094284 0.025527
0.598136 -0.094072 0.024713
0.599053 -0.096589 0.026213
0.600044 -0.094884 0.023267
0.600073 -0.094880 0.024017
0.603868 -0.094847 0.024459
0.606485 -0.095655 0.026959
0.605871 -0.093953 0.023466
0.611114 -0.098080 0.028466
0.609955 -0.094575 0.024935
0.614761 -0.096189 0.027785
0.612114 -0.094555 0.024285
0.614542 -0.095451 0.025073
0.618870 -0.097045 0.028824
0.616740 -0.094573 0.023881
0.616763 -0.094570 0.024631
0.619909 -0.095232 0.025833
0.619887 -0.095237 0.025083
0.622068 -0.095204 0.025174
0.624685 -0.097677 0.027175
0.624650 -0.095143 0.025355
0.625480 -0.095134 0.024855
0.631393 -0.097454 0.028109
0.632220 -0.096603 0.028109
0.630675 -0.095731 0.025582
0.632965 -0.094905 0.025569
0.633796 -0.095745 0.024819
0.635407 -0.094809 0.025645
0.637117 -0.094788 0.026644
0.637987 -0.094556 0.024603
0.638845 -0.094546 0.025103
0.640716 -0.093564 0.025220
0.641579 -0.094399 0.025720
0.643127 -0.093238 0.025717
0.645869 -0.093889 0.026029
0.648449 -0.094700 0.028028
0.647460 -0.092891 0.024378
0.650137 -0.093717 0.024559
0.652741 -0.094529 0.027058
0.652465 -0.093586 0.023500
0.655955 -0.094371 0.026229
0.655113 -0.094377 0.026230
0.657656 -0.093546 0.024928
0.657664 -0.094392 0.024928
0.660225 -0.094569 0.025047
0.660243 -0.095412 0.025297
0.665222 -0.096349 0.027058
0.662627 -0.094718 0.025557
0.665145 -0.094909 0.025375
0.665159 -0.094904 0.025875
0.667821 -0.095835 0.025614
0.667815 -0.094989 0.025863
0.672963 -0.097445 0.028520
0.670275 -0.094156 0.024519
0.673563 -0.094150 0.025590
0.674412 -0.094984 0.025341
0.676622 -0.094244 0.024745
0.677516 -0.095066 0.026245
0.680014 -0.095043 0.026321
0.679992 -0.094203 0.025820
0.685274 -0.095966 0.029317
0.683561 -0.096844 0.027317
0.684197 -0.095291 0.025070
0.685765 -0.094457 0.025413
0.688376 -0.096945 0.028161
0.689137 -0.094472 0.024980
0.688304 -0.095320 0.025230
0.693520 -0.096183 0.027577
0.691759 -0.094526 0.024828
0.694300 -0.096296 0.026088
0.692593 -0.094620 0.025589
0.695941 -0.097153 0.026179
0.695056 -0.095480 0.024930
0.698411 -0.096176 0.026625
0.699108 -0.094566 0.024736
0.699140 -0.094560 0.025736
0.699700 -0.094409 0.024752
0.701441 -0.096089 0.026501
0.702017 -0.095002 0.024888
0.701991 -0.095008 0.024138
0.702902 -0.095838 0.026138
0.704461 -0.095581 0.025490
0.705022 -0.095464 0.025913
0.707080 -0.095571 0.025972
0.706206 -0.095580 0.025222
0.708122 -0.096646 0.026856
0.707203 -0.095826 0.025106
0.706342 -0.094989 0.024856
0.706355 -0.095143 0.025146
0.707359 -0.094412 0.025531
0.706476 -0.091891 0.025529
0.705030 -0.086072 0.023589
0.704206 -0.084405 0.024588
0.705560 -0.084649 0.025507
0.704721 -0.082990 0.026255
0.706739 -0.083163 0.026563
0.703917 -0.078123 0.024058
0.706927 -0.079245 0.027917
0.704027 -0.074200 0.024661
0.706004 -0.075086 0.026105
0.706755 -0.071271 0.025718
0.704894 -0.068778 0.024715
0.705656 -0.065818 0.025390
0.703826 -0.065819 0.023392
0.703732 -0.064115 0.023139
0.705527 -0.060674 0.024259
0.705562 -0.060696 0.024759
0.708283 -0.060290 0.026141
0.709149 -0.059452 0.027140
0.707146 -0.054554 0.025680
0.705330 -0.052080 0.025427
0.707077 -0.051478 0.026447
0.704285 -0.048104 0.024694
0.704228 -0.047039 0.023759
0.703468 -0.047951 0.024509
0.704020 -0.046463 0.024810
0.704558 -0.045382 0.025006
0.703652 -0.046198 0.024006
0.704080 -0.042259 0.024487
0.705932 -0.044008 0.026238
0.703586 -0.040728 0.024846
0.704572 -0.042476 0.026346
0.702923 -0.039280 0.023574
0.704006 -0.041088 0.026325
0.705935 -0.039408 0.026816
0.704166 -0.038531 0.025814
0.704301 -0.036249 0.024534
0.705405 -0.038072 0.027784
0.705689 -0.036695 0.028177
0.703727 -0.034018 0.024676
0.703098 -0.032827 0.025371
0.704941 -0.033765 0.027372
0.703053 -0.028873 0.023526
0.703094 -0.028897 0.024026
0.703227 -0.026905 0.023944
0.702528 -0.025276 0.025444
0.702754 -0.024686 0.025895
0.701854 -0.022073 0.024646
0.703862 -0.020912 0.027426
0.702053 -0.018218 0.025176
0.702138 -0.016484 0.024726
0.701296 -0.015597 0.024476
0.703333 -0.015305 0.027311
0.701526 -0.012570 0.024812
0.700647 -0.009143 0.023567
0.701716 -0.008476 0.025820
0.702458 -0.008597 0.027291
0.700486 -0.003071 0.024490
0.700532 -0.003979 0.025489
0.702367 -0.005914 0.028238
0.700383 -0.003045 0.024342
0.701377 -0.002324 0.025594
0.700692 -0.000265 0.024971
0.702568 -0.002259 0.028471
0.702634 0.000937 0.027971
0.701649 0.004503 0.025151
0.703260 0.000898 0.027147
0.701395 0.004352 0.024542
0.701417 0.005225 0.024044
0.701355 0.006752 0.024710
0.701384 0.004957 0.026706
0.701274 0.004519 0.027176
0.698692 0.004779 0.026421
0.699095 0.002843 0.027850
0.699974 0.002743 0.028351
0.694524 0.006176 0.024980
0.692604 0.004691 0.024222
0.692743 0.004712 0.027211
0.689947 0.005078 0.024457
0.688932 0.005146 0.025431
0.688872 0.004298 0.025680
0.688401 0.003366 0.027407
0.686646 0.003566 0.026655
0.686813 0.003170 0.027410
0.688571 0.002111 0.029160
0.685137 0.003719 0.028257
0.683279 0.003944 0.026506
0.684069 0.002369 0.028928
0.679406 0.003767 0.023676
0.680343 0.001987 0.028544
0.674207 0.004307 0.024648
0.674178 0.004312 0.024398
0.670241 0.003606 0.024567
0.669397 0.003698 0.024566
0.668401 0.002956 0.024065
0.668003 0.001722 0.025260
0.662949 0.003226 0.023582
0.660069 0.003756 0.023154
0.662757 0.001774 0.025904
0.657634 0.003086 0.023709
0.658510 0.002995 0.023959
0.654494 0.003386 0.023062
0.659950 0.001144 0.027812
0.652834 0.003718 0.023254
0.650462 0.003323 0.023204
0.650406 0.002478 0.023453
0.647859 0.002650 0.023126
0.648047 0.002639 0.024626
0.644054 0.002937 0.024090
0.644118 0.002933 0.024590
0.648475 -0.000857 0.028589
0.643909 0.000314 0.026294
0.637313 0.002723 0.023991
0.640924 0.000686 0.027240
0.632610 0.003276 0.021513
0.636189 0.000385 0.025013
0.633592 0.003181 0.022513
0.629403 0.002717 0.023162
0.629248 0.000875 0.026506
0.627181 0.001899 0.023006
0.626553 0.001072 0.025938
0.627546 -0.000685 0.028438
0.620589 0.002204 0.023549
0.621448 0.001273 0.024299
0.616759 0.003273 0.021982
0.617741 0.001492 0.024232
0.612513 0.002665 0.020962
0.614525 0.002482 0.023212
0.616287 0.000365 0.027788
0.610623 0.002576 0.022038
0.611233 -0.000300 0.027175
0.608436 0.001638 0.023925
0.606410 0.001453 0.024506
0.605495 0.001540 0.024006
0.606921 -0.000474 0.028377
0.603055 0.001545 0.023377
0.602973 0.000324 0.025732
0.607682 -0.000090 0.029732
0.603377 0.000517 0.025716
0.605177 0.001192 0.025966
0.605206 0.001518 0.025543
0.609691 0.000280 0.028791
0.602851 0.003154 0.024796
0.602377 0.001251 0.026125
0.600731 0.000564 0.027125
0.599187 0.002964 0.027148
0.598037 0.002205 0.025148
0.601193 -0.000011 0.029731
0.595093 0.003006 0.025985
0.591799 0.002192 0.023700
0.590943 0.001417 0.024200
0.588153 0.002383 0.023743
0.588279 0.002380 0.024743
0.590483 0.000516 0.028152
0.585849 0.001708 0.024154
0.587277 0.000596 0.027106
0.582716 0.000947 0.024357
0.584751 -0.000163 0.028067
0.579294 0.001092 0.024319
0.582233 -0.001768 0.029281
0.581244 -0.001706 0.028031
0.579605 -0.000792 0.028777
0.571376 -0.000193 0.023779
0.568897 -0.000096 0.023706
0.568049 0.000817 0.023206
0.564340 0.000064 0.023096
0.564375 0.000065 0.023346
0.561649 0.000030 0.022678
0.565505 -0.001067 0.026678
0.559728 -0.000051 0.023063
0.559830 -0.000048 0.023813
0.558178 -0.000130 0.024728
0.558245 0.000712 0.024728
0.556318 0.002326 0.025020
0.558440 0.000425 0.028675
0.554599 0.001516 0.024426
0.554671 -0.000279 0.026333
0.552179 0.001588 0.025584
0.553234 -0.001173 0.027719
0.548707 0.000804 0.024221
0.546124 0.000728 0.023907
0.546190 0.000729 0.024406
0.544864 0.001610 0.025177
0.548261 -0.001142 0.026925
0.542136 0.001710 0.024666
0.540529 0.000782 0.026020
0.540205 0.000774 0.023520
0.538457 0.000784 0.024473
0.542041 -0.001113 0.027220
0.540584 -0.001238 0.028418
0.536852 0.000645 0.024421
0.534395 0.000696 0.024727
0.534332 0.000695 0.024227
0.532149 0.001587 0.024916
0.530206 0.001698 0.022917
0.527030 0.002834 0.023507
0.527292 0.002834 0.025506
0.522907 0.003113 0.023511
0.524770 0.002161 0.025260
0.521030 0.001703 0.023892
0.526566 -0.001117 0.029140
0.516712 0.001985 0.023678
0.513008 0.001141 0.022968
0.513912 0.001927 0.022968
0.515045 -0.000842 0.026756
0.511277 0.001879 0.022508
0.510383 0.001538 0.024243
0.513064 -0.001131 0.026741
0.508640 0.000602 0.025287
0.506922 0.000713 0.025038
0.508767 -0.001368 0.027963
0.503331 0.001451 0.023715
0.504340 -0.001396 0.027112
0.503342 0.001155 0.024613
0.503117 -0.000747 0.026829
0.499307 0.001020 0.023896
0.502827 0.001636 0.024646
0.502824 0.002473 0.024146
0.501892 0.003621 0.024176
0.503775 0.003503 0.025926
0.507867 0.002585 0.030395
0.504309 0.004480 0.027145
0.504662 0.001691 0.027826
0.502170 0.006408 0.026578
0.503085 0.006347 0.027328
0.501230 0.007861 0.025513
0.503125 0.006899 0.028262
0.504058 0.006837 0.029262
0.507842 0.007365 0.031756
0.504345 0.015300 0.028320
0.508625 0.012455 0.031821
0.502647 0.019098 0.025892
0.502284 0.024782 0.026490
0.507511 0.021737 0.031496
0.500901 0.027363 0.026406
0.502026 0.029769 0.027153
0.501505 0.033468 0.026165
0.505838 0.032131 0.028921
0.501787 0.035398 0.027618
0.501691 0.036312 0.025615
0.501441 0.038829 0.027157
0.501629 0.042115 0.025516
0.501674 0.042974 0.025014
0.501873 0.046524 0.024419
0.502810 0.045493 0.026672
0.502578 0.048994 0.026025
0.502599 0.048983 0.026275
0.504074 0.051474 0.027845
0.503995 0.051520 0.026845
0.507434 0.052630 0.030517
0.503117 0.057775 0.026783
0.503197 0.057727 0.027783
0.506621 0.059682 0.030575
0.503402 0.061890 0.028814
0.503128 0.061160 0.026817
0.503890 0.063894 0.028365
0.503718 0.065902 0.027611
0.504587 0.065752 0.028112
0.504023 0.069851 0.027414
0.503212 0.069972 0.027662
0.502720 0.075421 0.026537
0.505082 0.073235 0.028551
0.503097 0.080352 0.025908
0.502535 0.082176 0.025648
0.503010 0.086726 0.026718
0.503140 0.091324 0.026282
0.503327 0.093093 0.024773
0.505453 0.089091 0.028045
0.504584 0.096258 0.026507
0.506258 0.093977 0.031019
0.506335 0.097956 0.029889
0.504418 0.104690 0.027268
0.505565 0.100939 0.029035
0.502819 0.104654 0.025576
0.502310 0.102184 0.025336
0.503228 0.104636 0.025590
0.506185 0.100422 0.029860
0.503748 0.104549 0.026717
0.505763 0.100588 0.029735
0.504196 0.103935 0.026515
0.507082 0.099769 0.030535
0.505460 0.104887 0.024922
0.506384 0.106246 0.026671
0.508117 0.103333 0.023933
0.510242 0.104746 0.025941
0.510664 0.102930 0.025448
0.512719 0.103898 0.024851
0.513306 0.102002 0.027108
0.513738 0.103217 0.024871
0.516252 0.102627 0.025624
0.516937 0.103438 0.025693
0.519251 0.102026 0.026448
0.522042 0.102578 0.026438
0.522695 0.101557 0.026941
0.523944 0.103035 0.026979
0.524379 0.101203 0.026984
0.525875 0.101770 0.026098
0.532733 0.098262 0.031023
0.528220 0.101897 0.026515
0.530599 0.101921 0.028310
0.533214 0.100056 0.028396
0.532911 0.102717 0.026641
0.536186 0.102244 0.027385
0.539990 0.099618 0.030640
0.538873 0.102852 0.027351
0.539729 0.102649 0.028351
0.542554 0.103062 0.029447
0.543134 0.102051 0.028448
0.544937 0.102838 0.027379
0.546556 0.102435 0.026879
0.548553 0.103227 0.027279
0.549205 0.102206 0.028531
0.551875 0.102556 0.028085
0.552690 0.102349 0.028085
0.554784 0.102914 0.026623
0.558327 0.099451 0.030627
0.558521 0.102086 0.028375
0.560372 0.099032 0.030130
0.566449 0.099543 0.033392
0.561067 0.102594 0.027142
0.568742 0.099035 0.031293
0.564635 0.103528 0.027289
0.569001 0.099967 0.029841
0.569849 0.104169 0.026969
0.570446 0.103138 0.026720
0.573007 0.102528 0.027599
0.572978 0.102521 0.026349
0.575888 0.103653 0.026710
0.579393 0.100175 0.031212
0.576526 0.102632 0.028460
0.580830 0.101832 0.028654
0.580222 0.102858 0.028153
0.585475 0.099830 0.030423
0.585618 0.102644 0.027656
0.589301 0.099969 0.030906
0.589202 0.102676 0.026885
0.592077 0.100218 0.030385
0.592881 0.101909 0.026097
0.594933 0.099656 0.028598
0.596475 0.101769 0.027549
0.599333 0.099315 0.030300
0.600486 0.101920 0.028164
0.602733 0.100484 0.030164
0.605338 0.099888 0.028889
0.602482 0.102359 0.026638
0.606440 0.102455 0.027705
0.605380 0.101837 0.025956
0.608148 0.102033 0.026053
0.611289 0.102364 0.027196
0.611057 0.101537 0.026447
0.615394 0.100514 0.028367
0.613974 0.101758 0.027617
0.618248 0.099837 0.029124
0.617271 0.102705 0.028122
0.619739 0.102109 0.027635
0.619735 0.102106 0.027385
0.627066 0.099517 0.031210
0.622749 0.099764 0.027964
0.624203 0.102962 0.026557
0.624208 0.102966 0.026807
0.627504 0.102889 0.027218
0.627404 0.099420 0.027975
0.630021 0.102443 0.027410
0.631782 0.099343 0.029163
0.632110 0.102901 0.026752
0.634922 0.100379 0.029001
0.635149 0.101908 0.026539
0.640054 0.099884 0.028781
0.639153 0.102788 0.028778
0.640869 0.099657 0.029280
0.641770 0.103083 0.027596
0.641283 0.101458 0.027351
0.645082 0.102265 0.028493
0.645070 0.102252 0.027743
0.650760 0.100645 0.030040
0.646942 0.102628 0.028046
0.652650 0.100133 0.030300
0.652063 0.103688 0.026906
0.655664 0.100921 0.030902
0.653713 0.103229 0.028903
0.659404 0.100647 0.030175
0.657704 0.103768 0.028174
0.658618 0.103490 0.027119
0.658026 0.104524 0.025369
0.661799 0.104230 0.027627
0.664472 0.104226 0.027536
0.665283 0.103980 0.027785
0.667505 0.104191 0.026612
0.673845 0.101468 0.030476
0.671086 0.104026 0.027477
0.673934 0.103140 0.027644
0.678298 0.100084 0.030392
0.677770 0.103454 0.028163
0.676966 0.103706 0.028413
0.683582 0.100676 0.029281
0.685201 0.100227 0.031530
0.684987 0.101888 0.029989
0.683028 0.104206 0.026989
0.689352 0.100443 0.029941
0.687099 0.104636 0.027690
0.691222 0.100464 0.029872
0.690034 0.105226 0.028120
0.692732 0.104185 0.028139
0.692973 0.104985 0.027139
0.694901 0.105123 0.028144
0.695702 0.104865 0.027393
0.697463 0.104888 0.026958
0.699976 0.104843 0.028216
0.704072 0.100942 0.031467
0.705921 0.101228 0.030886
0.709132 0.100250 0.033385
0.704781 0.106518 0.025904
0.706984 0.104959 0.029404
0.707312 0.100431 0.030411
0.709157 0.105183 0.027673
0.710713 0.104533 0.028148
0.713185 0.101105 0.030150
0.712534 0.104450 0.026489
0.712811 0.105272 0.027988
0.714195 0.103688 0.028839
0.713649 0.104756 0.029339
0.715393 0.103910 0.029490
0.714503 0.100754 0.035489
0.711296 0.104824 0.030120
0.709968 0.103452 0.029618
0.709175 0.104635 0.028822
0.708794 0.103034 0.031821
0.708295 0.103780 0.028043
0.708068 0.102971 0.028542
0.711856 0.100574 0.029260
0.711366 0.101642 0.031011
0.707127 0.103947 0.025772
0.709233 0.101593 0.028768
0.707765 0.103558 0.027780
0.707882 0.103324 0.028049
0.709050 0.103084 0.027626
0.707363 0.103563 0.026626
0.706641 0.103710 0.026761
0.706129 0.105597 0.024015
0.706293 0.104525 0.025616


