0.501563 -0.098608 0.014450
0.604085 -0.104061 0.016946
0.706421 -0.092511 0.015535
0.704621 0.001958 0.013509
0.601689 0.004219 0.014245
0.505110 -0.002918 0.019637
0.502561 0.103753 0.013696
0.604385 0.100339 0.017220
0.701811 0.103163 0.013942
0.707316 -0.089771 0.015161
0.609045 -0.097252 0.017734
0.502545 -0.099650 0.015926
0.502703 -0.001567 0.017915
0.602391 0.003208 0.014797
0.703390 0.006402 0.011622
0.704788 0.097136 0.018047
0.603567 0.098294 0.018456
0.502630 0.103225 0.013572
0.502598 -0.095170 0.013756
0.606185 -0.098046 0.020296
0.701515 -0.100780 0.014516
0.706863 -0.000838 0.019892
0.608700 0.009184 0.017289
0.500591 -0.001168 0.016038
0.502348 0.101765 0.016076
0.602619 0.101982 0.015906
0.703105 0.101901 0.014517
0.502132 -0.096828 0.014563
0.603543 -0.099034 0.015795
0.703383 -0.100249 0.015164
0.703834 0.001507 0.014795
0.601609 0.001088 0.015582
0.503751 -0.000124 0.015856
0.501797 0.102793 0.015020
0.602391 0.104129 0.015536
0.704482 0.101545 0.015361
0.504876 -0.101972 0.018944
0.607942 -0.106260 0.022091
0.705920 -0.100280 0.016551
0.704708 -0.000608 0.016331
0.602322 0.000100 0.016071
0.502169 0.001315 0.014649
0.501772 0.101608 0.016133
0.602126 0.103622 0.014823
0.702976 0.093849 0.020651
