0.503137 -0.095743 0.022773
0.503337 -0.095500 0.023547
0.503442 -0.094643 0.022825
0.503320 -0.096164 0.023540
0.502706 -0.095184 0.024076
0.508534 -0.098544 0.028177
0.507102 -0.097406 0.028722
0.508874 -0.098002 0.029092
0.502907 -0.094990 0.022713
0.502945 -0.095106 0.022399
0.504055 -0.094489 0.023654
0.505057 -0.095456 0.025252
0.504288 -0.094418 0.023773
0.503670 -0.094075 0.023812
0.504291 -0.095074 0.023546
0.504394 -0.094956 0.023401
0.505218 -0.095142 0.023397
0.504500 -0.093896 0.023408
0.507498 -0.097168 0.027124
0.504457 -0.094506 0.023510
0.504420 -0.094593 0.022522
0.505280 -0.094799 0.023021
0.505539 -0.094723 0.022555
0.508399 -0.094541 0.025305
0.509766 -0.096399 0.025480
0.509340 -0.094566 0.025233
0.511391 -0.097633 0.028478
0.508613 -0.094376 0.023408
0.512560 -0.097059 0.027658
0.509783 -0.094426 0.023087
0.512840 -0.096906 0.026341
0.512066 -0.093794 0.023011
0.512929 -0.094013 0.023762
0.514279 -0.093962 0.022428
0.518171 -0.096680 0.026941
0.518244 -0.094501 0.023272
0.519743 -0.095756 0.025028
0.520855 -0.095436 0.024151
0.524334 -0.096746 0.026226
0.525749 -0.097994 0.026734
0.523814 -0.094901 0.022967
0.526101 -0.095086 0.024329
0.527347 -0.095667 0.023414
0.530269 -0.098181 0.026683
0.530663 -0.096052 0.025822
0.534138 -0.099579 0.029096
0.533533 -0.095322 0.025266
0.537885 -0.095934 0.026079
0.539947 -0.098214 0.028841
0.540737 -0.096132 0.026784
0.540944 -0.095324 0.026282
0.543333 -0.096237 0.025177
0.544142 -0.096462 0.025179
0.548056 -0.098386 0.028939
0.549066 -0.096087 0.027828
0.552106 -0.097783 0.029834
0.553904 -0.098530 0.028766
0.550254 -0.095805 0.026260
0.552965 -0.095668 0.026345
0.555204 -0.095267 0.026287
0.555167 -0.095263 0.025037
0.562173 -0.097739 0.030067
0.559293 -0.095226 0.025311
0.563993 -0.098333 0.028147
0.561985 -0.096041 0.026142
0.564819 -0.094954 0.025903
0.567637 -0.097479 0.028159
0.567181 -0.095732 0.025846
0.570632 -0.095873 0.026917
0.570832 -0.095065 0.025666
0.572324 -0.095402 0.024675
0.572555 -0.094590 0.024674
0.574947 -0.095068 0.025937
0.575981 -0.094489 0.025686
0.578587 -0.094325 0.025441
0.581427 -0.096856 0.028946
0.581960 -0.095284 0.026694
0.587674 -0.096952 0.029087
0.584589 -0.095236 0.024835
0.592033 -0.097290 0.030046
0.587819 -0.093501 0.026293
0.590667 -0.094975 0.026115
0.589258 -0.093701 0.025113
0.591761 -0.094154 0.026232
0.594575 -0.096691 0.028736
0.593472 -0.093546 0.024207
0.593497 -0.093546 0.025207
0.594115 -0.094587 0.026959
0.595289 -0.093187 0.023940
0.595863 -0.094236 0.023942
0.598508 -0.093333 0.024192
0.599902 -0.094621 0.024695
0.605525 -0.096163 0.028919
0.605516 -0.096166 0.028419
0.608066 -0.096006 0.028539
0.606075 -0.093686 0.025281
0.608857 -0.093520 0.023566
0.611669 -0.096087 0.027825
0.611406 -0.093370 0.025023
0.612227 -0.093613 0.025774
0.614542 -0.092584 0.024966
0.615123 -0.093635 0.026220
0.617840 -0.092613 0.024510
0.616792 -0.093168 0.025012
0.619799 -0.092922 0.025517
0.619541 -0.093729 0.025270
0.623112 -0.096565 0.028783
0.621582 -0.092542 0.025296
0.627814 -0.096159 0.028055
0.624270 -0.093296 0.025792
0.627074 -0.092361 0.025116
0.626536 -0.093978 0.024122
0.633907 -0.096294 0.027533
0.630117 -0.094221 0.025523
0.635320 -0.097006 0.028008
0.632574 -0.094396 0.025247
0.637518 -0.095890 0.027430
0.633706 -0.093817 0.024923
0.636981 -0.094077 0.024992
0.637792 -0.094334 0.025243
0.643524 -0.096094 0.027903
0.639967 -0.093214 0.024894
0.644710 -0.096387 0.028097
0.643027 -0.093220 0.025087
0.644705 -0.093562 0.024253
0.645281 -0.094621 0.025756
0.647245 -0.093545 0.024700
0.648923 -0.096721 0.027459
0.653104 -0.097156 0.027542
0.650645 -0.093711 0.025032
0.652505 -0.094485 0.025266
0.654129 -0.095013 0.026268
0.656184 -0.093798 0.025952
0.659682 -0.096721 0.028712
0.659748 -0.092993 0.026021
0.663227 -0.095934 0.028281
0.668730 -0.097663 0.030459
0.663926 -0.093410 0.025193
0.670991 -0.096296 0.028973
0.667805 -0.095200 0.028219
0.671043 -0.094129 0.027061
0.676142 -0.097466 0.028805
0.677217 -0.096943 0.029303
0.673496 -0.094788 0.026544
0.677428 -0.095148 0.026512
0.677937 -0.096236 0.025766
0.679909 -0.095973 0.027355
0.682031 -0.097585 0.028861
0.685916 -0.097985 0.029018
0.683783 -0.096392 0.026514
0.687659 -0.095936 0.025602
0.687665 -0.095929 0.026352
0.691755 -0.096246 0.026219
0.690951 -0.095978 0.025718
0.695841 -0.098529 0.027862
0.696584 -0.096017 0.024775
0.698740 -0.097602 0.027275
0.699853 -0.096149 0.025390
0.699860 -0.096144 0.026140
0.705752 -0.096966 0.028527
0.703598 -0.095386 0.026277
0.705389 -0.096033 0.025313
0.705673 -0.095217 0.027315
0.710881 -0.097631 0.029308
0.706280 -0.095295 0.025810
0.711246 -0.096893 0.028629
0.711238 -0.096898 0.027879
0.711568 -0.098335 0.028989
0.704719 -0.094480 0.025249
0.709003 -0.097125 0.027264
0.704845 -0.093219 0.026030
0.708576 -0.095461 0.027123
0.706098 -0.094739 0.025875
0.708745 -0.095989 0.026560
0.705925 -0.093425 0.025830
0.707013 -0.094264 0.024900
0.705151 -0.094637 0.024896
0.706337 -0.093526 0.024507
0.704693 -0.093100 0.024513
0.706306 -0.089133 0.024545
0.706394 -0.089171 0.026294
0.706222 -0.087472 0.024980
0.706376 -0.083164 0.025316
0.710442 -0.085720 0.026664
0.707013 -0.081438 0.025107
0.706289 -0.080385 0.023882
0.710766 -0.081143 0.027613
0.707128 -0.076857 0.024466
0.704824 -0.075527 0.024749
0.711296 -0.077449 0.028513
0.705617 -0.074478 0.024840
0.705895 -0.073067 0.025468
0.704561 -0.071085 0.025514
0.708500 -0.073025 0.028456
0.704342 -0.071281 0.025748
0.705430 -0.069726 0.026933
0.704475 -0.066841 0.024435
0.706696 -0.069922 0.027384
0.705122 -0.065998 0.024759
0.704349 -0.065866 0.025511
0.704207 -0.063488 0.024757
0.706339 -0.066516 0.026469
0.704772 -0.057645 0.024014
0.705029 -0.056875 0.025272
0.705318 -0.051698 0.023316
0.705432 -0.051778 0.024816
0.704739 -0.046984 0.025454
0.703959 -0.045901 0.023960
0.704882 -0.042330 0.025340
0.706084 -0.046137 0.028324
0.704596 -0.038888 0.024963
0.704655 -0.038934 0.025713
0.703889 -0.037390 0.024495
0.706526 -0.039008 0.028998
0.704127 -0.032115 0.025526
0.707749 -0.036527 0.029042
0.705237 -0.026980 0.027303
0.705256 -0.026997 0.027553
0.705568 -0.024260 0.027718
0.706057 -0.026150 0.028733
0.705136 -0.019436 0.024531
0.705232 -0.019517 0.025782
0.704476 -0.014771 0.024144
0.707644 -0.017575 0.028935
0.705374 -0.010895 0.024502
0.706130 -0.008530 0.025471
0.705769 -0.005150 0.025248
0.708287 -0.003403 0.027976
0.707032 -0.000423 0.026315
0.707013 -0.000405 0.026065
0.706581 0.000896 0.024990
0.707099 -0.000127 0.024510
0.704598 0.002495 0.022687
0.706618 0.000019 0.024240
0.706467 0.003794 0.025832
0.706985 0.002746 0.025604
0.707083 0.004134 0.026387
0.706372 0.002656 0.024167
0.705875 0.003500 0.024285
0.706501 0.002372 0.025559
0.705680 0.003983 0.024842
0.708664 0.003458 0.029879
0.700927 0.003599 0.023382
0.699255 0.000622 0.026196
0.697497 0.003025 0.025511
0.699925 0.001926 0.029831
0.695459 0.003534 0.024556
0.694717 0.004964 0.025248
0.693435 0.003665 0.026278
0.694594 0.001445 0.028925
0.689666 0.003294 0.026902
0.688347 0.002851 0.024914
0.689205 -0.000493 0.029479
0.690373 -0.000026 0.030218
0.681286 0.003509 0.025909
0.680051 0.003939 0.026910
0.679393 0.001452 0.030082
0.674167 0.003369 0.025815
0.677156 0.000156 0.031804
0.668942 0.002234 0.025044
0.665199 0.003947 0.023662
0.666896 0.002502 0.026926
0.665761 0.002036 0.026685
0.662856 0.002289 0.027074
0.665759 -0.000536 0.030100
0.658621 0.002689 0.026822
0.655412 0.002788 0.026428
0.652291 0.003447 0.026435
0.651909 0.002666 0.025941
0.655751 -0.000468 0.029958
0.649550 0.002119 0.026907
0.649482 0.002122 0.026407
0.645885 0.001752 0.026582
0.650043 -0.000573 0.030588
0.642265 0.002426 0.026673
0.647413 -0.000199 0.032178
0.640344 0.002980 0.027578
0.639635 0.001411 0.026830
0.641070 -0.000021 0.030803
0.632419 0.002050 0.026225
0.631220 0.001562 0.025474
0.628183 0.001718 0.025677
0.630578 0.000031 0.027927
0.623638 0.003578 0.024632
0.622361 0.003091 0.023380
0.622207 0.002288 0.024379
0.617852 0.002262 0.024046
0.620915 -0.000514 0.027295
0.613483 0.002788 0.023471
0.615305 0.002191 0.024972
0.611934 0.002147 0.024841
0.614895 -0.000609 0.027336
0.613530 -0.000557 0.028291
0.608541 0.001973 0.024796
0.604670 0.001953 0.023234
0.607807 -0.000794 0.026725
0.605842 -0.000558 0.027990
0.602315 0.001382 0.023746
0.599271 0.000356 0.025157
0.594949 0.000533 0.023105
0.597449 -0.001107 0.025598
0.599370 -0.001662 0.027847
0.593427 0.000590 0.024939
0.596756 -0.001310 0.027679
0.595252 -0.000462 0.028617
0.596885 -0.000996 0.028864
0.594619 -0.000680 0.030222
0.589413 0.001736 0.025488
0.585686 0.001287 0.025628
0.584840 0.001549 0.025380
0.586593 -0.001370 0.031360
0.588043 -0.002673 0.032097
0.578243 0.001069 0.027397
0.580813 -0.000515 0.030132
0.572328 0.001354 0.025490
0.571244 0.001629 0.023742
0.572399 -0.001180 0.029216
0.565166 0.001660 0.022993
0.563039 0.001605 0.023530
0.562217 0.001844 0.023532
0.561274 -0.000284 0.025954
0.559010 0.002078 0.024234
0.557504 0.000228 0.026424
0.554244 0.002833 0.023708
0.551427 0.002142 0.024588
0.551240 0.001319 0.024826
0.547788 0.001951 0.024634
0.550159 -0.000391 0.026853
0.543789 0.001959 0.024445
0.545526 0.000663 0.026429
0.541063 0.001765 0.025072
0.540598 0.001946 0.027325
0.539661 0.000013 0.026692
0.533558 0.002117 0.024742
0.534136 0.000245 0.025973
0.533401 0.002134 0.023743
0.529498 0.002077 0.023641
0.532108 -0.000262 0.027370
0.525938 0.002121 0.024719
0.521146 0.002212 0.023489
0.521323 0.003037 0.023246
0.521466 0.000119 0.028015
0.517936 0.002658 0.023787
0.515543 -0.000537 0.026539
0.512060 0.001988 0.022812
0.511115 -0.000443 0.026595
0.510348 0.001430 0.024362
0.504465 0.001652 0.023138
0.507281 0.001851 0.023890
0.501702 -0.000649 0.023452
0.506064 0.001817 0.024974
0.500494 0.002205 0.023650
0.503095 0.001593 0.024393
0.502090 0.001867 0.026352
0.500069 0.002299 0.023857
0.501021 -0.000244 0.027228
0.501473 0.002225 0.026249
0.500728 -0.000254 0.028157
0.502690 0.001836 0.026174
0.501917 0.002689 0.027298
0.503909 0.003107 0.028551
0.501287 0.001324 0.028918
0.502254 0.003641 0.025436
0.501326 0.001775 0.028333
0.500586 0.003637 0.025847
0.500729 0.002474 0.026343
0.502971 0.003717 0.028351
0.500796 0.004231 0.026691
0.503400 0.004512 0.026192
0.502551 0.003941 0.028638
0.503914 0.007073 0.026914
0.503390 0.008292 0.028421
0.503938 0.007312 0.027413
0.502251 0.007913 0.026713
0.503972 0.007549 0.027459
0.502448 0.008447 0.026769
0.503134 0.008296 0.025267
0.502317 0.007347 0.026417
0.504515 0.008618 0.028675
0.505535 0.011591 0.028951
0.504564 0.011794 0.027203
0.503987 0.015092 0.027776
0.505989 0.015519 0.030028
0.505369 0.018089 0.027483
0.505119 0.020975 0.027994
0.506253 0.021570 0.029746
0.507467 0.021839 0.030977
0.505739 0.025650 0.030980
0.504975 0.027610 0.026982
0.503774 0.033832 0.024659
0.504233 0.034500 0.028159
0.504124 0.037089 0.027280
0.503750 0.040790 0.023021
0.503128 0.043688 0.026013
0.504242 0.044242 0.027263
0.504650 0.044658 0.029124
0.502924 0.046076 0.025366
0.502769 0.049614 0.024982
0.502788 0.049600 0.025232
0.506848 0.050064 0.029283
0.502704 0.052090 0.025769
0.502469 0.054014 0.026282
0.502616 0.054874 0.025528
0.501736 0.057686 0.025289
0.503006 0.059092 0.025784
0.505315 0.059899 0.028590
0.503085 0.062301 0.026079
0.505518 0.063416 0.029649
0.506297 0.063238 0.029150
0.507135 0.065071 0.030174
0.503750 0.070490 0.025399
0.505963 0.070541 0.029016
0.506224 0.071308 0.029763
0.505352 0.077985 0.026723
0.505369 0.077968 0.026973
0.503800 0.081288 0.026525
0.505085 0.082665 0.027019
0.504677 0.086424 0.027966
0.505116 0.088050 0.027956
0.505317 0.090888 0.027803
0.506733 0.089603 0.028064
0.508649 0.091518 0.030327
0.506008 0.094981 0.028795
0.502895 0.099127 0.025872
0.504054 0.099578 0.027369
0.502474 0.103464 0.025042
0.503117 0.102328 0.026055
0.503241 0.104584 0.026722
0.501613 0.102490 0.025746
0.505352 0.103897 0.029209
0.501941 0.102475 0.025973
0.505397 0.103101 0.029651
0.503321 0.103004 0.026649
0.502760 0.104066 0.025615
0.503337 0.102971 0.026132
0.504888 0.102483 0.025391
0.505477 0.103895 0.025634
0.509929 0.102207 0.028201
0.508739 0.101770 0.026204
0.512366 0.102619 0.028706
0.513035 0.102441 0.026459
0.514293 0.103423 0.025977
0.517300 0.101447 0.028007
0.517375 0.103397 0.025883
0.518086 0.103184 0.024137
0.519556 0.102939 0.024964
0.523313 0.100688 0.026498
0.523727 0.102561 0.024044
0.525114 0.101139 0.026063
0.526919 0.102391 0.025980
0.527493 0.101266 0.027743
0.528249 0.102787 0.025331
0.529032 0.102504 0.025084
0.531388 0.102373 0.026085
0.531843 0.101320 0.024847
0.533467 0.102322 0.025344
0.535918 0.101384 0.027857
0.536142 0.099504 0.028627
0.538170 0.101153 0.027054
0.540936 0.099883 0.028984
0.541521 0.101458 0.028468
0.542488 0.102585 0.026733
0.546934 0.100470 0.029890
0.547798 0.102852 0.027112
0.549266 0.099546 0.029902
0.551527 0.102903 0.028611
0.552069 0.104275 0.025756
0.553976 0.104389 0.027255
0.554909 0.102181 0.028284
0.556974 0.104130 0.028483
0.561223 0.102965 0.031175
0.559636 0.103664 0.027664
0.565129 0.102294 0.030287
0.561573 0.104808 0.025494
0.564834 0.105225 0.026026
0.566039 0.103742 0.028304
0.567641 0.101163 0.030604
0.567487 0.104155 0.026975
0.567138 0.103397 0.027992
0.569306 0.103568 0.025900
0.571585 0.102446 0.027175
0.573873 0.104274 0.026914
0.574980 0.100902 0.029501
0.576496 0.103212 0.026080
0.581497 0.102730 0.028090
0.580005 0.103519 0.025818
0.583963 0.101492 0.027903
0.583980 0.101529 0.029403
0.588072 0.100418 0.030542
0.587070 0.101944 0.027985
0.587899 0.103675 0.026209
0.588626 0.103254 0.027723
0.590533 0.103290 0.027258
0.591713 0.103518 0.027740
0.595257 0.103233 0.027031
0.594081 0.103044 0.027049
0.595983 0.103249 0.026423
0.597854 0.102944 0.027423
0.599437 0.102893 0.026530
0.600621 0.103040 0.026513
0.602579 0.103130 0.026881
0.602569 0.103111 0.026382
0.605963 0.102661 0.024772
0.606001 0.102747 0.027020
0.607843 0.103038 0.027151
0.609133 0.101967 0.027692
0.611823 0.102043 0.026957
0.613837 0.099296 0.029323
0.615277 0.102875 0.026421
0.616625 0.100636 0.028265
0.618093 0.101797 0.026931
0.619859 0.102515 0.027889
0.622944 0.102550 0.027365
0.627101 0.100510 0.028566
0.625830 0.102805 0.027227
0.631574 0.099334 0.028893
0.630291 0.102794 0.026509
0.633287 0.100383 0.027265
0.633872 0.100989 0.027239
0.636540 0.103011 0.025899
0.637128 0.103595 0.025125
0.641000 0.103067 0.025863
0.641002 0.103099 0.027113
0.643318 0.103126 0.025351
0.644514 0.103146 0.026097
0.648503 0.102703 0.026673
0.648503 0.102720 0.027423
0.652298 0.102782 0.027454
0.653487 0.102785 0.027952
0.655853 0.102847 0.026210
0.657043 0.102855 0.027208
0.656441 0.102265 0.027225
0.659870 0.102926 0.027122
0.662898 0.103681 0.026373
0.663484 0.103079 0.026637
0.666454 0.103150 0.026840
0.671194 0.100693 0.029215
0.668278 0.103675 0.024656
0.672012 0.103576 0.026136
0.672565 0.101771 0.026169
0.676919 0.103417 0.027523
0.676245 0.100465 0.028323
0.676341 0.104035 0.028512
0.680739 0.103390 0.025949
0.680671 0.101014 0.027235
0.683705 0.104032 0.026818
0.684213 0.101039 0.027610
0.686941 0.103465 0.027368
0.690875 0.100459 0.028780
0.690876 0.100466 0.029530
0.692956 0.103287 0.027919
0.693530 0.102671 0.027427
0.697427 0.100740 0.028163
0.695733 0.103775 0.026881
0.700335 0.099954 0.028365
0.698064 0.103605 0.027080
0.703756 0.100992 0.029235
0.700247 0.103493 0.026710
0.704652 0.100876 0.028281
0.705849 0.100838 0.029533
0.709129 0.101890 0.028054
0.706805 0.104373 0.025284
0.707399 0.103743 0.027289
0.707716 0.103024 0.026393
0.707117 0.103651 0.024888
0.708318 0.103981 0.027873
0.705886 0.104083 0.025870
0.708983 0.103497 0.027260
0.707980 0.105760 0.023234
