0.504891 -0.095374 0.122870
0.500949 -0.092164 0.119578
0.502699 -0.092757 0.119328
0.502042 -0.092904 0.122809
0.502878 -0.091478 0.117556
0.503245 -0.091599 0.119900
0.503900 -0.093440 0.121154
0.505196 -0.095388 0.125886
0.506937 -0.095378 0.126302
0.504479 -0.090695 0.120871
0.510142 -0.092262 0.118287
0.511668 -0.091398 0.118111
0.516158 -0.093244 0.119265
0.519772 -0.093305 0.119265
0.526071 -0.096811 0.122346
0.526670 -0.094216 0.119841
0.532055 -0.098593 0.123346
0.530723 -0.094630 0.118649
0.535434 -0.097106 0.121939
0.533638 -0.094006 0.119437
0.536167 -0.095154 0.120469
0.535560 -0.094521 0.119719
0.538496 -0.095117 0.120353
0.540897 -0.097616 0.122853
0.544072 -0.098231 0.123624
0.541068 -0.095101 0.120124
0.546333 -0.098157 0.122566
0.542749 -0.094439 0.120066
0.549532 -0.099998 0.124486
0.546561 -0.094463 0.120236
0.553892 -0.098296 0.124582
0.550324 -0.093330 0.120082
0.553498 -0.095064 0.120673
0.557088 -0.097607 0.124423
0.555454 -0.094046 0.117971
0.558385 -0.093769 0.118650
0.561394 -0.096928 0.122900
0.564521 -0.098527 0.122986
0.561555 -0.092988 0.119236
0.562518 -0.094755 0.119825
0.561902 -0.094109 0.118575
0.564912 -0.094514 0.119796
0.564295 -0.093868 0.118546
0.567763 -0.094199 0.120957
0.567097 -0.092231 0.115958
0.569434 -0.093328 0.117911
0.570658 -0.094605 0.119911
0.573846 -0.093766 0.119804
0.574423 -0.094343 0.118554
0.577408 -0.094908 0.119299
0.577399 -0.094889 0.118549
0.580402 -0.098028 0.122799
0.581020 -0.094242 0.118820
0.585417 -0.097554 0.122307
0.583629 -0.094445 0.119057
0.588955 -0.098388 0.122987
0.584769 -0.094014 0.118736
0.591019 -0.098938 0.123560
0.589232 -0.095829 0.119810
0.591527 -0.095207 0.119901
0.591524 -0.095201 0.119651
0.590924 -0.094575 0.119151
0.593534 -0.095636 0.120059
0.595671 -0.094774 0.119583
0.598051 -0.099703 0.123833
0.598159 -0.096151 0.119658
0.597576 -0.095557 0.120408
0.603269 -0.099849 0.124392
0.602180 -0.095090 0.119235
0.602169 -0.093834 0.117485
0.605324 -0.094581 0.118040
0.608329 -0.100167 0.124040
0.608160 -0.095311 0.119158
0.609351 -0.099001 0.121908
0.610790 -0.095455 0.118867
0.612595 -0.098558 0.121867
0.613714 -0.094961 0.117836
0.617689 -0.095207 0.119635
0.617084 -0.094576 0.118885
0.619646 -0.094550 0.119408
0.620257 -0.093953 0.119408
0.621438 -0.097632 0.121407
0.622347 -0.094412 0.118041
0.625554 -0.095012 0.119964
0.625538 -0.094972 0.118464
0.627955 -0.096254 0.120463
0.629117 -0.094314 0.118750
0.631529 -0.096847 0.122750
0.631643 -0.093247 0.117646
0.634892 -0.094247 0.119435
0.634883 -0.094218 0.118435
0.639880 -0.098216 0.122768
0.638088 -0.095123 0.119769
0.642822 -0.097223 0.121726
0.640421 -0.093485 0.117977
0.643778 -0.094345 0.119455
0.644381 -0.093723 0.118705
0.648396 -0.094000 0.117347
0.650178 -0.098342 0.121345
0.652977 -0.096083 0.119149
0.654183 -0.096098 0.119399
0.659660 -0.100064 0.122554
0.657900 -0.095788 0.120056
0.664239 -0.099878 0.124092
0.663639 -0.100472 0.124091
0.665715 -0.097166 0.121511
0.668077 -0.100811 0.123259
0.668666 -0.096276 0.120014
0.668671 -0.095073 0.120014
0.675470 -0.100274 0.125157
0.673130 -0.095392 0.121661
0.676119 -0.095585 0.121616
0.679065 -0.099863 0.124862
0.683232 -0.100349 0.125106
0.681491 -0.096061 0.121360
0.687027 -0.100834 0.125347
0.685293 -0.095327 0.120852
0.687653 -0.095016 0.121133
0.689994 -0.099925 0.125628
0.691657 -0.100246 0.124876
0.689273 -0.096640 0.123879
0.690346 -0.096201 0.122410
0.692128 -0.100473 0.125907
0.696189 -0.099939 0.126782
0.692024 -0.095661 0.122786
0.695450 -0.095080 0.123124
0.694248 -0.095058 0.122374
0.700027 -0.098619 0.125982
0.698243 -0.096765 0.123483
0.703123 -0.099019 0.126147
0.701945 -0.096579 0.124146
0.706559 -0.098916 0.127320
0.702972 -0.098805 0.122069
0.707381 -0.099129 0.124180
0.706153 -0.101513 0.123431
0.706770 -0.099599 0.121546
0.707368 -0.100216 0.122047
0.713100 -0.102360 0.123849
0.705280 -0.099197 0.120089
0.707710 -0.099539 0.120645
0.705298 -0.099501 0.120893
0.706514 -0.098511 0.122132
0.704667 -0.099066 0.121131
0.704806 -0.099619 0.121850
0.708443 -0.102122 0.125109
0.706308 -0.098936 0.119544
0.708806 -0.101426 0.124301
0.706916 -0.099024 0.120434
0.703366 -0.098947 0.121928
0.702270 -0.097387 0.121303
0.706574 -0.099301 0.124312
0.704887 -0.095242 0.120875
0.704258 -0.092195 0.119372
0.709528 -0.093727 0.122274
0.705245 -0.089434 0.120025
0.706608 -0.089704 0.121093
0.709664 -0.090328 0.122089
0.704843 -0.085712 0.118647
0.711209 -0.087011 0.124383
0.714055 -0.087648 0.124664
0.704559 -0.079941 0.119975
0.710253 -0.080252 0.123466
0.705065 -0.076726 0.120262
0.702989 -0.074157 0.116879
0.704304 -0.072998 0.119128
0.704549 -0.070097 0.117555
0.708672 -0.072404 0.121244
0.707425 -0.069712 0.122131
0.701651 -0.064031 0.118768
0.706970 -0.066840 0.122466
0.703541 -0.061067 0.120349
0.706071 -0.062871 0.124051
0.702972 -0.057521 0.119943
0.703951 -0.057296 0.122902
0.705348 -0.057239 0.125121
0.701276 -0.051408 0.119509
0.702257 -0.050029 0.120257
0.700615 -0.045682 0.119639
0.702315 -0.044736 0.120610
0.700897 -0.040505 0.121417
0.704964 -0.042891 0.124763
0.699773 -0.037182 0.121307
0.702458 -0.035709 0.121254
0.701108 -0.033110 0.121724
0.704802 -0.036029 0.124317
0.702019 -0.027476 0.121180
0.706901 -0.031813 0.123465
0.702654 -0.025168 0.121147
0.703660 -0.022790 0.120652
0.702657 -0.019264 0.120588
0.703072 -0.020362 0.120310
0.702547 -0.016995 0.121493
0.702809 -0.016132 0.120747
0.704924 -0.015118 0.121978
0.704791 -0.013223 0.122006
0.701990 -0.008184 0.118343
0.703417 -0.003857 0.120158
0.702627 -0.003537 0.120180
0.703417 -0.003857 0.120158
0.704063 -0.000756 0.120362
0.706027 -0.003567 0.123042
0.704226 0.001129 0.119958
0.705966 0.000298 0.121916
0.704443 0.004581 0.120614
0.704691 0.002590 0.121594
0.706071 0.003914 0.122277
0.703449 0.002313 0.120809
0.705690 0.002952 0.122838
0.701896 0.003777 0.118647
0.703976 0.006512 0.120902
0.700395 0.002543 0.119425
0.698904 0.003690 0.120168
0.699120 0.001752 0.120907
0.702673 0.003710 0.123382
0.696189 0.001879 0.120932
0.699144 0.002208 0.123285
0.693351 0.001905 0.121573
0.697456 0.003044 0.124582
0.693717 0.000995 0.123345
0.689107 0.006547 0.119994
0.690538 0.002248 0.124737
0.686787 0.007004 0.119498
0.684958 0.002299 0.121997
0.682655 0.004877 0.121149
0.683765 0.000705 0.123409
0.680342 0.006068 0.121442
0.679528 0.004566 0.120691
0.681611 0.004234 0.124692
0.675741 0.005072 0.119140
0.676254 0.006681 0.122187
0.674331 0.004835 0.122174
0.671078 0.005623 0.120551
0.670410 0.004138 0.121801
0.665623 0.006745 0.120324
0.664663 0.005273 0.119319
0.663065 0.007648 0.120288
0.660055 0.004419 0.119263
0.658785 0.006263 0.120616
0.657434 0.004089 0.120360
0.659516 0.002106 0.123163
0.652788 0.004026 0.117547
0.655818 0.001623 0.122124
0.648384 0.003840 0.117561
0.645354 0.004044 0.116566
0.644962 0.003335 0.117065
0.647766 0.000878 0.119892
0.641087 0.002626 0.115805
0.644002 0.000192 0.119384
0.639574 0.001249 0.117475
0.634864 0.004029 0.115921
0.634242 0.001407 0.116179
0.635007 0.000109 0.120011
0.630680 0.002200 0.115173
0.630110 0.000073 0.119138
0.626470 0.001695 0.114322
0.623753 0.001313 0.115189
0.624172 0.001406 0.117945
0.630305 -0.000791 0.121791
0.619660 0.000670 0.115510
0.620831 -0.002844 0.120405
0.616261 0.000963 0.114354
0.613044 -0.000154 0.115932
0.616546 -0.003584 0.119458
0.613795 0.001346 0.115439
0.610865 0.001106 0.115115
0.610458 0.002262 0.114865
0.612005 -0.003901 0.119928
0.607457 0.001720 0.115429
0.604386 0.000094 0.117534
0.605090 0.001641 0.117292
0.605075 -0.003070 0.120341
0.607245 -0.000320 0.120107
0.605579 -0.002963 0.122493
0.599179 0.002017 0.114776
0.595787 0.000826 0.116526
0.599887 0.000326 0.120516
0.593414 0.002790 0.116314
0.592463 0.003112 0.115318
0.590818 0.002755 0.116593
0.588951 0.003387 0.114853
0.586384 0.002888 0.115037
0.586645 0.002893 0.116786
0.586217 0.000763 0.119392
0.586806 0.000447 0.117888
0.581079 0.002154 0.115850
0.585029 0.001758 0.118833
0.583391 0.000194 0.121031
0.581164 0.002667 0.118054
0.581729 0.000662 0.122006
0.576541 0.003188 0.117288
0.572990 0.003417 0.116863
0.573245 0.004225 0.116616
0.570045 0.004593 0.116928
0.569757 0.003786 0.116925
0.566942 0.003911 0.116538
0.567429 0.002234 0.119501
0.564941 0.003873 0.117017
0.561493 0.003277 0.115522
0.563151 0.001920 0.117760
0.556857 0.003083 0.115533
0.557225 0.004720 0.114287
0.559751 0.003093 0.116771
0.555510 0.004345 0.116820
0.554161 0.002087 0.117995
0.552007 0.004487 0.116514
0.549115 0.004604 0.116514
0.548900 0.003783 0.116762
0.548505 0.002594 0.117621
0.545213 0.004393 0.115893
0.542409 0.004595 0.115438
0.541927 0.002946 0.115435
0.540380 0.003905 0.116141
0.540346 0.003906 0.115891
0.539455 0.001063 0.118543
0.541362 0.000609 0.120534
0.535093 0.003873 0.113568
0.535235 0.003736 0.117769
0.535310 0.001752 0.120937
0.530016 0.003922 0.116712
0.531196 0.005356 0.115962
0.533307 0.002228 0.120999
0.525876 0.003945 0.119206
0.527588 0.004341 0.117951
0.527910 0.001394 0.120699
0.525576 0.003685 0.118462
0.526090 0.002523 0.121013
0.523514 0.003986 0.118525
0.524032 0.001204 0.120704
0.527794 0.001201 0.122942
0.521405 0.001598 0.119798
0.518047 0.003243 0.117812
0.518221 0.001531 0.119325
0.512157 0.004615 0.114349
0.517793 0.003384 0.119330
0.512792 0.005335 0.116652
0.515925 0.002043 0.119887
0.512110 0.004639 0.117513
0.509745 0.001683 0.117522
0.509680 0.005202 0.117529
0.508383 0.001974 0.118062
0.508922 0.004469 0.117814
0.507980 0.002235 0.119780
0.507213 0.004937 0.115538
0.505941 0.004506 0.116359
0.508855 0.004775 0.118351
0.510044 0.002107 0.121344
0.513586 0.002217 0.121835
0.508717 0.004941 0.118709
0.509701 0.004752 0.120206
0.507247 0.004611 0.118075
0.508208 0.004428 0.119322
0.508765 0.002911 0.120498
0.509009 0.004578 0.119500
0.510445 0.002026 0.122944
0.510049 0.005521 0.120450
0.510452 0.002256 0.121373
0.511832 0.003733 0.123870
0.506872 0.005794 0.120178
0.506396 0.005068 0.125428
0.509140 0.004196 0.126605
0.510654 0.003898 0.125099
0.509801 0.003781 0.125229
0.505312 0.005427 0.119998
0.507254 0.003869 0.124003
0.503696 0.005345 0.120017
0.502814 0.006044 0.120740
0.505403 0.004737 0.123230
0.505966 0.003595 0.124227
0.500047 0.007188 0.118750
0.500228 0.006320 0.119779
0.500155 0.006329 0.119029
0.499776 0.007242 0.120258
0.500565 0.007099 0.119756
0.499329 0.009096 0.118558
0.500752 0.011426 0.120057
0.500121 0.015013 0.120845
0.500502 0.017537 0.120096
0.500753 0.021565 0.120992
0.503843 0.018387 0.123486
0.499305 0.025644 0.119736
0.499579 0.027329 0.119487
0.501909 0.026523 0.122778
0.501964 0.032586 0.121031
0.501011 0.033589 0.121194
0.499280 0.039122 0.119948
0.501126 0.040055 0.122882
0.501921 0.039937 0.122381
0.497482 0.047406 0.118321
0.501521 0.043897 0.122067
0.497045 0.050924 0.117943
0.500445 0.049300 0.120442
0.497493 0.054146 0.117485
0.497184 0.057639 0.117181
0.498081 0.057422 0.117932
0.499127 0.062267 0.118672
0.499289 0.063105 0.118672
0.500778 0.060946 0.120675
0.499833 0.069235 0.119727
0.503792 0.069411 0.122498
0.500476 0.075515 0.119733
0.504054 0.073417 0.124052
0.506651 0.072699 0.126312
0.498818 0.079247 0.119276
0.499611 0.082264 0.118971
0.502257 0.084125 0.122645
0.499852 0.085686 0.120882
0.501904 0.088712 0.122570
0.499816 0.092081 0.119553
0.503299 0.093264 0.122561
0.500630 0.097693 0.119535
0.500083 0.100854 0.119953
0.502530 0.095537 0.123483
0.503754 0.099365 0.123918
0.499053 0.099112 0.120881
0.504789 0.098151 0.127098
0.500197 0.098941 0.121556
0.502415 0.099080 0.124923
0.499109 0.100094 0.123891
0.502788 0.099016 0.126731
0.502158 0.101301 0.121218
0.505297 0.100422 0.125349
0.505237 0.100513 0.124098
0.501864 0.106985 0.120324
0.502430 0.105919 0.120333
0.502181 0.107146 0.119569
0.502794 0.106002 0.120578
0.505911 0.105440 0.123910
0.503981 0.105234 0.122642
0.504176 0.107820 0.120130
0.504725 0.106745 0.120139
0.506955 0.106247 0.122809
0.509032 0.104744 0.121084
0.508467 0.107360 0.118362
0.510145 0.106728 0.119880
0.513595 0.105732 0.122976
0.514067 0.104744 0.121234
0.512588 0.108625 0.117778
0.514222 0.108037 0.118295
0.517349 0.108017 0.119952
0.519483 0.106353 0.120227
0.523850 0.103996 0.123434
0.523279 0.105201 0.120425
0.526201 0.103146 0.123354
0.526195 0.105994 0.119095
0.529327 0.103839 0.121997
0.529380 0.106580 0.120489
0.530645 0.102422 0.123262
0.533444 0.105936 0.121517
0.535442 0.106364 0.121664
0.535926 0.105320 0.120170
0.538948 0.104262 0.121593
0.538251 0.107306 0.119829
0.544583 0.104969 0.123381
0.541710 0.107124 0.118853
0.545551 0.105529 0.120753
0.544593 0.107776 0.119489
0.548694 0.106364 0.121456
0.548229 0.107521 0.119698
0.550441 0.108524 0.118597
0.552013 0.107855 0.118863
0.556488 0.108970 0.118384
0.556494 0.108990 0.117634
0.560056 0.108452 0.117995
0.560462 0.107286 0.119754
0.563891 0.107897 0.119844
0.564657 0.107532 0.120105
0.566564 0.105651 0.122136
0.567386 0.108555 0.118028
0.570717 0.108425 0.119134
0.571118 0.109191 0.118636
0.573581 0.109316 0.118302
0.574304 0.108896 0.119317
0.580290 0.106153 0.121933
0.577885 0.108612 0.118367
0.584417 0.106280 0.121296
0.579438 0.109395 0.118411
0.581989 0.109694 0.118278
0.584507 0.105949 0.122126
0.589729 0.105245 0.123429
0.587232 0.105964 0.121360
0.587556 0.109492 0.119381
0.586570 0.108107 0.119371
0.589010 0.108905 0.117684
0.592475 0.105207 0.122062
0.591586 0.108591 0.117776
0.591695 0.107399 0.119792
0.594656 0.106519 0.121198
0.596831 0.102609 0.124792
0.596345 0.106656 0.120908
0.595816 0.105997 0.120653
0.602167 0.103151 0.125371
0.598288 0.107546 0.119991
0.602372 0.106809 0.121346
0.603543 0.106909 0.122371
0.604978 0.103445 0.123933
0.605618 0.107706 0.120989
0.608114 0.105494 0.123309
0.609291 0.107412 0.120946
0.612374 0.104619 0.124029
0.611983 0.107611 0.120479
0.614496 0.104157 0.123052
0.615089 0.107746 0.120334
0.616960 0.104838 0.122637
0.618469 0.108618 0.120667
0.620318 0.105693 0.122966
0.623376 0.105797 0.123095
0.627380 0.104731 0.124953
0.624406 0.107641 0.121394
0.626934 0.108513 0.120745
0.627535 0.107922 0.121256
0.629918 0.107366 0.121312
0.628115 0.106748 0.122041
0.633807 0.104488 0.123967
0.630226 0.104465 0.123674
0.634337 0.104525 0.124146
0.628358 0.108098 0.120066
0.630179 0.108171 0.121023
0.630780 0.107568 0.121781
0.634375 0.107371 0.122657
0.633778 0.107976 0.121649
0.636992 0.107211 0.122583
0.639906 0.107618 0.122508
0.639905 0.107618 0.122008
0.641407 0.107493 0.121604
0.642609 0.107467 0.122615
0.646456 0.104900 0.123636
0.645313 0.107324 0.122873
0.648314 0.108530 0.121313
0.650002 0.104283 0.124831
0.652386 0.108385 0.123182
0.652969 0.107775 0.121687
0.658040 0.104967 0.124460
0.656924 0.107406 0.121450
0.659981 0.108597 0.121546
0.659981 0.108595 0.121796
0.663208 0.109751 0.122378
0.665517 0.107259 0.124392
0.667019 0.110338 0.121289
0.671636 0.107890 0.123743
0.668703 0.109814 0.122229
0.674687 0.106767 0.125548
0.672387 0.109270 0.123037
0.677813 0.105757 0.126041
0.676764 0.109414 0.122788
0.682637 0.106306 0.125862
0.680347 0.108811 0.123605
0.681389 0.105160 0.126607
0.683540 0.108596 0.122722
0.687232 0.108988 0.122733
0.687806 0.108355 0.123485
0.692780 0.105094 0.125715
0.693966 0.105042 0.127218
0.692174 0.107438 0.122761
0.692803 0.108013 0.123013
0.691548 0.106858 0.123509
0.695384 0.104841 0.124538
0.691875 0.107402 0.123531
0.695332 0.105304 0.125585
0.696505 0.108190 0.123294
0.698784 0.104469 0.126796
0.699618 0.108560 0.124382
0.701887 0.104845 0.127133
0.703992 0.104267 0.126910
0.702296 0.107350 0.124660
0.705260 0.105330 0.124521
0.704119 0.107811 0.121521
0.706650 0.105147 0.123262
0.704253 0.106465 0.121261
0.704271 0.107575 0.120637
0.703600 0.105779 0.121135
0.707014 0.101893 0.121227
