0.506283 -0.098343 0.029397
0.504424 -0.097451 0.026644
0.507070 -0.098740 0.029684
0.505229 -0.097012 0.026680
0.506163 -0.098286 0.029053
0.505260 -0.097420 0.027801
0.505273 -0.096584 0.027550
0.505192 -0.096927 0.027117
0.506116 -0.097796 0.028618
0.507786 -0.097268 0.027911
0.508495 -0.097299 0.026161
0.509624 -0.098466 0.028455
0.509441 -0.097628 0.025454
0.513519 -0.097904 0.027787
0.515742 -0.097256 0.026796
0.516622 -0.098963 0.028547
0.519324 -0.096480 0.025788
0.520165 -0.096512 0.025788
0.522785 -0.096616 0.027788
0.525309 -0.095750 0.025185
0.527045 -0.097504 0.027936
0.529310 -0.096562 0.027238
0.530094 -0.097434 0.026738
0.531500 -0.097969 0.027792
0.532395 -0.098006 0.029292
0.534303 -0.096850 0.028584
0.535130 -0.097725 0.029334
0.536040 -0.097374 0.027905
0.536961 -0.097414 0.030155
0.539829 -0.097182 0.029037
0.541563 -0.097855 0.029796
0.542447 -0.097058 0.030047
0.542387 -0.096214 0.027047
0.545903 -0.097649 0.030443
0.545884 -0.096812 0.028444
0.548657 -0.096476 0.028306
0.549509 -0.096521 0.028805
0.555718 -0.098904 0.034299
0.551561 -0.096175 0.028803
0.558329 -0.099274 0.034760
0.554139 -0.096541 0.027266
0.557288 -0.095525 0.028288
0.558984 -0.095630 0.029036
0.563636 -0.098681 0.032780
0.561215 -0.095179 0.026286
0.566918 -0.098313 0.030810
0.568663 -0.095325 0.030144
0.571879 -0.098048 0.033887
0.571160 -0.094134 0.027875
0.572684 -0.096773 0.029370
0.574516 -0.093811 0.028319
0.575189 -0.096392 0.029564
0.577228 -0.094265 0.028430
0.577298 -0.093425 0.028931
0.579076 -0.093765 0.030039
0.579124 -0.092925 0.029040
0.581062 -0.093263 0.027136
0.581978 -0.092485 0.027636
0.590281 -0.096654 0.034211
0.584581 -0.093715 0.029471
0.592094 -0.097046 0.034176
0.587307 -0.093330 0.030186
0.588949 -0.092876 0.027695
0.589013 -0.092034 0.027446
0.590959 -0.092363 0.026067
0.593649 -0.091927 0.026826
0.595111 -0.095413 0.030321
0.593588 -0.092769 0.027325
0.599576 -0.095997 0.032304
0.596297 -0.094077 0.028058
0.600464 -0.095656 0.031782
0.603746 -0.096756 0.033028
0.601674 -0.092755 0.029001
0.601587 -0.093600 0.028250
0.604135 -0.093474 0.028418
0.604130 -0.093475 0.028168
0.609247 -0.095024 0.030216
0.606861 -0.093134 0.028969
0.608572 -0.092835 0.026909
0.608529 -0.093665 0.028408
0.611332 -0.092050 0.026730
0.611837 -0.096313 0.028728
0.617016 -0.096394 0.031109
0.613860 -0.092791 0.025863
0.618886 -0.095429 0.031228
0.616425 -0.093582 0.026480
0.619952 -0.092686 0.027713
0.619865 -0.093535 0.026963
0.622640 -0.093440 0.028577
0.621774 -0.093379 0.027327
0.626709 -0.095935 0.032008
0.629233 -0.096125 0.034006
0.628035 -0.093304 0.026509
0.627971 -0.094142 0.027009
0.632135 -0.096669 0.031331
0.629715 -0.094011 0.024833
0.636519 -0.096956 0.029687
0.632505 -0.094101 0.027438
0.635934 -0.094232 0.028566
0.635838 -0.095087 0.027316
0.640117 -0.097009 0.029337
0.638626 -0.094371 0.027837
0.644539 -0.097221 0.032322
0.640527 -0.093604 0.026321
0.644160 -0.093747 0.027449
0.645689 -0.096358 0.030450
0.645851 -0.093816 0.026609
0.647397 -0.096425 0.029861
0.647844 -0.094800 0.026283
0.649461 -0.096566 0.029284
0.650700 -0.093981 0.027894
0.649877 -0.093911 0.028644
0.650620 -0.095636 0.029895
0.651790 -0.094742 0.028697
0.655058 -0.094909 0.028423
0.654212 -0.094849 0.028173
0.656718 -0.095722 0.027652
0.655901 -0.094833 0.026152
0.659200 -0.094960 0.028414
0.661580 -0.097629 0.031165
0.660607 -0.095853 0.027004
0.661428 -0.096736 0.028754
0.660673 -0.095011 0.027004
0.664454 -0.096639 0.030560
0.664540 -0.094990 0.028560
0.666788 -0.095977 0.028436
0.670798 -0.098562 0.030034
0.669357 -0.095098 0.028034
0.670114 -0.096014 0.027534
0.673507 -0.096170 0.028750
0.675906 -0.095452 0.027478
0.675911 -0.095449 0.027728
0.681685 -0.098316 0.032535
0.677700 -0.094679 0.027537
0.682486 -0.098219 0.032081
0.679337 -0.094641 0.027583
0.680913 -0.096441 0.029582
0.682791 -0.094831 0.028335
0.685066 -0.098357 0.031333
0.685044 -0.095711 0.028287
0.685084 -0.094886 0.026788
0.686551 -0.095620 0.028880
0.686508 -0.095638 0.027130
0.687972 -0.094872 0.026151
0.688761 -0.095780 0.027150
0.691143 -0.095265 0.026049
0.694866 -0.098099 0.027832
0.693386 -0.095444 0.026833
0.695703 -0.095576 0.026707
0.697209 -0.098215 0.028706
0.699574 -0.098362 0.028733
0.699645 -0.097524 0.028733
0.699929 -0.094981 0.026378
0.699880 -0.095816 0.027128
0.703718 -0.098503 0.029661
0.702171 -0.095887 0.026660
0.704569 -0.097828 0.027657
0.703852 -0.095264 0.024905
0.706947 -0.096246 0.027289
0.705209 -0.096955 0.027539
0.706129 -0.096106 0.025643
0.705269 -0.096048 0.025143
0.706444 -0.096036 0.025592
0.706453 -0.096033 0.025842
0.709556 -0.097160 0.026824
0.708757 -0.096264 0.026322
0.707171 -0.095295 0.027321
0.706918 -0.096255 0.025785
0.705346 -0.095290 0.027034
0.707232 -0.095397 0.028142
0.705614 -0.095284 0.029392
0.705208 -0.094435 0.027173
0.705243 -0.093595 0.026922
0.705470 -0.094509 0.027604
0.705420 -0.092836 0.025101
0.707412 -0.094699 0.029178
0.703083 -0.092011 0.025175
0.704236 -0.086061 0.026600
0.703467 -0.083497 0.026344
0.705233 -0.084258 0.027584
0.703359 -0.079348 0.024439
0.703459 -0.079376 0.025939
0.704226 -0.079550 0.026801
0.703973 -0.074383 0.026111
0.703030 -0.073491 0.024610
0.703989 -0.072694 0.026104
0.704431 -0.073536 0.025933
0.704093 -0.071443 0.025005
0.704149 -0.072306 0.025758
0.702775 -0.070474 0.023550
0.704622 -0.071354 0.025547
0.704252 -0.067766 0.025190
0.703445 -0.070312 0.025205
0.703935 -0.065784 0.026596
0.702956 -0.065752 0.024849
0.702973 -0.066597 0.024853
0.703579 -0.065791 0.024972
0.702533 -0.060709 0.023953
0.704625 -0.061511 0.028332
0.703460 -0.055564 0.026060
0.703053 -0.052721 0.026078
0.703895 -0.051041 0.026570
0.705907 -0.051577 0.028215
0.707638 -0.051579 0.028960
0.705116 -0.046408 0.025805
0.704279 -0.043090 0.026550
0.703645 -0.041381 0.025276
0.705583 -0.044050 0.028278
0.704111 -0.040127 0.025658
0.705037 -0.041862 0.026659
0.705215 -0.037674 0.026808
0.704259 -0.036747 0.025308
0.705573 -0.036525 0.026884
0.704702 -0.034809 0.026383
0.705135 -0.032348 0.027477
0.704188 -0.031410 0.025976
0.707346 -0.030563 0.030120
0.704549 -0.026034 0.025370
0.706703 -0.024451 0.027555
0.708502 -0.024604 0.029309
0.705488 -0.014521 0.026030
0.708084 -0.018153 0.028530
0.706823 -0.012751 0.029226
0.704910 -0.009803 0.024726
0.705456 -0.004576 0.024989
0.705549 -0.003796 0.025741
0.706070 0.000353 0.026507
0.706051 -0.001419 0.027501
0.706548 0.004191 0.025058
0.707485 0.000377 0.029548
0.706172 0.005983 0.025940
0.704985 0.001877 0.025417
0.707195 0.002099 0.028077
0.704715 0.003193 0.027570
0.704179 0.005801 0.026964
0.703969 0.003266 0.027201
0.706010 0.004547 0.029527
0.703921 0.002361 0.027255
0.705747 0.003370 0.029697
0.703949 0.003662 0.027939
0.702816 0.003384 0.028175
0.701529 0.001984 0.024912
0.703138 0.002456 0.027787
0.699611 0.002980 0.025521
0.701144 0.003535 0.027204
0.698404 0.003092 0.025690
0.698878 0.003575 0.027512
0.696989 0.003902 0.025005
0.697445 0.004216 0.026946
0.694600 0.002936 0.025681
0.695028 0.004055 0.026994
0.692100 0.002801 0.024979
0.690316 0.004103 0.025225
0.690173 0.003275 0.024972
0.688300 0.004226 0.026117
0.689408 0.003756 0.029282
0.690309 0.003616 0.030034
0.686439 0.003372 0.025772
0.684288 0.004011 0.027509
0.683269 0.004172 0.025757
0.684188 0.003568 0.028168
0.680717 0.004946 0.025663
0.682173 0.003058 0.029104
0.674288 0.005272 0.025431
0.674305 0.004422 0.026680
0.672451 0.003848 0.026175
0.672888 0.001782 0.029268
0.667808 0.004663 0.025148
0.667659 0.004676 0.023898
0.666798 0.000817 0.026978
0.668676 0.001396 0.027731
0.660956 0.003509 0.023618
0.662130 0.003370 0.026369
0.662368 0.000081 0.029289
0.663408 0.000787 0.030040
0.661103 0.000366 0.030885
0.655548 0.004150 0.025739
0.657184 0.000589 0.029487
0.651410 0.003428 0.024347
0.655189 0.000471 0.030846
0.655145 0.000056 0.032981
0.656114 -0.000051 0.034231
0.652556 0.002865 0.029233
0.650053 0.002969 0.027427
0.652690 0.000159 0.031425
0.649618 0.000347 0.031342
0.647011 0.002323 0.028594
0.644537 0.002661 0.028267
0.643076 0.002719 0.028995
0.645626 -0.000076 0.032243
0.640330 0.002970 0.027397
0.640402 0.002141 0.028897
0.638137 0.003022 0.028888
0.638026 0.002191 0.028887
0.636339 0.002224 0.029148
0.634623 0.002169 0.028147
0.638188 0.000099 0.032147
0.634256 0.002039 0.030408
0.634280 0.002865 0.029658
0.634802 0.001007 0.032694
0.635492 -0.000742 0.033444
0.631043 0.003073 0.026944
0.629881 0.002265 0.028714
0.630082 0.002272 0.030465
0.627110 0.002430 0.030143
0.627103 0.003256 0.029143
0.623974 0.002607 0.029798
0.624922 0.002502 0.030798
0.621687 0.002794 0.027154
0.619379 0.003718 0.026967
0.620068 0.000298 0.029467
0.617354 0.003066 0.028029
0.619841 0.000270 0.030778
0.620642 0.000159 0.030528
0.615826 0.002109 0.028755
0.614815 0.002209 0.027255
0.613005 0.002246 0.028550
0.613005 0.002246 0.028550
0.613172 -0.000527 0.030808
0.613281 0.000300 0.030808
0.612883 -0.000741 0.032853
0.609431 0.002130 0.028853
0.613231 -0.000171 0.032848
0.608740 0.002798 0.026849
0.611820 -0.001075 0.032340
0.607609 0.002726 0.027841
0.610818 -0.000287 0.032433
0.606450 0.002682 0.027434
0.605620 0.002574 0.027538
0.608406 0.000637 0.032288
0.605505 0.000632 0.030165
0.604697 0.002382 0.028416
0.605051 0.001269 0.030520
0.603983 0.003008 0.026270
0.605093 -0.000067 0.030027
0.603658 0.002618 0.029277
0.603292 0.002397 0.027786
0.602357 0.001663 0.027786
0.601432 0.002243 0.028419
0.600368 0.001497 0.027169
0.600178 0.000406 0.028482
0.599235 0.002983 0.024733
0.597628 0.001980 0.025446
0.597733 0.001986 0.026446
0.596092 0.001972 0.025285
0.597735 0.000123 0.026785
0.595715 0.002727 0.027012
0.595501 0.001055 0.026762
0.594353 0.001057 0.028128
0.596073 0.000875 0.028628
0.592013 0.001950 0.027099
0.591971 0.001120 0.027599
0.590549 0.001946 0.027723
0.589594 0.001203 0.027473
0.587995 0.002003 0.026774
0.588035 0.001178 0.028025
0.586861 0.002005 0.029560
0.584938 0.001345 0.028060
0.586648 0.000322 0.031627
0.581336 0.001667 0.027878
0.582085 -0.000085 0.029864
0.584816 -0.000331 0.032113
0.576775 0.001021 0.026976
0.580545 -0.000940 0.032475
0.575157 0.001206 0.027476
0.573217 0.000435 0.028379
0.573278 0.001267 0.028129
0.571824 0.001228 0.028386
0.570810 0.001305 0.026886
0.574253 -0.000713 0.032710
0.568838 0.001427 0.027460
0.565502 0.000783 0.026727
0.566549 0.000712 0.028477
0.564535 0.000712 0.027932
0.561561 0.001409 0.026016
0.565120 -0.000564 0.029264
0.559856 0.000748 0.026516
0.560762 -0.001269 0.028946
0.556756 0.000274 0.024167
0.562464 -0.000959 0.030664
0.554912 0.001133 0.025357
0.559356 -0.000889 0.028853
0.560303 -0.000953 0.029853
0.553664 0.001116 0.025899
0.552612 0.001099 0.026590
0.551684 0.001169 0.025841
0.551654 0.001167 0.025591
0.549556 0.002086 0.025148
0.549567 0.001257 0.025898
0.547974 0.001434 0.027699
0.546938 0.000669 0.026699
0.550296 -0.000459 0.031444
0.544632 0.001590 0.024445
0.548125 -0.001253 0.031359
0.542771 0.002468 0.025611
0.541456 0.000778 0.028434
0.540471 0.000841 0.027184
0.538421 0.000895 0.026938
0.539377 0.000830 0.027938
0.542454 -0.001382 0.032407
0.536123 0.000728 0.026659
0.539415 -0.001372 0.031119
0.535083 0.001447 0.027620
0.537116 -0.000672 0.030827
0.532040 0.002238 0.028078
0.533484 0.000379 0.032068
0.527924 0.002431 0.026069
0.526469 0.001638 0.027579
0.525509 0.001704 0.026579
0.523681 0.000751 0.028505
0.527239 -0.000337 0.031004
0.525198 -0.000518 0.031682
0.521473 0.002199 0.026684
0.522773 0.001042 0.029632
0.518058 0.003014 0.024135
0.515687 0.003159 0.024925
0.517645 0.003032 0.027174
0.523664 0.000881 0.035219
0.515079 0.003072 0.024472
0.514504 0.002994 0.025929
0.519038 0.000200 0.030926
0.513545 0.003075 0.027105
0.514398 0.002178 0.027855
0.512196 0.002109 0.027358
0.512946 0.002032 0.026608
0.513893 0.000144 0.029867
0.511219 0.001978 0.027118
0.509458 0.001629 0.026853
0.508563 0.001690 0.026353
0.507704 0.001570 0.026549
0.507646 0.001565 0.026049
0.509526 -0.000587 0.029953
0.506760 0.001220 0.026455
0.508806 -0.000115 0.029801
0.504336 0.001806 0.026055
0.506424 0.000603 0.029983
0.502812 0.001634 0.026986
0.505678 0.000332 0.029641
0.501925 0.002177 0.024895
0.503105 0.002067 0.028421
0.501606 0.001805 0.027814
0.503170 0.001691 0.026813
0.501097 0.001598 0.027606
0.502818 0.001502 0.028104
0.501804 0.002196 0.028184
0.502689 0.002152 0.028683
0.504129 0.001081 0.030800
0.503218 0.003601 0.028554
0.507494 0.001873 0.033952
0.503023 0.005379 0.028460
0.503490 0.003856 0.029463
0.502489 0.004723 0.027215
0.504195 0.004383 0.029612
0.502396 0.006680 0.028731
0.505897 0.005684 0.031228
0.501761 0.008269 0.027014
0.505358 0.007268 0.030512
0.501915 0.010774 0.027266
0.506472 0.010175 0.032314
0.502019 0.013748 0.026818
0.505331 0.014066 0.031682
0.501661 0.015959 0.026685
0.502298 0.017549 0.028245
0.502496 0.019194 0.029496
0.506343 0.019014 0.031480
0.501076 0.021892 0.026480
0.502696 0.022980 0.029507
0.501472 0.025134 0.027446
0.505973 0.023913 0.032451
0.501576 0.027657 0.026695
0.504154 0.028895 0.029260
0.506831 0.027802 0.032514
0.502236 0.032289 0.027495
0.502134 0.032328 0.026245
0.506524 0.032704 0.031166
0.503056 0.034730 0.027659
0.503235 0.037243 0.029031
0.503188 0.038991 0.026779
0.503285 0.040931 0.027932
0.507550 0.038808 0.031191
0.504176 0.043823 0.026987
0.503230 0.043079 0.026486
0.504157 0.044484 0.027073
0.504068 0.042790 0.027824
0.503292 0.045055 0.027158
0.504149 0.044104 0.028410
0.504387 0.045973 0.029772
0.503648 0.048866 0.028890
0.507132 0.047607 0.032147
0.503823 0.049958 0.030013
0.507295 0.048694 0.033271
0.503480 0.048365 0.027765
0.502950 0.051906 0.027614
0.503785 0.051817 0.027616
0.507234 0.052356 0.031099
0.504691 0.053527 0.029090
0.508033 0.053005 0.032001
0.503808 0.056137 0.026983
0.508205 0.056597 0.031064
0.503401 0.060929 0.028290
0.504232 0.060820 0.028293
0.504288 0.060792 0.029044
0.504182 0.061996 0.028737
0.504126 0.061143 0.029489
0.502782 0.065055 0.028207
0.503801 0.064842 0.030712
0.507902 0.064564 0.034458
0.503899 0.069811 0.030203
0.507309 0.068348 0.033723
0.502123 0.071027 0.026941
0.504502 0.071276 0.029090
0.502976 0.073262 0.027328
0.502724 0.074583 0.026351
0.503742 0.075246 0.027104
0.502947 0.077829 0.027456
0.503906 0.077619 0.029210
0.503914 0.079184 0.028602
0.502991 0.079370 0.027348
0.503685 0.080240 0.028361
0.507055 0.078784 0.031124
0.504990 0.080533 0.028555
0.503370 0.081667 0.027299
0.506553 0.081555 0.029886
0.505042 0.083514 0.028381
0.505131 0.085096 0.028449
0.504284 0.085228 0.028197
0.505841 0.085245 0.029955
0.503457 0.087317 0.028203
0.505772 0.087215 0.030187
0.503111 0.087638 0.027935
0.503954 0.089710 0.028018
0.503730 0.088050 0.028017
0.506019 0.086938 0.031301
0.503576 0.088977 0.029052
0.506073 0.089564 0.032069
0.503504 0.091640 0.028321
0.503513 0.095018 0.027757
0.503615 0.095849 0.027758
0.502702 0.097999 0.028252
0.502761 0.098848 0.027753
0.503605 0.099875 0.029802
0.502770 0.100848 0.028554
0.503168 0.101244 0.028693
0.502929 0.100468 0.026943
0.506465 0.101343 0.031341
0.503706 0.101737 0.027843
0.505717 0.100936 0.030483
0.503287 0.102065 0.029987
0.503735 0.102834 0.028568
0.506284 0.101675 0.030565
0.504876 0.102038 0.028148
0.508372 0.100768 0.031894
0.506262 0.101795 0.029452
0.506021 0.100992 0.027452
0.512826 0.099329 0.033112
0.506895 0.102540 0.026867
0.506911 0.102115 0.027446
0.509234 0.101006 0.026194
0.512837 0.099284 0.029806
0.510339 0.101240 0.026808
0.511680 0.102075 0.026702
0.514998 0.099198 0.031198
0.513953 0.101068 0.028358
0.517074 0.097384 0.031355
0.516382 0.099866 0.029056
0.520503 0.097760 0.032054
0.518314 0.100338 0.028229
0.524093 0.097238 0.033225
0.521172 0.100619 0.029336
0.522093 0.100534 0.031085
0.523535 0.101047 0.031424
0.523329 0.100207 0.029174
0.524739 0.100563 0.029362
0.529576 0.098904 0.032739
0.527103 0.100809 0.029240
0.528325 0.101099 0.029097
0.531673 0.099920 0.031596
0.531637 0.101399 0.029816
0.530817 0.101492 0.030066
0.532168 0.101820 0.028532
0.533060 0.101736 0.029781
0.534677 0.102030 0.029550
0.534677 0.102030 0.029550
0.540422 0.100209 0.033368
0.536285 0.102288 0.029369
0.541079 0.099751 0.032725
0.537923 0.102578 0.030226
0.538617 0.102889 0.028576
0.538562 0.102059 0.029326
0.540107 0.102228 0.029366
0.540096 0.102226 0.029116
0.541510 0.101539 0.030925
0.545559 0.099457 0.032674
0.543911 0.103273 0.030224
0.543742 0.102427 0.028474
0.546146 0.102516 0.028915
0.546223 0.103349 0.028665
0.547625 0.103378 0.028440
0.548461 0.103292 0.028439
0.549772 0.103124 0.027426
0.557247 0.100043 0.034425
0.551457 0.103049 0.028677
0.552314 0.102971 0.029177
0.553824 0.102977 0.028612
0.559781 0.100210 0.033742
0.554810 0.103131 0.028244
0.559831 0.101327 0.031656
0.556565 0.103291 0.029408
0.558259 0.102668 0.029539
0.564099 0.100500 0.034287
0.560815 0.102768 0.029625
0.566668 0.100611 0.035124
0.563551 0.103606 0.028609
0.565927 0.100891 0.031608
0.564247 0.103817 0.026915
0.564166 0.102977 0.026914
0.567136 0.103074 0.029647
0.567109 0.103891 0.026897
0.571111 0.100369 0.029895
0.567883 0.103166 0.026895
0.573854 0.100347 0.031389
0.570740 0.103972 0.029139
0.572428 0.103959 0.029131
0.573190 0.103046 0.029131
0.578060 0.100370 0.032091
0.577422 0.102977 0.028938
0.581475 0.100148 0.031688
0.579989 0.102840 0.028213
0.580837 0.102774 0.028463
0.583499 0.102813 0.030361
0.583438 0.102792 0.028361
0.586476 0.102874 0.028875
0.587382 0.103647 0.028875
0.591905 0.101110 0.033702
0.589520 0.103773 0.030452
0.589493 0.103764 0.029452
0.591826 0.103884 0.029665
0.593011 0.103804 0.028388
0.597105 0.101013 0.032639
0.594499 0.103742 0.029543
0.598592 0.100963 0.033544
0.594460 0.103730 0.028293
0.595751 0.103789 0.029256
0.595694 0.103774 0.027506
0.602052 0.100979 0.032289
0.598801 0.103706 0.029039
0.599916 0.103687 0.027153
0.600790 0.103633 0.028153
0.602914 0.103615 0.027380
0.602141 0.104523 0.027630
0.606709 0.101952 0.029702
0.603374 0.103855 0.026702
0.608851 0.101225 0.031209
0.606416 0.103896 0.027709
0.609349 0.103900 0.029011
0.608468 0.103952 0.027761
0.612268 0.103811 0.027351
0.613175 0.104592 0.027351
0.612310 0.104650 0.026601
0.615334 0.104578 0.027728
0.617677 0.105239 0.026287
0.617628 0.104397 0.026787
0.617718 0.105247 0.027787
0.619966 0.104423 0.026122
0.620049 0.105273 0.026872
0.625764 0.101719 0.030402
0.624735 0.105184 0.026665
0.624687 0.104343 0.027165
0.627071 0.104273 0.027094
0.627057 0.104269 0.026594
0.629270 0.103473 0.026845
0.630175 0.104258 0.026845
0.635657 0.100559 0.029697
0.632453 0.104131 0.026698
0.637876 0.101275 0.029014
0.635428 0.103113 0.027514
0.641112 0.101216 0.030519
0.642805 0.101119 0.031518
0.640193 0.103845 0.027160
0.644321 0.101093 0.031659
0.642713 0.103834 0.028103
0.645124 0.101172 0.030602
0.647472 0.101311 0.031417
0.645046 0.103963 0.028168
0.645736 0.103891 0.026801
0.645750 0.103895 0.027301
0.650605 0.101322 0.031370
0.648179 0.103977 0.028621
0.652852 0.102020 0.028756
0.651257 0.103806 0.028007
0.656751 0.101955 0.031058
0.653448 0.103826 0.028809
0.658293 0.102010 0.030420
0.654073 0.103922 0.025921
0.659526 0.102226 0.029170
0.656194 0.103279 0.028420
0.659347 0.104185 0.028914
0.662615 0.101480 0.032164
0.659531 0.103576 0.027617
0.659516 0.103571 0.027117
0.662575 0.103679 0.028145
0.661718 0.103734 0.027645
0.664433 0.103044 0.028361
0.664494 0.103886 0.028361
0.666537 0.104053 0.026245
0.670720 0.102098 0.030247
0.673641 0.101219 0.031273
0.674491 0.101168 0.032024
0.670129 0.103200 0.026963
0.669285 0.103264 0.026963
0.672255 0.103316 0.028225
0.672290 0.104150 0.027225
0.679352 0.100481 0.031478
0.675340 0.104121 0.028477
0.676514 0.104120 0.027554
0.680647 0.101344 0.032306
0.676481 0.103287 0.028554
0.685312 0.100346 0.033717
0.680739 0.104115 0.027706
0.680754 0.104119 0.028206
0.682932 0.104199 0.027533
0.682955 0.104205 0.028283
0.685019 0.103425 0.028652
0.685053 0.104258 0.027652
0.688147 0.103346 0.028041
0.687327 0.103418 0.028791
0.690803 0.101428 0.029387
0.689261 0.104062 0.027636
0.689243 0.103234 0.029137
0.695505 0.099677 0.031267
0.690613 0.103367 0.027516
0.693543 0.104148 0.027765
0.695706 0.103303 0.028740
0.699809 0.100522 0.032491
0.702492 0.100406 0.031653
0.697548 0.103257 0.027903
0.698743 0.103243 0.026774
0.699603 0.103183 0.027274
0.699691 0.104033 0.028024
0.700076 0.104139 0.025906
0.700070 0.103310 0.027656
0.702272 0.103270 0.027865
0.702312 0.104107 0.027115
0.703353 0.103261 0.026666
0.703492 0.104954 0.026916
0.704563 0.104035 0.026595
0.706411 0.103969 0.026925
0.705566 0.104032 0.026925
0.709760 0.100274 0.028475
0.707444 0.103823 0.027475
0.708474 0.103848 0.026140
0.708607 0.104706 0.027890
0.711877 0.101184 0.030664
0.706751 0.104020 0.024915
0.709316 0.104676 0.027483
0.710853 0.101204 0.029483
0.713151 0.100256 0.031042
0.714019 0.100209 0.031792
0.709473 0.102132 0.028331
0.705169 0.104094 0.024832
