0.501096 -0.097018 0.119908
0.602044 -0.099377 0.118393
0.699162 -0.097060 0.116573
0.700478 0.003130 0.114878
0.602629 -0.000266 0.119640
0.504836 0.002577 0.118119
0.502708 0.101471 0.117880
0.601274 0.104637 0.117693
0.701151 0.101572 0.118020
0.503830 -0.093683 0.117074
0.605919 -0.096319 0.116416
0.698405 -0.094815 0.113832
0.699123 0.002427 0.116034
0.593578 0.003877 0.117471
0.499922 0.007299 0.116644
0.500027 0.106506 0.115337
0.602249 0.106109 0.115629
0.699608 0.103781 0.114213
0.498847 -0.095395 0.114784
0.604591 -0.096828 0.115166
0.700135 -0.097728 0.116874
0.700054 -0.001524 0.115211
0.601824 0.003359 0.116681
0.501293 0.003216 0.115142
0.495957 0.108245 0.117057
0.601540 0.102886 0.114415
0.700117 0.104890 0.114372
0.502881 -0.092838 0.115128
0.602692 -0.092189 0.115875
0.700317 -0.092380 0.116087
0.703853 -0.000291 0.115421
0.594136 0.011937 0.113695
0.504090 0.002834 0.116636
0.496032 0.105508 0.115922
0.604140 0.099955 0.116446
0.699699 0.100287 0.116869
0.504106 -0.099715 0.114491
0.602683 -0.095507 0.114277
0.701928 -0.098613 0.115514
0.700379 -0.000962 0.116027
0.598683 0.002214 0.115161
0.502704 0.002872 0.114476
0.496553 0.102150 0.115743
0.597795 0.102495 0.117267
0.699673 0.098211 0.117269
