0.503798 -0.097084 0.120519
0.501958 -0.097063 0.117729
0.502430 -0.097646 0.119690
0.507177 -0.098331 0.124446
0.507975 -0.099177 0.124450
0.502617 -0.097132 0.121788
0.502514 -0.097975 0.120779
0.503356 -0.097179 0.120548
0.502365 -0.097582 0.120877
0.501926 -0.097357 0.120392
0.505840 -0.098724 0.124028
0.507542 -0.098791 0.124795
0.504687 -0.098485 0.122723
0.501973 -0.097583 0.119201
0.506245 -0.098272 0.123796
0.501819 -0.097282 0.119513
0.502579 -0.097037 0.120322
0.502482 -0.097055 0.119071
0.502424 -0.097066 0.118321
0.502342 -0.097439 0.118766
0.504147 -0.097515 0.120526
0.504676 -0.097879 0.118577
0.509049 -0.098923 0.122352
0.507515 -0.097086 0.119366
0.507436 -0.097924 0.119119
0.510121 -0.098859 0.121456
0.512310 -0.097264 0.121899
0.509535 -0.097129 0.117639
0.513578 -0.098065 0.120555
0.512732 -0.097995 0.120301
0.514081 -0.097820 0.119131
0.512368 -0.097676 0.118375
0.515766 -0.098548 0.120939
0.514064 -0.097594 0.118927
0.514716 -0.098369 0.119218
0.518186 -0.098662 0.121727
0.516339 -0.098309 0.117269
0.516402 -0.098285 0.118269
0.519665 -0.099848 0.120503
0.518081 -0.098048 0.118482
0.518887 -0.098525 0.117705
0.518935 -0.098505 0.118454
0.519695 -0.098213 0.118459
0.520383 -0.099164 0.117970
0.525000 -0.099094 0.120742
0.523249 -0.098916 0.118989
0.523351 -0.098502 0.118516
0.525875 -0.098838 0.119271
0.527003 -0.098629 0.119203
0.527842 -0.098746 0.119455
0.532900 -0.099413 0.121963
0.528133 -0.098581 0.117387
0.533090 -0.099418 0.119399
0.534081 -0.098703 0.120140
0.534889 -0.098211 0.119559
0.540815 -0.099009 0.123814
0.538340 -0.097218 0.121175
0.537446 -0.097123 0.119675
0.548973 -0.099075 0.125610
0.544992 -0.097633 0.124099
0.542686 -0.097527 0.120050
0.550253 -0.098588 0.125803
0.551547 -0.098355 0.125540
0.544039 -0.097249 0.121286
0.552082 -0.097834 0.125302
0.551186 -0.097756 0.123052
0.556444 -0.098755 0.125423
0.557246 -0.097492 0.124608
0.553031 -0.096900 0.121106
0.552978 -0.096929 0.119856
0.556074 -0.095956 0.121389
0.559228 -0.095720 0.122677
0.561747 -0.096083 0.124678
0.559693 -0.095147 0.120520
0.560661 -0.094457 0.120768
0.563756 -0.095227 0.121514
0.567253 -0.094896 0.124014
0.565798 -0.094994 0.122008
0.571385 -0.095291 0.125245
0.567238 -0.093910 0.120241
0.575875 -0.095440 0.126089
0.570638 -0.095606 0.120087
0.573564 -0.095391 0.120781
0.573418 -0.096227 0.120282
0.582257 -0.096820 0.126210
0.577196 -0.096174 0.120956
0.579648 -0.094982 0.122197
0.579496 -0.095822 0.121447
0.586054 -0.095357 0.125604
0.580900 -0.095480 0.122103
0.583716 -0.096209 0.121414
0.582857 -0.096100 0.120414
0.584993 -0.094865 0.121533
0.585827 -0.094994 0.121783
0.590991 -0.096842 0.124662
0.588012 -0.093905 0.121410
0.589877 -0.094428 0.120187
0.591584 -0.094664 0.121937
0.596141 -0.094647 0.123740
0.593601 -0.094285 0.121241
0.600108 -0.096423 0.125680
0.596891 -0.095118 0.122430
0.599332 -0.096550 0.122358
0.600291 -0.095888 0.121856
0.602250 -0.095712 0.122130
0.602225 -0.095740 0.121130
0.607771 -0.096019 0.124519
0.604525 -0.094724 0.119519
0.606535 -0.094477 0.121678
0.608058 -0.095571 0.123180
0.609184 -0.095350 0.121415
0.610987 -0.094851 0.121161
0.614468 -0.096632 0.122523
0.616285 -0.096110 0.123270
0.619394 -0.096053 0.123524
0.624651 -0.095266 0.127767
0.620778 -0.095812 0.122570
0.620940 -0.094996 0.122317
0.623502 -0.096625 0.121845
0.624501 -0.095941 0.122592
0.629451 -0.096233 0.126052
0.630916 -0.097443 0.124304
0.628477 -0.096424 0.120577
0.632801 -0.096321 0.124324
0.631919 -0.095580 0.122841
0.635053 -0.097018 0.124844
0.638470 -0.097362 0.125528
0.637816 -0.096396 0.124775
0.638171 -0.095120 0.123374
0.639825 -0.095422 0.124624
0.640002 -0.095042 0.122924
0.642494 -0.095462 0.125923
0.646466 -0.096347 0.126601
0.645640 -0.096232 0.124851
0.645790 -0.095678 0.123584
0.648412 -0.095600 0.123242
0.648236 -0.096433 0.122993
0.654421 -0.097025 0.126322
0.655240 -0.097172 0.127072
0.649447 -0.096140 0.121571
0.652783 -0.096071 0.122577
0.659508 -0.097543 0.125390
0.655370 -0.096777 0.122139
0.664527 -0.098139 0.126976
0.658105 -0.096083 0.121972
0.663597 -0.095696 0.123875
0.664243 -0.096703 0.123627
0.666662 -0.097500 0.123161
0.667667 -0.096801 0.124661
0.673114 -0.096348 0.126052
0.668825 -0.096371 0.123802
0.673414 -0.095802 0.126014
0.676863 -0.095628 0.127514
0.674796 -0.095503 0.124038
0.680363 -0.097351 0.129790
0.678041 -0.096466 0.124453
0.678210 -0.095663 0.123702
0.682131 -0.095858 0.124665
0.681306 -0.095693 0.124415
0.683439 -0.094619 0.123428
0.688204 -0.096325 0.128678
0.693445 -0.096540 0.132257
0.684441 -0.094869 0.124256
0.687012 -0.094696 0.126160
0.690946 -0.096316 0.128912
0.687593 -0.095157 0.123846
0.687599 -0.095142 0.124346
0.695387 -0.096180 0.130460
0.689604 -0.095095 0.124208
0.696059 -0.096589 0.129785
0.691300 -0.094764 0.126280
0.693175 -0.094508 0.126722
0.697918 -0.096410 0.128478
0.699129 -0.095228 0.128783
0.694173 -0.094164 0.125528
0.699672 -0.095717 0.128407
0.695521 -0.094851 0.124652
0.700160 -0.094471 0.126359
0.697668 -0.093921 0.124606
0.698514 -0.094075 0.126107
0.700391 -0.093920 0.126408
0.701836 -0.095130 0.126913
0.699754 -0.094153 0.123705
0.704293 -0.094475 0.127787
0.701780 -0.093948 0.125284
0.706848 -0.095456 0.128927
0.701842 -0.094368 0.125423
0.705633 -0.095579 0.127514
0.701179 -0.092021 0.123759
0.708396 -0.094147 0.130072
0.702010 -0.087573 0.124816
0.703656 -0.085806 0.125108
0.705825 -0.087998 0.127609
0.704329 -0.083568 0.126452
0.707884 -0.083461 0.128703
0.702716 -0.079572 0.123577
0.703539 -0.076241 0.126333
0.709353 -0.078071 0.129653
0.707537 -0.074219 0.127911
0.702669 -0.071170 0.124909
0.706853 -0.067883 0.126660
0.703598 -0.066310 0.124165
0.706180 -0.065042 0.126249
0.703464 -0.060983 0.124761
0.706571 -0.060644 0.126225
0.709170 -0.061218 0.129223
0.701471 -0.050833 0.123755
0.704099 -0.047066 0.123929
0.704937 -0.047236 0.123928
0.705346 -0.042199 0.124572
0.703682 -0.041873 0.124823
0.703933 -0.037274 0.125371
0.706886 -0.040587 0.128112
0.703707 -0.034076 0.124692
0.707677 -0.036739 0.127685
0.703654 -0.030040 0.123777
0.704763 -0.025169 0.123632
0.708546 -0.028665 0.126127
0.708113 -0.026909 0.127629
0.712161 -0.024879 0.130709
0.703641 -0.017443 0.121713
0.707312 -0.016844 0.123761
0.703817 -0.008806 0.122158
0.704885 -0.008220 0.123159
0.704061 -0.008056 0.123408
0.704461 -0.003846 0.121953
0.703415 -0.004465 0.121453
0.704858 -0.001427 0.122188
0.703358 -0.000199 0.121934
0.707830 0.000401 0.125168
0.703452 0.001637 0.120908
0.703842 0.006584 0.122083
0.706338 0.001481 0.124603
0.704207 0.008039 0.120829
0.707329 0.005335 0.124597
0.702355 0.007789 0.122115
0.699754 0.008509 0.120355
0.698875 0.007528 0.121638
0.699355 0.005608 0.122649
0.697576 0.007320 0.121091
0.696390 0.005832 0.122094
0.700706 0.006680 0.125114
0.694954 0.008415 0.123214
0.693662 0.007009 0.122968
0.692350 0.005612 0.122471
0.690690 0.005753 0.123279
0.692019 0.003598 0.125304
0.685705 0.005871 0.121457
0.682762 0.004957 0.121449
0.679979 0.005411 0.120719
0.679777 0.004585 0.121227
0.678763 0.006350 0.122906
0.677740 0.005792 0.123405
0.677987 0.006629 0.124310
0.673652 0.005306 0.121293
0.672023 0.007219 0.121073
0.670006 0.008150 0.121491
0.668110 0.005204 0.121765
0.668383 0.005098 0.123838
0.664681 0.006238 0.119294
0.661872 0.007012 0.120568
0.660750 0.006495 0.120317
0.659214 0.005487 0.122944
0.656288 0.006349 0.118415
0.655722 0.004919 0.122179
0.653224 0.005784 0.121404
0.651316 0.004652 0.122602
0.647711 0.005802 0.119320
0.645929 0.004524 0.121796
0.644912 0.004805 0.120039
0.642724 0.004179 0.121606
0.640710 0.004740 0.118343
0.638617 0.002899 0.120474
0.637881 0.003979 0.118714
0.633925 0.004500 0.118191
0.634700 0.003420 0.120199
0.633555 0.001237 0.122594
0.629193 0.003408 0.117825
0.626209 0.003792 0.120441
0.625052 0.003262 0.119940
0.620942 0.003706 0.118810
0.620763 0.002902 0.119561
0.615408 0.003467 0.118499
0.611634 0.002493 0.117738
0.609938 0.002240 0.119237
0.605503 0.001417 0.118467
0.604759 0.001689 0.118966
0.599097 0.001180 0.119867
0.603386 -0.000912 0.123116
0.592016 0.003396 0.116484
0.593864 0.002069 0.119482
0.589098 0.002219 0.118393
0.590191 0.001970 0.120142
0.586105 0.001097 0.120658
0.585014 -0.000752 0.122005
0.579819 0.001557 0.118512
0.579708 -0.000627 0.121437
0.575562 0.001432 0.119445
0.570849 0.001316 0.119859
0.571549 0.001060 0.119108
0.571346 -0.000326 0.121498
0.567151 0.001712 0.119256
0.566564 0.000300 0.121828
0.562526 0.002330 0.120587
0.557373 0.003193 0.118171
0.556755 0.003437 0.119423
0.552486 0.002493 0.118333
0.549877 0.004035 0.116091
0.544897 0.004225 0.116646
0.545694 0.003166 0.117891
0.538623 0.003778 0.114269
0.539082 0.004601 0.115523
0.535818 0.004214 0.116474
0.537267 0.004796 0.118725
0.536702 0.003395 0.121187
0.527343 0.003958 0.117625
0.527300 0.003957 0.117375
0.525886 0.001826 0.120448
0.522069 0.004364 0.114710
0.522985 0.004132 0.115209
0.518327 0.003499 0.115450
0.520281 0.003044 0.117197
0.515173 0.003302 0.115377
0.518898 0.002400 0.117871
0.513096 0.003611 0.117187
0.516303 0.001090 0.119425
0.514433 0.001325 0.120240
0.504822 0.003206 0.115763
0.508142 0.003383 0.119511
0.506575 0.000812 0.120285
0.506816 0.002433 0.119042
0.506558 0.001068 0.120164
0.509276 0.000448 0.121908
0.509209 -0.000353 0.122904
0.507981 -0.001309 0.125159
0.510628 -0.002689 0.128148
0.506790 0.000783 0.120394
0.507952 0.002214 0.119900
0.508969 0.001725 0.126206
0.504662 0.003944 0.122366
0.504260 0.003945 0.119367
0.501983 0.004673 0.120383
0.502742 0.004483 0.119880
0.502874 0.004482 0.120879
0.499656 0.004071 0.119682
0.497757 0.003290 0.119968
0.502847 0.001348 0.122698
0.500876 0.000525 0.123944
0.500726 0.000513 0.122694
0.503249 -0.001645 0.122369
0.499297 0.001710 0.118892
0.502585 0.000035 0.121776
0.499365 0.005043 0.121557
0.497976 0.006536 0.120769
0.500402 0.009458 0.121279
0.502010 0.009661 0.121758
0.504695 0.009113 0.124000
0.500121 0.013494 0.120532
0.500298 0.018847 0.119543
0.504862 0.018722 0.122283
0.502258 0.019932 0.121459
0.500383 0.023773 0.120482
0.499944 0.029724 0.119322
0.503411 0.028962 0.121062
0.499191 0.032862 0.118146
0.503536 0.035294 0.122152
0.502762 0.036740 0.122138
0.500046 0.041666 0.119673
0.503682 0.042492 0.122204
0.498931 0.047050 0.117747
0.499143 0.048671 0.117671
0.498414 0.049695 0.117181
0.498636 0.052734 0.116434
0.499587 0.052494 0.117680
0.499966 0.055688 0.117465
0.501079 0.056266 0.118966
0.499733 0.060146 0.117505
0.504948 0.058139 0.121722
0.500028 0.066232 0.119077
0.500176 0.068026 0.117591
0.499306 0.072724 0.119066
0.499379 0.073625 0.118322
0.498939 0.075710 0.118332
0.497338 0.076899 0.117594
0.502805 0.076337 0.122518
0.504577 0.075931 0.124012
0.497826 0.084125 0.117678
0.498959 0.084658 0.119428
0.497813 0.088378 0.117770
0.498799 0.088072 0.119518
0.499648 0.092017 0.119644
0.501490 0.091510 0.121893
0.499858 0.097426 0.119001
0.499996 0.098281 0.118750
0.501604 0.100301 0.121096
0.499810 0.100790 0.119343
0.504173 0.102329 0.124981
0.499421 0.101879 0.120975
0.499144 0.104516 0.120623
0.501278 0.101314 0.123149
0.498679 0.107336 0.119529
0.497790 0.106581 0.121033
0.501222 0.107828 0.125049
0.498454 0.105272 0.120066
0.501767 0.106816 0.123675
0.499500 0.109587 0.120180
0.503286 0.105920 0.123976
0.501402 0.106509 0.120465
0.504449 0.107025 0.123830
0.503924 0.106457 0.118835
0.507037 0.106605 0.119766
0.508507 0.105352 0.120283
0.510298 0.106676 0.119091
0.511928 0.106263 0.118849
0.515586 0.106023 0.120603
0.517880 0.104508 0.122127
0.518927 0.106798 0.122019
0.520886 0.104515 0.121305
0.522801 0.105302 0.120811
0.524181 0.104027 0.120583
0.525307 0.104254 0.121418
0.527489 0.102710 0.121699
0.533006 0.102405 0.124238
0.529978 0.104254 0.120694
0.534023 0.104696 0.122573
0.533194 0.104972 0.121064
0.537106 0.105343 0.122919
0.536786 0.104545 0.120938
0.539407 0.105457 0.121793
0.541474 0.103783 0.123602
0.542569 0.105967 0.122721
0.543342 0.105641 0.122485
0.546018 0.104329 0.122783
0.546782 0.103980 0.122549
0.549246 0.106404 0.121340
0.550030 0.104144 0.120938
0.554555 0.105574 0.122264
0.553420 0.105197 0.121777
0.558866 0.103843 0.123884
0.555521 0.104657 0.121839
0.558112 0.105849 0.123027
0.557684 0.105141 0.123313
0.560476 0.105953 0.122191
0.560738 0.104808 0.122499
0.563860 0.105696 0.122469
0.564092 0.104546 0.122777
0.573573 0.101906 0.127506
0.565725 0.105052 0.121883
0.573249 0.103632 0.124646
0.569355 0.105335 0.122584
0.569346 0.105310 0.122085
0.572214 0.104687 0.121634
0.576102 0.103012 0.125442
0.575792 0.104858 0.122943
0.578958 0.103515 0.124483
0.578691 0.104215 0.122249
0.581077 0.104545 0.123965
0.581075 0.104262 0.121327
0.585412 0.103025 0.124599
0.585016 0.104801 0.121291
0.588032 0.105335 0.121984
0.586900 0.104024 0.121049
0.594017 0.103137 0.124825
0.592125 0.104705 0.122525
0.597061 0.103473 0.124242
0.595769 0.105740 0.123162
0.601800 0.103312 0.123756
0.598756 0.104882 0.121467
0.601657 0.105347 0.121378
0.601083 0.104761 0.121904
0.607739 0.101942 0.125267
0.602918 0.105286 0.122683
0.610487 0.102870 0.124546
0.607494 0.104542 0.123009
0.610450 0.104660 0.121171
0.609840 0.105209 0.120156
0.614847 0.102864 0.124629
0.612434 0.105058 0.120574
0.617347 0.105102 0.123380
0.620306 0.103412 0.125666
0.620246 0.105065 0.123458
0.619645 0.104467 0.123226
0.623671 0.105428 0.122823
0.623657 0.104252 0.123101
0.630242 0.101724 0.125734
0.627318 0.104613 0.122926
0.630749 0.103818 0.123075
0.631357 0.104420 0.123562
0.634499 0.103972 0.122132
0.633920 0.104589 0.122372
0.637633 0.105747 0.122107
0.637639 0.105772 0.122856
0.640214 0.105855 0.121648
0.640227 0.105895 0.122897
0.643135 0.102974 0.126191
0.642384 0.104708 0.121529
0.646110 0.106055 0.120887
0.645486 0.104339 0.122659
0.648167 0.103696 0.121951
0.650539 0.102534 0.124715
0.650507 0.105152 0.121465
0.649301 0.105166 0.120714
0.653090 0.106005 0.121579
0.655427 0.103628 0.124103
0.655157 0.104940 0.121734
0.654571 0.105541 0.121229
0.657042 0.105204 0.121189
0.655845 0.105237 0.120938
0.663254 0.102299 0.124458
0.659760 0.105898 0.121431
0.662168 0.105525 0.122224
0.663933 0.103743 0.124486
0.664668 0.104968 0.121695
0.667626 0.103149 0.124207
0.666858 0.105739 0.122017
0.666212 0.105142 0.121020
0.673122 0.103305 0.124343
0.670793 0.105709 0.122081
0.679057 0.101510 0.129750
0.672014 0.106311 0.122477
0.676036 0.106120 0.122659
0.677775 0.103175 0.126171
0.677601 0.106014 0.122932
0.678137 0.105369 0.121685
0.681680 0.104713 0.124252
0.680452 0.104727 0.122751
0.683716 0.104061 0.124385
0.686089 0.102836 0.126640
0.691788 0.100871 0.129359
0.684701 0.104558 0.123345
0.687882 0.104964 0.123942
0.687896 0.104975 0.124442
0.693538 0.101790 0.127468
0.688187 0.104872 0.122709
0.693410 0.102734 0.125029
0.689177 0.103440 0.122276
0.695441 0.101975 0.125541
0.689472 0.104532 0.122285
0.693643 0.102574 0.127055
0.688282 0.105701 0.123799
0.693649 0.103587 0.127663
0.690111 0.104907 0.126910
0.688265 0.105546 0.125159
0.687144 0.106054 0.126303
0.689604 0.104806 0.128805
0.687180 0.105885 0.125235
0.687817 0.106458 0.125485
0.688625 0.107220 0.126735
0.692374 0.105129 0.130343
0.690483 0.105765 0.127843
0.694181 0.104956 0.129988
0.694105 0.106109 0.127487
0.694546 0.105454 0.124988
0.695478 0.105281 0.124544
0.697265 0.103431 0.126045
0.697910 0.103910 0.126891
0.697241 0.104505 0.124890
0.700385 0.104717 0.124773
0.704174 0.103413 0.126539
0.702341 0.104070 0.125038
0.705683 0.101960 0.127614
0.700201 0.103942 0.123863
0.700813 0.103325 0.124614
0.701763 0.103861 0.124479
0.701110 0.104261 0.121684
0.699988 0.105529 0.122184
0.702254 0.103988 0.122943
