0.503575 -0.096163 0.122408
0.506371 -0.096660 0.125082
0.506308 -0.096641 0.123831
0.504807 -0.096444 0.122397
0.502326 -0.095984 0.122629
0.502660 -0.095825 0.121117
0.502835 -0.094995 0.121381
0.505711 -0.095270 0.122891
0.504009 -0.094935 0.122128
0.506697 -0.096110 0.123585
0.504083 -0.095597 0.121315
0.510394 -0.097222 0.125683
0.503528 -0.095831 0.120883
0.507452 -0.095434 0.122526
0.503827 -0.095537 0.120251
0.507062 -0.095698 0.121845
0.505129 -0.096157 0.120334
0.509044 -0.095710 0.122234
0.506149 -0.095994 0.118469
0.511891 -0.096661 0.123011
0.508397 -0.095914 0.119236
0.508871 -0.095663 0.119166
0.508886 -0.095658 0.119416
0.512816 -0.096038 0.120437
0.511138 -0.095622 0.119674
0.515226 -0.096004 0.122478
0.513171 -0.095692 0.118765
0.516600 -0.096524 0.122039
0.512400 -0.095445 0.119509
0.513115 -0.095098 0.117722
0.515086 -0.094202 0.117661
0.515746 -0.095216 0.119180
0.517620 -0.094229 0.120303
0.519929 -0.095693 0.122833
0.519146 -0.094884 0.119554
0.522263 -0.096596 0.122339
0.524506 -0.095609 0.122650
0.524819 -0.097453 0.122935
0.526376 -0.096352 0.121535
0.525017 -0.097737 0.120559
0.528378 -0.097003 0.122636
0.525877 -0.096298 0.120623
0.527391 -0.095928 0.119689
0.527689 -0.095103 0.120425
0.533639 -0.097103 0.122891
0.529402 -0.095948 0.117873
0.530091 -0.095323 0.118222
0.538129 -0.098527 0.125518
0.533662 -0.096560 0.119697
0.533953 -0.095745 0.120185
0.539778 -0.096819 0.122655
0.542214 -0.097571 0.124165
0.542043 -0.096909 0.123387
0.537129 -0.095384 0.120120
0.539801 -0.095205 0.120928
0.545551 -0.096955 0.125946
0.539789 -0.095212 0.120678
0.548230 -0.096247 0.124449
0.544090 -0.095091 0.121399
0.548411 -0.095604 0.123402
0.547424 -0.095365 0.120404
0.550472 -0.097147 0.124167
0.550016 -0.096348 0.121561
0.550249 -0.095575 0.120555
0.552334 -0.094671 0.121576
0.553084 -0.094968 0.120328
0.555759 -0.095010 0.119842
0.556591 -0.095260 0.120843
0.559397 -0.096268 0.123130
0.562606 -0.097312 0.124384
0.560969 -0.094952 0.120592
0.561530 -0.095999 0.121595
0.568074 -0.096453 0.124791
0.564530 -0.096258 0.121289
0.568460 -0.096769 0.120409
0.569000 -0.095163 0.120658
0.571881 -0.095370 0.120485
0.573778 -0.095071 0.121987
0.576939 -0.095270 0.122354
0.576930 -0.095279 0.121854
0.584719 -0.096864 0.124323
0.579321 -0.094326 0.120322
0.582396 -0.094551 0.119895
0.582661 -0.093735 0.120649
0.585734 -0.094118 0.120948
0.585725 -0.094125 0.120198
0.588546 -0.093386 0.120605
0.591548 -0.095155 0.122602
0.592119 -0.093684 0.121412
0.598729 -0.095526 0.122688
0.601147 -0.096212 0.125189
0.596453 -0.094049 0.119353
0.598331 -0.093704 0.120610
0.600107 -0.094119 0.119894
0.601732 -0.094599 0.119644
0.604178 -0.095292 0.121645
0.606096 -0.094935 0.121628
0.606095 -0.094938 0.121378
0.608752 -0.094997 0.121743
0.608992 -0.094190 0.121497
0.611875 -0.093485 0.121423
0.612683 -0.093740 0.120674
0.620541 -0.095150 0.126019
0.615704 -0.093766 0.119764
0.620370 -0.093193 0.122374
0.622232 -0.094445 0.122061
0.622229 -0.094466 0.120811
0.625465 -0.095400 0.124064
0.625943 -0.094604 0.121410
0.626755 -0.094852 0.121411
0.634119 -0.096097 0.125509
0.632825 -0.097481 0.124757
0.634828 -0.095622 0.122966
0.636438 -0.096081 0.124717
0.637715 -0.094952 0.121034
0.641495 -0.096896 0.126035
0.639922 -0.094808 0.122242
0.642912 -0.096544 0.125241
0.644962 -0.095373 0.122917
0.650802 -0.098108 0.126005
0.647824 -0.096386 0.122505
0.651826 -0.096702 0.123747
0.651019 -0.096489 0.121996
0.661703 -0.099606 0.127131
0.653328 -0.095402 0.120630
0.663333 -0.099075 0.127308
0.665719 -0.099766 0.129059
0.662078 -0.095938 0.125572
0.665622 -0.098769 0.126573
0.668356 -0.100373 0.126321
0.671000 -0.100255 0.128072
0.669242 -0.096245 0.122494
0.668666 -0.095163 0.123494
0.674280 -0.096797 0.128245
0.678233 -0.098054 0.128707
0.681589 -0.097165 0.128899
0.674364 -0.095104 0.121649
0.685393 -0.096164 0.129106
0.678982 -0.094340 0.122355
0.684326 -0.096715 0.130105
0.682930 -0.094436 0.123547
0.687029 -0.094465 0.124780
0.686783 -0.095271 0.125528
0.694611 -0.096422 0.129871
0.691073 -0.093661 0.126878
0.692972 -0.094948 0.126491
0.693233 -0.094161 0.124493
0.698078 -0.095436 0.130277
0.693821 -0.095111 0.126525
0.699943 -0.095103 0.130331
0.693236 -0.094005 0.127829
0.699891 -0.095599 0.132654
0.694243 -0.093992 0.126900
0.692136 -0.094930 0.129692
0.696181 -0.096170 0.129694
0.696983 -0.095590 0.129089
0.696898 -0.092966 0.125834
0.701635 -0.093560 0.128970
0.701630 -0.093590 0.127470
0.707639 -0.095609 0.131613
0.703271 -0.092592 0.126106
0.710428 -0.093934 0.131592
0.705366 -0.096066 0.125842
0.707957 -0.096963 0.128034
0.704663 -0.096049 0.124783
0.711152 -0.096961 0.129218
0.706563 -0.097447 0.126464
0.714583 -0.097287 0.131900
0.706399 -0.095003 0.127402
0.705424 -0.090693 0.125701
0.710161 -0.092891 0.128694
0.705139 -0.088371 0.122787
0.709711 -0.091390 0.127276
0.705859 -0.083126 0.125171
0.710420 -0.086156 0.128906
0.705646 -0.078366 0.124579
0.709408 -0.081185 0.128063
0.705979 -0.078678 0.122265
0.705699 -0.074445 0.122778
0.705101 -0.073397 0.123035
0.704464 -0.072327 0.122292
0.705309 -0.069506 0.123264
0.704753 -0.068488 0.124520
0.706075 -0.065816 0.123637
0.704618 -0.064531 0.123145
0.705399 -0.060594 0.123823
0.705201 -0.061437 0.124318
0.704736 -0.058194 0.122628
0.705063 -0.057443 0.124882
0.706556 -0.054361 0.124646
0.705659 -0.054086 0.123147
0.710312 -0.054078 0.125771
0.704041 -0.050571 0.123283
0.709132 -0.049254 0.127600
0.703285 -0.046647 0.121607
0.709932 -0.047003 0.127672
0.705016 -0.044687 0.123425
0.704246 -0.040815 0.122228
0.704330 -0.040877 0.123728
0.705486 -0.037022 0.123501
0.704261 -0.034896 0.123001
0.715319 -0.037285 0.131001
0.704867 -0.032411 0.124493
0.705623 -0.029159 0.122321
0.709115 -0.030284 0.126325
0.705178 -0.023551 0.122332
0.709659 -0.023127 0.124719
0.705085 -0.019864 0.121701
0.705466 -0.015488 0.121175
0.705001 -0.010317 0.119103
0.705299 -0.009545 0.119847
0.705541 -0.005596 0.119470
0.705042 -0.004586 0.120461
0.704664 -0.002689 0.120174
0.703847 0.001045 0.118635
0.708787 -0.001730 0.124162
0.705737 0.003952 0.119909
0.704942 0.004207 0.120157
0.704656 0.003412 0.119915
0.708150 0.002636 0.124780
0.710124 0.004443 0.125231
0.703960 0.005825 0.120968
0.699526 0.004311 0.120238
0.702432 0.001431 0.123519
0.699795 0.005806 0.120951
0.700750 0.002728 0.123485
0.696999 0.005112 0.121213
0.695557 0.003829 0.120479
0.694049 0.006015 0.120013
0.691546 0.004210 0.119787
0.691629 0.004814 0.122199
0.691238 0.004047 0.121208
0.685724 0.006141 0.117728
0.687065 0.003865 0.121005
0.691747 0.003900 0.125314
0.684864 0.003738 0.121076
0.683651 0.004924 0.120968
0.691217 0.001287 0.128753
0.679657 0.007375 0.119822
0.678175 0.003415 0.120624
0.675080 0.004181 0.121092
0.673473 0.002923 0.119609
0.676494 0.001545 0.125013
0.670712 0.004529 0.120242
0.671177 0.000847 0.122839
0.676798 -0.000200 0.128090
0.665976 0.004462 0.120710
0.664966 0.003978 0.121464
0.668418 -0.001057 0.126197
0.660618 0.004343 0.119677
0.657834 0.003482 0.120684
0.658073 0.004277 0.120182
0.654535 0.004263 0.120567
0.657614 0.002267 0.122070
0.650795 0.005022 0.119529
0.652887 0.002532 0.121782
0.653282 0.001684 0.122750
0.647764 0.005348 0.118751
0.644654 0.003786 0.118251
0.644074 0.004882 0.117753
0.639723 0.003613 0.117326
0.640703 0.003321 0.118575
0.635363 0.003371 0.118526
0.635852 0.002284 0.118271
0.631240 0.002640 0.117803
0.634725 0.000724 0.121544
0.631833 0.000420 0.122078
0.625513 0.002331 0.117587
0.621489 0.003148 0.116487
0.619813 0.003689 0.116240
0.616456 0.002802 0.117079
0.617544 0.003350 0.117085
0.613400 0.002640 0.116762
0.616773 -0.000038 0.120993
0.612669 -0.000841 0.120005
0.613855 -0.000286 0.120761
0.605417 0.003532 0.117225
0.609259 -0.000200 0.120696
0.605820 0.000393 0.120090
0.602386 0.002227 0.117354
0.597664 0.002320 0.117747
0.596232 0.003642 0.117508
0.592356 0.002795 0.117189
0.591159 0.004107 0.118451
0.587789 0.003954 0.117018
0.591940 0.001074 0.120495
0.587323 0.004191 0.119270
0.585172 0.001130 0.119275
0.579787 0.003442 0.115043
0.581971 0.000967 0.120826
0.572732 0.003151 0.117363
0.576826 0.000294 0.120344
0.571826 0.004223 0.115371
0.569936 0.000638 0.119476
0.567631 0.003823 0.115997
0.568085 0.001463 0.119858
0.562569 0.003734 0.114873
0.561370 0.001630 0.118788
0.558843 0.003991 0.115554
0.554127 0.003809 0.115334
0.554408 0.004631 0.115591
0.549587 0.003604 0.113727
0.550132 0.003592 0.116977
0.546907 0.004164 0.114810
0.546672 0.003339 0.114804
0.541697 0.003241 0.114730
0.549746 0.000373 0.119963
0.538617 0.003628 0.113211
0.539426 0.002571 0.114454
0.540520 0.001921 0.118694
0.544597 -0.000812 0.121425
0.534183 0.002113 0.116065
0.534246 0.002940 0.115072
0.536061 0.001176 0.118907
0.530775 0.003310 0.115420
0.527261 0.003280 0.116059
0.533730 0.001761 0.120551
0.529318 0.000825 0.119125
0.532999 -0.000024 0.121870
0.525108 0.001138 0.119114
0.519788 0.003253 0.115377
0.521775 0.001226 0.120656
0.519751 0.001652 0.118158
0.517426 0.000746 0.120307
0.517899 0.002375 0.120565
0.515020 0.001268 0.120539
0.509502 0.004201 0.114050
0.508595 0.004885 0.115958
0.509575 0.004665 0.116958
0.505840 0.005048 0.115971
0.507911 0.001936 0.117714
0.508418 0.001630 0.119968
0.505185 0.004946 0.115721
0.506827 0.003281 0.117264
0.508218 0.001218 0.118764
0.505785 0.003971 0.116712
0.509841 0.001248 0.119964
0.503732 0.003657 0.116371
0.506906 0.001156 0.119122
0.504336 0.003755 0.119539
0.504109 0.003744 0.117790
0.505892 0.001906 0.120882
0.500700 0.004027 0.116630
0.498413 0.003465 0.116793
0.502828 0.001579 0.121294
0.497961 0.003101 0.117779
0.499815 0.003469 0.117780
0.497980 0.004154 0.117920
0.502241 0.002273 0.121417
0.499602 0.008293 0.117309
0.504655 0.005369 0.122803
0.500899 0.012203 0.119749
0.502113 0.013614 0.119504
0.503968 0.012169 0.122998
0.501748 0.015292 0.119010
0.503262 0.016030 0.122163
0.505238 0.016390 0.123664
0.499268 0.022120 0.118342
0.500742 0.027824 0.118363
0.503134 0.028199 0.121238
0.505083 0.028542 0.122488
0.500843 0.035851 0.119595
0.500669 0.035937 0.117845
0.501718 0.038071 0.118128
0.500645 0.037486 0.117626
0.500808 0.040436 0.117168
0.500943 0.041293 0.116421
0.500637 0.044385 0.117861
0.500841 0.045202 0.117864
0.502616 0.045461 0.120868
0.501482 0.048378 0.119628
0.500924 0.050699 0.119658
0.501239 0.052387 0.118664
0.500993 0.055843 0.119154
0.500948 0.055873 0.118654
0.501173 0.056675 0.118906
0.500866 0.059102 0.119134
0.501907 0.064129 0.119206
0.505138 0.061409 0.123699
0.501398 0.067678 0.120701
0.502659 0.065607 0.121198
0.505321 0.067897 0.123594
0.510696 0.067188 0.128092
0.500784 0.074675 0.119674
0.501306 0.077205 0.118421
0.501566 0.080377 0.120207
0.499732 0.080969 0.117957
0.504272 0.080752 0.122372
0.498739 0.085097 0.116863
0.503738 0.084961 0.122984
0.499552 0.087147 0.118978
0.503771 0.085282 0.123393
0.499291 0.090237 0.117622
0.502593 0.091615 0.121789
0.500468 0.098587 0.116500
0.503910 0.099165 0.122827
0.500816 0.101998 0.119061
0.501733 0.104841 0.120197
0.501668 0.104900 0.119447
0.502018 0.107689 0.121290
0.501039 0.108086 0.119287
0.504380 0.106424 0.124202
0.499970 0.107994 0.119440
0.500543 0.109895 0.119892
0.500311 0.109076 0.120154
0.501457 0.109940 0.118625
0.503083 0.106740 0.118671
0.503887 0.108446 0.118631
0.507301 0.105527 0.117923
0.509759 0.105484 0.121431
0.509064 0.106656 0.118911
0.509567 0.107026 0.118372
0.510843 0.105679 0.117896
0.513158 0.104903 0.121464
0.511888 0.107191 0.117166
0.520037 0.102104 0.124097
0.516160 0.107181 0.117232
0.524711 0.102811 0.126219
0.521759 0.104862 0.122671
0.524088 0.106310 0.120448
0.523710 0.105543 0.119221
0.527673 0.105600 0.120384
0.530822 0.105783 0.120203
0.533315 0.102898 0.124550
0.535907 0.103199 0.125039
0.533964 0.105016 0.123223
0.538994 0.104029 0.124272
0.537842 0.105499 0.122460
0.543077 0.103574 0.123974
0.542363 0.105783 0.121616
0.546361 0.104796 0.120893
0.547821 0.103962 0.121426
0.546343 0.104771 0.120144
0.552568 0.103622 0.123259
0.550863 0.105624 0.122160
0.554615 0.105652 0.121180
0.554599 0.105624 0.120431
0.561933 0.104498 0.124785
0.560740 0.104204 0.122814
0.562182 0.106680 0.122030
0.563749 0.104592 0.123641
0.565191 0.105398 0.120868
0.565182 0.105377 0.120369
0.568426 0.105877 0.120419
0.570428 0.104368 0.121488
0.571822 0.105514 0.120746
0.580647 0.103689 0.124896
0.575660 0.105416 0.120347
0.579033 0.105834 0.120327
0.580237 0.105977 0.121557
0.580233 0.105967 0.121307
0.583980 0.105842 0.121297
0.587077 0.104369 0.123846
0.588031 0.105723 0.121058
0.591107 0.104216 0.123609
0.591836 0.105647 0.122404
0.594939 0.102925 0.124764
0.594080 0.105988 0.121271
0.597786 0.102713 0.124900
0.597917 0.103547 0.123212
0.595443 0.105744 0.120378
0.599406 0.106903 0.121196
0.599398 0.106880 0.120446
0.602450 0.107528 0.120768
0.603062 0.106966 0.121537
0.605766 0.108035 0.120644
0.606378 0.107482 0.121913
0.609406 0.107924 0.120705
0.610003 0.108549 0.121680
0.612868 0.107330 0.121503
0.615256 0.106211 0.123780
0.616187 0.109190 0.121748
0.617972 0.106228 0.122333
0.621064 0.108392 0.121130
0.620461 0.106618 0.121685
0.624053 0.106991 0.121331
0.628766 0.103523 0.126410
0.628112 0.107413 0.121434
0.628692 0.105669 0.123727
0.635376 0.104129 0.126272
0.633027 0.105276 0.123251
0.636456 0.106228 0.123079
0.637042 0.105628 0.123340
0.644140 0.103495 0.126730
0.640638 0.105825 0.121441
0.648797 0.103204 0.125616
0.644734 0.107381 0.121549
0.649258 0.106915 0.122000
0.649838 0.106324 0.123259
0.653191 0.106874 0.121824
0.652577 0.106304 0.122834
0.659796 0.104031 0.125314
0.656904 0.107039 0.122276
0.663247 0.103573 0.125469
0.660356 0.106586 0.122435
0.663392 0.106030 0.123213
0.662197 0.106061 0.123213
0.662779 0.105468 0.124720
0.667304 0.107181 0.122848
0.670712 0.107000 0.123283
0.671291 0.106393 0.124038
0.674439 0.105683 0.123805
0.676134 0.102687 0.126579
0.677094 0.106040 0.122715
0.678250 0.104834 0.125474
0.680721 0.105750 0.123970
0.683601 0.102724 0.127990
0.683488 0.105969 0.125382
0.685761 0.102355 0.128404
0.689597 0.102182 0.128903
0.689562 0.100996 0.128909
0.689158 0.105392 0.125858
0.687957 0.105423 0.124107
0.687962 0.105426 0.125607
0.691935 0.105520 0.126891
0.695887 0.101513 0.130195
0.694183 0.104529 0.127433
0.698862 0.102370 0.130627
0.696539 0.104815 0.127118
0.699274 0.104435 0.129313
0.701321 0.103377 0.129237
0.700143 0.104611 0.126983
0.702669 0.104354 0.129100
0.704389 0.101321 0.131357
0.706284 0.101718 0.129997
0.707454 0.100497 0.131999
0.701698 0.104115 0.125691
0.701072 0.103529 0.125441
0.700468 0.104153 0.124690
0.704022 0.101273 0.127457
0.701575 0.106216 0.120449
