0.500656 -0.095031 0.117789
0.500874 -0.095216 0.117777
0.499997 -0.094430 0.118030
0.503010 -0.096222 0.120332
0.500134 -0.094733 0.117334
0.500166 -0.094934 0.116569
0.500133 -0.094091 0.116822
0.500263 -0.094259 0.117199
0.501221 -0.095040 0.117948
0.500145 -0.094270 0.117204
0.500197 -0.095111 0.117203
0.501142 -0.094942 0.118300
0.501121 -0.094944 0.118050
0.500200 -0.093922 0.116240
0.499380 -0.094813 0.115991
0.503163 -0.094566 0.118362
0.500493 -0.094713 0.116611
0.500623 -0.094597 0.117468
0.504307 -0.096071 0.120472
0.501623 -0.095400 0.117666
0.500696 -0.095452 0.116666
0.501446 -0.095388 0.116038
0.503255 -0.095296 0.117537
0.504168 -0.095167 0.117012
0.505837 -0.094258 0.117258
0.506140 -0.095000 0.117973
0.510551 -0.096487 0.120231
0.511732 -0.095417 0.119429
0.510888 -0.096290 0.118934
0.508100 -0.094741 0.115926
0.513925 -0.095893 0.119416
0.514544 -0.095570 0.118625
0.515450 -0.096372 0.119380
0.512553 -0.094699 0.115927
0.512519 -0.094708 0.115428
0.515234 -0.095796 0.118168
0.514328 -0.095830 0.117169
0.515144 -0.095424 0.117118
0.516002 -0.095411 0.117367
0.516895 -0.095806 0.117452
0.517720 -0.095808 0.117202
0.519522 -0.095560 0.117819
0.520300 -0.095582 0.116819
0.521678 -0.095416 0.116676
0.522563 -0.095401 0.117425
0.523887 -0.095300 0.117994
0.523872 -0.095306 0.117744
0.525268 -0.095055 0.116239
0.527423 -0.095463 0.118160
0.527336 -0.095500 0.116660
0.534077 -0.095226 0.121454
0.530655 -0.095210 0.119708
0.532145 -0.094968 0.118664
0.536522 -0.094952 0.122909
0.533599 -0.093862 0.117284
0.534510 -0.094678 0.119042
0.537856 -0.093447 0.120795
0.540465 -0.094270 0.123801
0.539682 -0.093950 0.118971
0.539695 -0.093945 0.119221
0.541504 -0.095492 0.119228
0.543218 -0.094684 0.119722
0.544292 -0.094506 0.118816
0.545117 -0.094529 0.118566
0.546254 -0.095253 0.119154
0.546285 -0.094412 0.119399
0.551861 -0.094945 0.122592
0.549200 -0.094969 0.118843
0.550412 -0.095788 0.118436
0.550388 -0.095799 0.117936
0.551514 -0.095892 0.117720
0.552383 -0.096724 0.118722
0.558013 -0.095923 0.121759
0.554555 -0.095917 0.119009
0.555522 -0.095865 0.117322
0.555509 -0.095871 0.117072
0.555530 -0.096694 0.117823
0.556607 -0.095881 0.116591
0.562730 -0.095865 0.121227
0.559264 -0.095866 0.118476
0.564569 -0.096939 0.121248
0.561054 -0.095300 0.116997
0.566152 -0.096101 0.120863
0.561802 -0.094448 0.116863
0.563475 -0.096366 0.117255
0.563481 -0.095526 0.117257
0.568540 -0.097227 0.121349
0.566744 -0.095599 0.118351
0.572072 -0.096071 0.121162
0.568628 -0.094421 0.118663
0.573732 -0.094950 0.120742
0.574591 -0.095776 0.121491
0.573043 -0.095708 0.118558
0.573914 -0.095699 0.119309
0.580797 -0.095665 0.122497
0.576456 -0.096564 0.118242
0.581696 -0.095576 0.121921
0.581693 -0.096410 0.121920
0.579898 -0.095649 0.119007
0.584201 -0.095606 0.122259
0.581638 -0.095491 0.119685
0.581555 -0.095527 0.117685
0.583495 -0.095400 0.120204
0.582646 -0.095402 0.119953
0.587845 -0.096098 0.123239
0.584310 -0.095337 0.118489
0.585818 -0.096106 0.118426
0.585832 -0.095258 0.118677
0.588280 -0.095926 0.118508
0.592604 -0.095040 0.121760
0.591320 -0.096669 0.118528
0.594822 -0.095762 0.122528
0.593295 -0.096416 0.118914
0.597587 -0.096377 0.121665
0.594971 -0.096290 0.118752
0.597552 -0.097103 0.120502
0.599541 -0.096289 0.119575
0.596942 -0.096325 0.117574
0.597774 -0.096380 0.117974
0.602094 -0.097148 0.121224
0.604036 -0.097219 0.121371
0.601420 -0.096446 0.118621
0.601512 -0.096448 0.117812
0.602313 -0.095617 0.116815
0.606916 -0.096340 0.120859
0.604305 -0.096412 0.118357
0.606113 -0.095533 0.118435
0.609595 -0.096274 0.121685
0.608941 -0.096403 0.119518
0.613216 -0.096292 0.122022
0.610840 -0.095622 0.118691
0.611650 -0.095625 0.117691
0.614007 -0.095552 0.118147
0.613190 -0.094705 0.119400
0.615078 -0.094645 0.118866
0.615113 -0.094629 0.119866
0.617870 -0.094315 0.118063
0.616217 -0.095187 0.118558
0.618640 -0.094949 0.117581
0.619553 -0.094896 0.119581
0.620720 -0.094742 0.120048
0.620744 -0.095579 0.120295
0.622330 -0.096240 0.119332
0.626632 -0.095242 0.123086
0.628304 -0.095157 0.122222
0.629174 -0.095965 0.122972
0.625541 -0.095132 0.116434
0.627343 -0.095033 0.119685
0.627660 -0.095855 0.120042
0.631926 -0.095742 0.122043
0.630899 -0.095908 0.119541
0.630041 -0.096784 0.118791
0.633337 -0.095685 0.120976
0.633345 -0.095678 0.121226
0.634023 -0.096431 0.119378
0.634915 -0.095534 0.121128
0.637595 -0.095665 0.121484
0.638873 -0.095648 0.121077
0.642299 -0.095569 0.123578
0.638851 -0.095668 0.120327
0.643760 -0.095339 0.123873
0.644405 -0.096095 0.122559
0.646967 -0.096044 0.124560
0.643465 -0.096202 0.118809
0.646209 -0.095266 0.120590
0.645332 -0.096136 0.119592
0.647928 -0.096058 0.121497
0.648783 -0.096049 0.121998
0.654119 -0.096174 0.124598
0.649822 -0.096268 0.120596
0.654973 -0.097057 0.124348
0.653269 -0.097361 0.120603
0.657568 -0.097231 0.124606
0.658412 -0.097220 0.124856
0.656762 -0.097504 0.121105
0.658570 -0.097747 0.120973
0.659403 -0.096885 0.120976
0.660432 -0.097924 0.119123
0.664740 -0.097720 0.123880
0.663355 -0.097172 0.120114
0.667666 -0.097806 0.124866
0.664216 -0.097135 0.120865
0.668924 -0.097081 0.123344
0.666373 -0.098054 0.120838
0.672227 -0.097180 0.124232
0.667086 -0.097425 0.119977
0.669219 -0.097639 0.120120
0.669161 -0.096819 0.118624
0.676056 -0.096737 0.123902
0.672976 -0.096884 0.121427
0.677261 -0.096664 0.124930
0.675387 -0.097027 0.120417
0.680534 -0.096757 0.124670
0.676562 -0.097229 0.119738
0.681709 -0.096081 0.125245
0.684112 -0.097051 0.126676
0.685768 -0.096124 0.127680
0.681746 -0.096540 0.122918
0.680828 -0.095757 0.121421
0.682816 -0.096779 0.120996
0.682845 -0.096755 0.122246
0.682795 -0.095916 0.121750
0.683712 -0.095978 0.121647
0.687214 -0.096597 0.125145
0.686421 -0.096863 0.122226
0.686367 -0.096022 0.121729
0.690912 -0.096922 0.125099
0.689387 -0.096379 0.121569
0.690003 -0.096582 0.121059
0.690881 -0.096515 0.122059
0.690875 -0.096519 0.121809
0.696148 -0.096243 0.123633
0.692633 -0.095645 0.120885
0.694408 -0.096249 0.121786
0.693516 -0.096329 0.120285
0.701448 -0.095711 0.127177
0.696309 -0.096971 0.121921
0.697081 -0.095987 0.120836
0.697999 -0.096779 0.121334
0.701030 -0.097344 0.123831
0.700097 -0.096572 0.122583
0.701812 -0.096549 0.123602
0.700020 -0.096725 0.120351
0.703630 -0.097329 0.124121
0.702559 -0.097382 0.123708
0.701527 -0.095781 0.121210
0.702235 -0.095831 0.121782
0.707486 -0.095417 0.126785
0.702439 -0.091691 0.122314
0.706047 -0.092272 0.127064
0.702412 -0.091701 0.121564
0.701636 -0.088873 0.120442
0.700726 -0.088936 0.119192
0.705303 -0.088061 0.124630
0.702597 -0.087381 0.122130
0.708868 -0.088268 0.127194
0.711371 -0.087258 0.127695
0.701906 -0.081198 0.118652
0.703691 -0.077775 0.121325
0.702761 -0.076975 0.121078
0.702764 -0.075503 0.121135
0.707250 -0.076080 0.124631
0.703586 -0.072647 0.122789
0.708135 -0.074075 0.126531
0.702731 -0.072713 0.122789
0.706829 -0.070043 0.125966
0.702121 -0.068543 0.119475
0.710279 -0.067027 0.127915
0.702117 -0.065748 0.119923
0.702946 -0.063805 0.120883
0.702959 -0.063810 0.121133
0.706463 -0.060811 0.124732
0.702008 -0.061879 0.119979
0.703440 -0.058490 0.121403
0.702481 -0.057676 0.120653
0.702966 -0.053339 0.121205
0.702066 -0.052547 0.121455
0.707788 -0.051453 0.126283
0.702716 -0.049294 0.120874
0.702744 -0.049307 0.121374
0.703113 -0.048069 0.120770
0.702228 -0.047262 0.121016
0.706228 -0.045698 0.124115
0.701682 -0.044085 0.120352
0.704774 -0.043540 0.122793
0.702126 -0.042762 0.121784
0.706085 -0.041065 0.125558
0.702431 -0.039395 0.122042
0.703215 -0.039333 0.120793
0.702481 -0.037941 0.120774
0.704275 -0.034450 0.122423
0.704209 -0.033576 0.121667
0.704335 -0.031198 0.121659
0.707968 -0.033738 0.124679
0.703649 -0.028522 0.121173
0.703607 -0.028502 0.120423
0.702938 -0.024273 0.118498
0.703902 -0.025160 0.120005
0.708741 -0.025055 0.124223
0.703380 -0.022471 0.120451
0.703846 -0.020026 0.120696
0.709205 -0.022639 0.124718
0.703456 -0.018323 0.120792
0.709660 -0.020109 0.125060
0.713512 -0.018882 0.127866
0.703727 -0.015254 0.119330
0.704475 -0.011338 0.120615
0.703517 -0.010417 0.118856
0.706511 -0.009268 0.122430
0.704688 -0.009183 0.120429
0.709713 -0.007805 0.124863
0.703497 -0.005829 0.119841
0.703897 -0.004375 0.117991
0.703038 -0.004354 0.117990
0.702561 -0.002945 0.117543
0.703523 -0.003888 0.119554
0.706445 -0.002039 0.122915
0.701904 -0.000895 0.118150
0.704838 0.000323 0.119635
0.703094 0.000406 0.119133
0.706075 0.000405 0.123023
0.703371 0.001452 0.120008
0.705479 0.003389 0.122017
0.703692 0.004385 0.120003
0.704658 0.006238 0.118215
0.707390 0.004267 0.122742
0.705826 0.003910 0.123050
0.700543 0.004290 0.120291
0.703355 0.003429 0.122080
0.701764 0.002975 0.123730
0.697252 0.002474 0.120984
0.700813 0.002956 0.124446
0.699931 0.003028 0.123945
0.697795 0.004031 0.124126
0.692360 0.002779 0.121644
0.691118 0.004282 0.120436
0.690187 0.002652 0.121206
0.689421 0.004190 0.121883
0.687597 0.003497 0.121393
0.686241 0.003118 0.121852
0.685142 0.002347 0.120113
0.682911 0.002869 0.121604
0.681878 0.002100 0.120614
0.680534 0.003176 0.119668
0.678708 0.001654 0.120189
0.680795 0.002624 0.122686
0.675151 0.001454 0.119212
0.676772 0.003146 0.122477
0.673697 0.000877 0.120262
0.674694 0.001723 0.122690
0.670132 0.002193 0.119694
0.671972 0.001977 0.122940
0.668286 0.002364 0.120194
0.670177 0.003378 0.123200
0.666157 0.002088 0.119477
0.664041 0.002222 0.119170
0.664035 0.001398 0.120182
0.661916 0.002386 0.119832
0.660713 0.001625 0.117846
0.659694 0.002350 0.119840
0.661478 0.001300 0.121851
0.661041 0.002534 0.123691
0.652740 0.002048 0.117026
0.655703 0.002544 0.119511
0.651758 0.001336 0.117038
0.652368 0.002585 0.119921
0.645215 0.003528 0.116711
0.648055 0.003168 0.119209
0.641639 0.002333 0.118104
0.645377 0.001855 0.121102
0.640529 0.001604 0.117114
0.640122 0.002620 0.119915
0.637233 0.002149 0.118174
0.632285 0.001650 0.116949
0.631470 0.001790 0.117199
0.632552 0.001435 0.121594
0.627571 0.001170 0.116853
0.624376 0.001433 0.117073
0.623596 0.001578 0.117574
0.619614 0.001092 0.116925
0.618449 0.001182 0.114676
0.621231 0.000645 0.121450
0.615415 0.001333 0.115951
0.618166 0.000620 0.120986
0.611426 0.001429 0.114986
0.608434 0.001416 0.116582
0.613278 0.000850 0.121083
0.605426 0.000334 0.117426
0.605590 0.001183 0.117675
0.601662 0.001047 0.119450
0.597263 0.000897 0.117379
0.601137 0.000463 0.120882
0.596305 0.001008 0.116628
0.592646 0.000763 0.116501
0.593887 0.002345 0.117503
0.594351 0.000990 0.120923
0.590157 0.001391 0.115169
0.590313 0.000823 0.118702
0.587562 0.001160 0.117201
0.584115 0.001055 0.116803
0.585604 0.000487 0.121744
0.580743 0.001850 0.116242
0.582357 0.000703 0.120930
0.584202 0.000481 0.122181
0.575130 0.001401 0.117212
0.579087 0.000970 0.121463
0.572017 0.001394 0.116605
0.576790 0.000007 0.121606
0.570120 0.000794 0.116105
0.571143 0.001387 0.120542
0.568204 0.000905 0.118544
0.568815 0.000701 0.120459
0.563013 0.000588 0.116214
0.560648 0.000900 0.116593
0.558739 0.000327 0.116098
0.559578 0.000019 0.119592
0.554922 0.000672 0.116596
0.556423 0.000234 0.120838
0.548508 0.000994 0.116246
0.553447 0.000348 0.121240
0.544081 0.001040 0.115199
0.548852 0.000358 0.118943
0.545942 0.001165 0.119753
0.539989 0.001149 0.114765
0.546958 0.001038 0.121002
0.535561 0.001299 0.113982
0.538375 0.000741 0.120595
0.531463 0.001684 0.113851
0.532583 0.001561 0.115600
0.529915 0.001574 0.115979
0.529683 0.000727 0.115483
0.525473 0.002013 0.114670
0.526587 0.001889 0.116419
0.526669 0.001303 0.118464
0.521901 0.001995 0.114716
0.523246 0.000338 0.118371
0.518819 0.002693 0.114867
0.517306 0.001432 0.116810
0.515124 0.001677 0.113559
0.515956 0.001038 0.117623
0.510555 0.001891 0.113991
0.513236 0.000662 0.115993
0.509252 0.002204 0.115517
0.511959 0.000990 0.117771
0.510020 0.002064 0.115019
0.509054 0.000509 0.116628
0.505820 0.002819 0.114463
0.504478 0.003122 0.115640
0.504356 0.002285 0.115634
0.505457 0.003007 0.116642
0.504735 0.003075 0.115883
0.503105 0.002729 0.115732
0.503930 0.001785 0.116478
0.503318 0.003568 0.116489
0.501090 0.002369 0.116787
0.501255 0.002374 0.118037
0.499523 0.002044 0.117129
0.497227 0.002809 0.116965
0.501672 0.000660 0.120717
0.495684 0.002420 0.116362
0.497421 0.001395 0.117611
0.496238 0.001337 0.118243
0.501683 0.000794 0.122012
0.499984 0.000281 0.119670
0.497342 0.001375 0.117669
0.498387 0.002122 0.118680
0.497597 0.002528 0.119232
0.497687 0.003360 0.119240
0.497587 0.004674 0.117893
0.498796 0.007926 0.118177
0.499042 0.010383 0.117944
0.498193 0.013013 0.115465
0.501017 0.012110 0.119750
0.497253 0.016587 0.117431
0.498402 0.018143 0.118947
0.499529 0.018245 0.120456
0.501367 0.018893 0.121465
0.498906 0.022540 0.118484
0.497877 0.025491 0.117951
0.496903 0.027923 0.116590
0.501294 0.025732 0.120587
0.496516 0.033695 0.117009
0.497504 0.034422 0.117765
0.496739 0.037903 0.117039
0.500345 0.036592 0.120789
0.497070 0.042254 0.116728
0.499824 0.040135 0.121225
0.497161 0.042206 0.117728
0.501820 0.043329 0.122712
0.497238 0.052474 0.118004
0.499718 0.049576 0.120502
0.496444 0.052531 0.118504
0.496746 0.058025 0.116892
0.500999 0.053969 0.121642
0.496415 0.060725 0.117262
0.499660 0.062510 0.120462
0.496279 0.064716 0.117958
0.501136 0.066070 0.120792
0.501096 0.066099 0.120292
0.501041 0.070220 0.120757
0.497461 0.071719 0.116753
0.502662 0.072814 0.122427
0.497669 0.077124 0.117413
0.503644 0.076766 0.123235
0.496662 0.079760 0.116728
0.499018 0.080667 0.118119
0.497200 0.080088 0.117877
0.497216 0.084131 0.118058
0.497194 0.084146 0.117808
0.497302 0.087058 0.118450
0.504186 0.083977 0.124709
0.498728 0.090223 0.119168
0.498081 0.095403 0.118731
0.499051 0.099108 0.119621
0.499317 0.100796 0.119353
0.499172 0.103327 0.120784
0.504884 0.099466 0.125555
0.498121 0.106824 0.119318
0.499190 0.107428 0.120307
0.500090 0.111653 0.119337
0.499653 0.110092 0.117857
0.499117 0.110884 0.118430
0.499556 0.108136 0.119711
0.499700 0.109284 0.118080
0.500479 0.109155 0.117328
0.501534 0.108617 0.118456
0.502124 0.107658 0.117464
0.503892 0.109482 0.118818
0.505691 0.106567 0.116092
0.509111 0.105520 0.120693
0.507173 0.106032 0.116194
0.510498 0.107605 0.117371
0.511752 0.105606 0.116386
0.515602 0.104118 0.119929
0.517793 0.106248 0.119651
0.520209 0.106241 0.117690
0.523225 0.103796 0.119454
0.527357 0.102848 0.122816
0.528207 0.105234 0.119501
0.530345 0.102961 0.121767
0.529693 0.103994 0.120758
0.534609 0.103667 0.122665
0.533944 0.104718 0.120406
0.539212 0.104417 0.122932
0.536684 0.105095 0.119186
0.539736 0.106572 0.118321
0.543460 0.106423 0.119276
0.542416 0.105837 0.119291
0.545516 0.106548 0.120634
0.544645 0.106799 0.117886
0.548121 0.107419 0.119516
0.552795 0.105160 0.124013
0.549772 0.106930 0.121260
0.556076 0.105628 0.124691
0.552567 0.105800 0.120965
0.555022 0.105783 0.120469
0.556076 0.106341 0.120452
0.559259 0.105984 0.119697
0.562017 0.106742 0.117829
0.565014 0.104913 0.121080
0.566333 0.106834 0.120170
0.570092 0.104742 0.123167
0.569880 0.106308 0.119702
0.572036 0.104730 0.122705
0.572643 0.106744 0.119392
0.576116 0.103828 0.122900
0.573449 0.106477 0.120139
0.579137 0.104293 0.122724
0.576212 0.106160 0.119975
0.584533 0.104001 0.123769
0.580842 0.106150 0.121273
0.583291 0.106701 0.120723
0.583285 0.106698 0.119973
0.591445 0.103604 0.125134
0.586471 0.107121 0.120384
0.593160 0.104513 0.122583
0.589990 0.105637 0.120096
0.597354 0.103536 0.123866
0.593187 0.106811 0.118366
0.599920 0.104186 0.122493
0.596554 0.107210 0.118240
0.599936 0.108402 0.120258
0.600723 0.108099 0.120254
0.604049 0.108532 0.119495
0.607723 0.107762 0.120872
0.614981 0.106688 0.124712
0.609984 0.107814 0.119010
0.613712 0.107173 0.120519
0.614155 0.106071 0.121028
0.621597 0.104951 0.124183
0.617308 0.107701 0.120951
0.621537 0.107920 0.120789
0.620753 0.108244 0.119294
0.628085 0.106147 0.124123
0.623442 0.108138 0.119152
0.627702 0.108125 0.120101
0.632069 0.103501 0.125104
0.630765 0.106937 0.119754
0.631103 0.107703 0.118994
0.636101 0.108406 0.120622
0.636445 0.109188 0.121614
0.642527 0.107512 0.123603
0.640987 0.108166 0.120859
0.650171 0.104002 0.125761
0.644385 0.107447 0.121276
0.651993 0.107023 0.124137
0.648157 0.108725 0.120399
0.655033 0.105581 0.124927
0.650786 0.108400 0.119183
0.655597 0.108122 0.120916
0.655239 0.107362 0.121673
0.662597 0.107628 0.124100
0.659553 0.109051 0.120858
0.663447 0.109054 0.120196
0.662683 0.109423 0.119948
0.668550 0.106423 0.123563
0.668879 0.107330 0.120760
0.672266 0.104709 0.124506
0.668122 0.107714 0.120513
0.676335 0.104543 0.127170
0.679293 0.102989 0.127908
0.679351 0.103901 0.126299
0.674887 0.106250 0.121571
0.678928 0.106290 0.124054
0.678178 0.106682 0.122559
0.684204 0.103592 0.125517
0.681003 0.106441 0.123026
0.683340 0.106026 0.122728
0.683335 0.106020 0.122478
0.691225 0.102975 0.126000
0.686977 0.105706 0.123030
0.695042 0.103392 0.127566
0.687998 0.105062 0.123428
0.695595 0.103147 0.126477
0.689063 0.105659 0.122822
0.691393 0.105210 0.123728
0.687677 0.105918 0.123801
0.693946 0.103678 0.126572
0.697202 0.102384 0.129772
0.691977 0.105357 0.127285
0.688060 0.107277 0.124837
0.690276 0.104594 0.127593
0.687639 0.105733 0.125168
0.688523 0.106110 0.125842
0.692475 0.104166 0.129799
0.687845 0.106139 0.126291
0.692345 0.103544 0.129008
0.686771 0.107452 0.124828
0.688924 0.105918 0.129074
0.687592 0.107097 0.124366
0.692921 0.105231 0.132067
0.694525 0.104599 0.128219
0.694346 0.105692 0.125696
0.696852 0.104751 0.125752
0.700596 0.103801 0.128472
0.697936 0.105934 0.124210
0.699894 0.105482 0.122824
0.699883 0.105473 0.122574
0.705081 0.103114 0.126508
0.702564 0.106111 0.123681
0.706411 0.102780 0.126971
0.704110 0.105666 0.123862
0.707956 0.102337 0.126658
0.702414 0.105553 0.121964
0.708202 0.101819 0.127022
0.703112 0.105036 0.123722
0.707324 0.102328 0.124881
0.701624 0.104884 0.122078
0.707097 0.102157 0.125458
0.705532 0.103982 0.122666
0.702843 0.106121 0.121122
0.705270 0.102439 0.122272
0.701674 0.106250 0.118956
