0.509018 -0.094586 0.113632
0.505353 -0.095400 0.111860
0.504643 -0.095338 0.113102
0.505654 -0.093696 0.111210
0.504877 -0.095363 0.113264
0.505163 -0.093669 0.113127
0.508632 -0.096057 0.115497
0.505039 -0.095317 0.112557
0.505326 -0.094190 0.111790
0.506212 -0.094353 0.112275
0.505393 -0.094997 0.112832
0.506262 -0.094194 0.111370
0.505700 -0.093774 0.111697
0.505628 -0.093721 0.110699
0.505658 -0.095213 0.112241
0.506768 -0.093641 0.112564
0.505439 -0.093689 0.112265
0.506576 -0.092134 0.113082
0.505636 -0.094176 0.113384
0.509272 -0.093843 0.115127
0.506535 -0.092788 0.113137
0.505584 -0.091693 0.110185
0.505280 -0.093636 0.112162
0.506332 -0.092015 0.111967
0.509772 -0.094300 0.113523
0.507090 -0.093936 0.111798
0.510518 -0.093591 0.112991
0.510504 -0.093583 0.112741
0.508839 -0.093327 0.111868
0.512778 -0.092869 0.113126
0.510090 -0.093413 0.112872
0.509202 -0.093298 0.112378
0.513109 -0.092773 0.114138
0.513609 -0.093420 0.114861
0.510096 -0.092961 0.113125
0.510139 -0.092975 0.113875
0.511341 -0.093753 0.113271
0.510113 -0.092445 0.112142
0.514422 -0.093890 0.114873
0.511296 -0.093218 0.112538
0.515784 -0.092961 0.114541
0.512871 -0.092944 0.112030
0.513861 -0.092211 0.112285
0.514467 -0.092003 0.111915
0.514441 -0.092000 0.111415
0.518398 -0.093086 0.113757
0.515556 -0.093553 0.110503
0.518264 -0.092755 0.110783
0.519328 -0.092034 0.112534
0.524518 -0.093251 0.113445
0.522494 -0.091551 0.111816
0.524177 -0.091823 0.111318
0.526659 -0.093077 0.113071
0.527369 -0.091842 0.112444
0.532200 -0.093802 0.114937
0.528727 -0.093264 0.112432
0.536613 -0.093227 0.114336
0.532195 -0.093389 0.112832
0.534003 -0.092441 0.111481
0.534020 -0.092439 0.111981
0.535854 -0.093249 0.112878
0.537683 -0.092682 0.112629
0.539645 -0.092612 0.112197
0.542740 -0.092695 0.111310
0.546295 -0.092397 0.112063
0.541729 -0.093411 0.110560
0.544765 -0.092790 0.112121
0.544758 -0.092791 0.111871
0.550575 -0.092518 0.113002
0.548051 -0.093267 0.109419
0.553367 -0.093232 0.112423
0.550324 -0.092082 0.109774
0.556332 -0.093048 0.112278
0.552886 -0.093839 0.110545
0.554740 -0.093267 0.111045
0.557964 -0.092513 0.111489
0.558077 -0.091670 0.110238
0.560059 -0.092576 0.111059
0.561888 -0.092016 0.110559
0.563397 -0.091825 0.110862
0.568637 -0.091846 0.111865
0.566546 -0.091000 0.109540
0.569817 -0.092427 0.111295
0.573605 -0.091463 0.111844
0.566640 -0.091139 0.109339
0.569030 -0.091860 0.110027
0.576822 -0.091747 0.111792
0.573155 -0.092836 0.112043
0.579735 -0.092652 0.113615
0.573803 -0.091622 0.111609
0.578044 -0.091022 0.111619
0.583135 -0.091900 0.114124
0.579339 -0.090823 0.112351
0.583525 -0.091571 0.110605
0.584616 -0.093024 0.111580
0.581372 -0.091601 0.111079
0.586855 -0.092231 0.112892
0.582563 -0.091534 0.109892
0.585375 -0.092378 0.110604
0.588937 -0.092077 0.112603
0.590925 -0.092250 0.113276
0.587467 -0.091716 0.109779
0.590071 -0.091059 0.109776
0.589108 -0.091775 0.110524
0.591352 -0.091755 0.110501
0.594896 -0.091437 0.111500
0.592741 -0.091432 0.109170
0.592643 -0.092280 0.110417
0.599022 -0.092727 0.112486
0.598029 -0.093443 0.111734
0.595461 -0.091835 0.110438
0.599727 -0.092497 0.111434
0.600873 -0.093213 0.110084
0.601857 -0.092497 0.110085
0.599806 -0.091863 0.108258
0.605426 -0.091383 0.111005
0.602050 -0.089992 0.107007
0.607437 -0.092212 0.107672
0.604104 -0.090808 0.105671
0.609496 -0.091072 0.107437
0.605194 -0.091198 0.110686
0.608680 -0.091245 0.110864
0.609541 -0.091385 0.111364
0.610261 -0.091030 0.109202
0.611990 -0.091316 0.110454
0.614720 -0.090505 0.109578
0.617996 -0.091938 0.111838
0.616229 -0.091088 0.110030
0.619648 -0.091688 0.112036
0.619923 -0.092105 0.110470
0.620052 -0.091277 0.108965
0.622435 -0.091113 0.109994
0.625832 -0.091740 0.111000
0.623914 -0.091044 0.108534
0.627350 -0.091655 0.111291
0.625226 -0.091671 0.111373
0.631800 -0.092306 0.113343
0.627480 -0.091557 0.108586
0.629439 -0.092106 0.110141
0.632008 -0.092569 0.111644
0.635211 -0.092514 0.110373
0.632487 -0.092896 0.109373
0.634486 -0.093022 0.109446
0.635520 -0.092317 0.110695
0.637969 -0.090822 0.110381
0.637794 -0.091678 0.109380
0.643981 -0.092571 0.112737
0.641413 -0.092131 0.110989
0.642675 -0.092005 0.110225
0.643549 -0.092146 0.111474
0.644925 -0.091179 0.109967
0.647494 -0.091611 0.110964
0.647981 -0.092333 0.112725
0.650391 -0.092458 0.112618
0.649662 -0.091471 0.111623
0.652229 -0.091889 0.112620
0.651275 -0.091476 0.110797
0.653853 -0.091892 0.112043
0.652423 -0.092146 0.109901
0.657867 -0.093560 0.111758
0.655430 -0.092291 0.110514
0.660179 -0.092827 0.111733
0.657622 -0.092395 0.111483
0.660129 -0.093603 0.109855
0.660108 -0.093613 0.108855
0.666570 -0.093640 0.112666
0.663994 -0.093208 0.110665
0.666789 -0.092373 0.111787
0.672382 -0.093303 0.111763
0.668977 -0.092704 0.111261
0.678202 -0.095096 0.115953
0.671533 -0.093108 0.111451
0.677975 -0.094064 0.114484
0.675634 -0.092675 0.112733
0.675597 -0.092682 0.110733
0.683044 -0.093628 0.113164
0.678904 -0.092068 0.110670
0.683194 -0.092428 0.112527
0.687318 -0.093973 0.116020
0.684440 -0.092291 0.111476
0.685302 -0.092432 0.112225
0.688811 -0.092601 0.111662
0.687824 -0.093311 0.112162
0.693492 -0.094106 0.114550
0.688501 -0.092428 0.112062
0.696316 -0.092356 0.115793
0.691062 -0.092383 0.113551
0.696165 -0.092817 0.112023
0.696681 -0.091832 0.111147
0.699139 -0.093090 0.113636
0.695678 -0.092553 0.110395
0.703127 -0.094221 0.115571
0.698111 -0.092580 0.112339
0.700642 -0.091659 0.112148
0.704938 -0.092320 0.114637
0.705465 -0.092191 0.115266
0.703603 -0.092778 0.113266
0.708290 -0.094015 0.114904
0.707110 -0.093680 0.112411
0.706264 -0.093549 0.112913
0.707672 -0.093677 0.113610
0.709385 -0.093930 0.113855
0.707173 -0.093450 0.112065
0.709935 -0.092973 0.115062
0.703971 -0.092590 0.112724
0.709393 -0.091615 0.113967
0.703036 -0.091263 0.111911
0.708048 -0.090767 0.113493
0.704642 -0.089422 0.111264
0.703886 -0.088441 0.111024
0.705182 -0.087998 0.110563
0.705235 -0.088013 0.111813
0.704462 -0.087943 0.110643
0.703052 -0.085110 0.109916
0.704933 -0.085493 0.110573
0.704310 -0.083649 0.110582
0.708472 -0.084370 0.113525
0.703470 -0.081885 0.111282
0.704354 -0.080202 0.110584
0.704360 -0.077531 0.109571
0.704372 -0.077535 0.109821
0.703387 -0.074537 0.110458
0.703520 -0.073678 0.110456
0.703500 -0.071148 0.109323
0.702626 -0.071005 0.109070
0.703325 -0.068490 0.111950
0.706620 -0.070815 0.115219
0.704537 -0.066217 0.109591
0.703779 -0.065198 0.108835
0.703169 -0.059788 0.110060
0.703776 -0.061660 0.110569
0.702890 -0.055840 0.110988
0.702194 -0.053902 0.108981
0.701632 -0.051451 0.109876
0.702855 -0.046736 0.109886
0.702156 -0.045768 0.110386
0.703988 -0.042996 0.110226
0.705815 -0.043366 0.112225
0.704052 -0.038643 0.111877
0.702342 -0.037406 0.109881
0.701561 -0.033837 0.109841
0.702592 -0.033149 0.110593
0.705938 -0.031455 0.113318
0.703596 -0.028335 0.110829
0.706207 -0.026787 0.112265
0.703824 -0.024617 0.111271
0.708079 -0.023087 0.113868
0.712485 -0.021179 0.118317
0.703784 -0.017614 0.109814
0.705331 -0.013123 0.111193
0.704629 -0.012164 0.111691
0.709025 -0.012991 0.113949
0.703837 -0.005600 0.110158
0.703572 -0.002339 0.109855
0.704521 -0.001542 0.108854
0.704057 0.001744 0.108797
0.703272 0.002853 0.107536
0.703170 0.006262 0.109356
0.703114 0.005271 0.111115
0.702882 0.007716 0.110590
0.701343 0.007655 0.101330
0.701166 0.010995 0.093796
0.703489 0.007851 0.111126
0.709277 0.010976 0.113066
0.707029 0.008815 0.112844
0.703151 0.013228 0.096229
0.709060 0.011288 0.112860
0.702107 0.010741 0.092632
0.702173 0.012886 0.088939
0.699315 0.008063 0.094103
0.700447 0.010644 0.092886
0.702839 0.009234 0.110268
0.700054 0.009995 0.110990
0.701499 0.008661 0.112095
0.698365 0.010039 0.108816
0.700103 0.006796 0.111067
0.700994 0.009637 0.112358
0.694714 0.008088 0.109082
0.695763 0.009184 0.111204
0.693559 0.006229 0.109894
0.693889 0.009116 0.108489
0.693937 0.009161 0.111109
0.690766 0.006681 0.109780
0.696544 0.006421 0.114959
0.688643 0.005667 0.110914
0.691480 0.005402 0.112763
0.684360 0.005110 0.110483
0.687264 0.004852 0.113088
0.680561 0.005088 0.109248
0.678796 0.005902 0.112699
0.675081 0.003564 0.109384
0.672024 0.003852 0.110398
0.670563 0.001763 0.110876
0.668406 0.003792 0.110877
0.667101 0.003514 0.110134
0.663821 0.004896 0.108986
0.662001 0.003994 0.108562
0.660219 0.005663 0.110021
0.659545 0.004874 0.109096
0.657535 0.008019 0.107928
0.659090 0.007112 0.109815
0.655646 0.009205 0.108635
0.651235 0.006871 0.107064
0.652340 0.009431 0.110282
0.643893 0.009002 0.106202
0.643247 0.009586 0.106132
0.639560 0.011136 0.105136
0.639702 0.009986 0.106004
0.634009 0.010648 0.103923
0.636131 0.010248 0.105756
0.635402 0.010409 0.107458
0.629520 0.009507 0.105169
0.631799 0.010194 0.107448
0.628853 0.009671 0.108439
0.624837 0.010371 0.105515
0.623540 0.007901 0.105437
0.619964 0.008773 0.105476
0.619335 0.008168 0.105509
0.616131 0.008380 0.106500
0.615425 0.007735 0.106030
0.612950 0.008720 0.107882
0.610431 0.008116 0.108961
0.609649 0.007441 0.107984
0.603769 0.008578 0.107435
0.603508 0.008434 0.105684
0.598467 0.008445 0.106436
0.598904 0.007726 0.105484
0.595970 0.008213 0.105940
0.595896 0.008174 0.105439
0.591092 0.008456 0.104312
0.590479 0.006710 0.105132
0.591040 0.007075 0.108043
0.584671 0.008128 0.107849
0.583290 0.007668 0.109836
0.581426 0.008354 0.109267
0.581602 0.008914 0.111201
0.577856 0.008224 0.106632
0.577289 0.008186 0.109998
0.574086 0.007741 0.109186
0.572906 0.008133 0.109871
0.574089 0.008034 0.109650
0.571493 0.007198 0.111364
0.565579 0.007869 0.108017
0.564320 0.007939 0.107737
0.564507 0.008139 0.110547
0.561720 0.008181 0.107983
0.558213 0.007037 0.107934
0.558320 0.007073 0.108686
0.556349 0.007230 0.108881
0.554478 0.006735 0.108842
0.553699 0.006195 0.110310
0.551416 0.007957 0.106256
0.546909 0.007426 0.106849
0.548099 0.007364 0.106626
0.545348 0.006556 0.106888
0.550358 0.005977 0.112757
0.539547 0.007451 0.106752
0.544088 0.006806 0.108858
0.537595 0.006774 0.107552
0.538825 0.007983 0.107618
0.536069 0.006549 0.107696
0.532500 0.006245 0.107713
0.532797 0.007443 0.110278
0.528124 0.007563 0.108771
0.529538 0.008809 0.110886
0.524743 0.007548 0.108703
0.526811 0.007069 0.110243
0.521994 0.005601 0.108844
0.520617 0.006668 0.108627
0.516392 0.006784 0.108434
0.517487 0.003871 0.108729
0.511960 0.006393 0.108841
0.515013 0.004368 0.110506
0.509268 0.003799 0.108660
0.510348 0.005170 0.109841
0.507116 0.004310 0.110873
0.505600 0.003308 0.110233
0.507260 0.000494 0.111703
0.503920 0.003540 0.109704
0.505306 0.001901 0.111294
0.503467 0.004714 0.109339
0.505897 0.002670 0.112729
0.503299 -0.002804 0.112802
0.498558 0.005628 0.108824
0.500253 0.000453 0.112311
0.497964 0.004962 0.110888
0.493244 0.002887 0.109173
0.493716 0.004546 0.108909
0.496169 0.002149 0.112400
0.493755 0.003821 0.111101
0.493310 0.004342 0.110228
0.497128 0.004070 0.112483
0.491478 0.003238 0.109538
0.494323 0.007822 0.109928
0.494068 0.006986 0.109262
0.496765 0.006305 0.110682
0.493857 0.006681 0.111197
0.499738 0.008872 0.113232
0.493762 0.008578 0.109608
0.495982 0.011701 0.109486
0.495057 0.009861 0.109958
0.496251 0.011335 0.110884
0.496647 0.013796 0.110926
0.498650 0.016143 0.110675
0.498599 0.016486 0.113640
0.498992 0.020853 0.112601
0.498936 0.023027 0.110710
0.497674 0.026552 0.110695
0.498903 0.028890 0.111912
0.498441 0.031426 0.112824
0.501822 0.029195 0.114357
0.500761 0.034478 0.112653
0.497758 0.037532 0.111888
0.500419 0.038116 0.112164
0.498516 0.042914 0.111286
0.501111 0.041698 0.112436
0.499191 0.048432 0.110467
0.502059 0.048757 0.113226
0.498111 0.052341 0.110159
0.498157 0.053225 0.109961
0.498039 0.056723 0.110102
0.498080 0.055730 0.111300
0.501520 0.056308 0.113597
0.496911 0.058003 0.108943
0.501394 0.058640 0.112467
0.501434 0.058592 0.112965
0.502156 0.059717 0.114593
0.496946 0.063061 0.110981
0.497864 0.066118 0.111715
0.497158 0.071207 0.109817
0.497382 0.071899 0.111586
0.497460 0.076278 0.109327
0.497687 0.076970 0.111093
0.497246 0.081425 0.109888
0.504585 0.079991 0.117132
0.497900 0.089676 0.101304
0.501854 0.085595 0.112525
0.498381 0.091720 0.109787
0.499291 0.091535 0.110542
0.498571 0.096449 0.110965
0.493705 0.105909 0.051825
0.498294 0.101154 0.103403
0.500509 0.104798 0.111676
0.499158 0.107828 0.110330
0.498934 0.106026 0.111864
0.504397 0.106835 0.115445
0.498500 0.109200 0.111527
0.497827 0.112643 0.108089
0.502853 0.110402 0.111516
0.499177 0.115871 0.108685
0.497200 0.111289 0.099094
0.499069 0.111379 0.108862
0.498669 0.109697 0.110197
0.497104 0.111053 0.080007
0.499186 0.109687 0.104198
0.501266 0.108062 0.109641
0.504670 0.106939 0.113062
0.501364 0.108863 0.099013
0.504044 0.111097 0.112425
0.503714 0.110327 0.112740
0.506102 0.113286 0.110706
0.508882 0.111098 0.112487
0.508307 0.114613 0.109408
0.512556 0.111587 0.112069
0.510911 0.113995 0.112636
0.513680 0.114127 0.109895
0.514028 0.113050 0.111528
0.515268 0.114527 0.111528
0.519972 0.112318 0.110326
0.521229 0.112118 0.111750
0.518075 0.112068 0.110210
0.521186 0.112905 0.111052
0.519097 0.107894 0.082406
0.523852 0.111331 0.110907
0.529469 0.111807 0.110968
0.525605 0.110895 0.104742
0.529616 0.111728 0.111437
0.532107 0.110643 0.110568
0.533084 0.111259 0.111422
0.536823 0.110386 0.112550
0.543128 0.109335 0.115735
0.545608 0.108380 0.117107
0.544986 0.109949 0.113588
0.543187 0.109231 0.113133
0.543824 0.108697 0.113691
0.547257 0.108810 0.113663
0.555729 0.109142 0.117505
0.551464 0.109278 0.112680
0.555727 0.108619 0.114255
0.561163 0.108263 0.116854
0.558358 0.109492 0.113071
0.559568 0.109452 0.112588
0.566415 0.109882 0.115005
0.562785 0.109747 0.112713
0.570048 0.109752 0.112060
0.573541 0.109796 0.111232
0.577743 0.109285 0.114076
0.577355 0.109777 0.112631
0.577998 0.110254 0.110859
0.583217 0.110126 0.111886
0.581999 0.110182 0.112116
0.589981 0.109997 0.112568
0.584555 0.110752 0.111453
0.592378 0.109424 0.113357
0.593517 0.108223 0.114430
0.599214 0.107974 0.115654
0.592073 0.109289 0.111493
0.595175 0.110305 0.112265
0.602488 0.109403 0.113298
0.598938 0.110683 0.110702
0.601970 0.110452 0.110944
0.603179 0.110421 0.111712
0.607749 0.111133 0.112694
0.609449 0.109270 0.114022
0.614323 0.109473 0.114771
0.610237 0.111348 0.109915
0.614786 0.109942 0.111175
0.615430 0.110515 0.111170
0.619470 0.110029 0.110077
0.621238 0.109378 0.111863
0.623445 0.110386 0.111694
0.626411 0.109676 0.113993
0.630829 0.107959 0.113037
0.627365 0.110517 0.110204
0.631067 0.111334 0.110750
0.634039 0.110613 0.113295
0.634875 0.111451 0.110531
0.635360 0.109631 0.112060
0.637450 0.110500 0.111436
0.644122 0.108760 0.113352
0.642420 0.110653 0.112068
0.646398 0.110660 0.111459
0.646464 0.111896 0.112450
0.650613 0.111461 0.113064
0.649398 0.111545 0.113802
0.652807 0.111129 0.112330
0.653447 0.111716 0.113082
0.658627 0.109857 0.115759
0.655716 0.111782 0.112477
0.663159 0.109348 0.116174
0.658464 0.111974 0.112130
0.662919 0.112531 0.113373
0.666401 0.109951 0.116405
0.665544 0.112615 0.112280
0.667683 0.111629 0.111644
0.667038 0.111055 0.111641
0.670649 0.111121 0.112568
0.672380 0.109223 0.114079
0.673159 0.111591 0.111284
0.675542 0.110268 0.113047
0.677850 0.111576 0.111889
0.679583 0.109664 0.112647
0.680683 0.112208 0.112059
0.682359 0.109096 0.113814
0.684976 0.112714 0.113207
0.688214 0.112621 0.113511
0.689955 0.110733 0.115515
0.692361 0.113221 0.113724
0.694673 0.110684 0.114979
0.699179 0.109470 0.116713
0.702962 0.109401 0.114964
0.699423 0.111987 0.112708
0.701745 0.109454 0.114461
0.701610 0.113028 0.110537
0.707450 0.109070 0.114811
0.706295 0.110346 0.114810
0.706636 0.112227 0.113439
0.706027 0.112852 0.111689
0.711713 0.108965 0.114938
0.708183 0.112769 0.111937
0.710470 0.112086 0.112394
0.714641 0.108238 0.114218
0.710437 0.111458 0.111217
0.710403 0.111445 0.109967
0.712720 0.113209 0.110110
0.711453 0.112043 0.110856
0.716081 0.109903 0.112222
0.711803 0.113140 0.108473
0.712730 0.106765 0.113943
0.714882 0.105072 0.112570
0.713834 0.108801 0.112827
