0.660964 0.057985 0.221323
0.683276 0.095678 0.023020
0.661005 0.101156 0.221214
0.671011 0.094945 0.224154
0.650477 0.118710 0.226220
0.650830 0.118855 0.233470
0.603095 0.131353 0.231992
0.589469 0.139396 0.228783
0.558834 0.128284 0.231800
0.473865 0.145326 0.011125
0.463746 0.123358 0.011875
0.455063 0.112845 0.015045
0.433786 0.058801 0.016145
0.498576 0.024848 0.242681
0.500102 0.004615 0.245724
0.513676 -0.026875 0.247746
0.523708 -0.031688 0.249498
0.552049 -0.036463 0.246643
0.556335 -0.039997 0.249143
0.560338 -0.038560 0.247794
0.606269 -0.015149 0.244545
0.617136 -0.004625 0.243543
0.639190 0.012200 0.242585
0.646075 0.021875 0.241076
0.681607 0.072516 0.023782
0.687067 0.068760 0.024879
0.684346 0.093833 0.023128
0.663756 0.107764 0.241178
0.638803 0.133072 0.239542
0.632602 0.139838 0.239947
0.609231 0.196603 0.013757
0.570927 0.134797 0.245232
0.574087 0.129175 0.246975
0.463724 0.138543 0.013083
0.444461 0.099939 0.019811
0.436453 0.076931 0.024508
0.498918 0.029533 0.249615
0.505530 0.005872 0.249766
0.499871 -0.001981 0.245494
0.515256 -0.021907 0.239719
0.540259 -0.033564 0.227089
0.564576 -0.036080 0.223242
0.572956 -0.029388 0.215499
0.584475 -0.040786 0.021639
0.630162 0.014652 0.220274
0.640431 0.029591 0.222026
0.662587 0.069165 0.232034
0.669139 0.082748 0.230344
0.671516 0.106573 0.233398
0.642284 0.136594 0.242318
0.631249 0.145522 0.238909
0.604643 0.144469 0.239406
0.593217 0.142314 0.237619
0.517082 0.161725 0.010167
0.542247 0.110511 0.240779
0.481232 0.140695 0.013506
0.443978 0.080142 0.013721
0.501058 0.036220 0.256849
0.502963 -0.001144 0.267411
0.511083 -0.011904 0.268931
0.543241 -0.034064 0.264007
0.541701 -0.034708 0.267521
0.574315 -0.028873 0.262031
0.573898 -0.031423 0.265421
0.606355 0.125401 0.231754
0.599182 0.132794 0.232262
0.575107 0.141626 0.236295
0.574475 0.142354 0.235796
0.534581 0.127258 0.245553
0.538810 0.126590 0.246318
0.452375 0.107545 0.010862
0.444851 0.086905 0.009102
0.500407 0.046227 0.253109
0.491863 0.039756 0.250082
0.516960 -0.007085 0.249252
0.536240 -0.011196 0.249509
0.508250 -0.049003 0.028541
0.560578 -0.021497 0.021059
0.582704 0.007500 0.252678
0.611492 0.037154 0.252979
0.618054 0.050249 0.251979
0.625732 0.059471 0.251574
0.631258 0.085200 0.253082
0.635038 0.095198 0.253815
0.630251 0.136020 0.251748
0.597829 0.156166 0.255415
0.597833 0.157398 0.255166
0.554335 0.158273 0.250629
0.542203 0.155770 0.250789
0.494726 0.102327 0.256414
0.494614 0.106361 0.256733
0.481263 0.059389 0.261330
0.401522 0.035971 0.006672
0.485267 0.008951 0.257295
0.484238 0.009109 0.259035
