0.639618 0.029777 0.209759
0.635393 0.032703 0.206758
0.637265 0.035837 0.208134
0.633922 0.034631 0.208876
0.634050 0.034211 0.209182
0.629065 0.030480 0.208321
0.631611 0.027012 0.210819
0.627916 0.029340 0.208066
0.627559 0.028334 0.207856
0.627098 0.029116 0.204277
0.629034 0.027347 0.206278
0.624312 0.026122 0.204215
0.623259 0.024941 0.204963
0.624691 0.021463 0.205402
0.622241 0.023755 0.204151
0.623305 0.021350 0.204847
0.620004 0.021880 0.202428
0.619922 0.021902 0.201678
0.618231 0.020016 0.202717
0.616701 0.018835 0.201686
0.614215 0.015886 0.204686
0.609283 0.009334 0.206926
0.604362 0.001923 0.207927
0.600414 -0.003168 0.207983
0.590663 -0.014995 0.206388
0.575075 -0.029045 0.202913
0.571746 -0.032476 0.203669
0.572390 -0.036495 0.205553
0.546471 -0.039042 0.205750
0.535932 -0.033789 0.207765
0.529864 -0.033164 0.209029
0.514839 -0.026608 0.210409
0.504997 -0.022207 0.211585
0.497254 -0.007902 0.210818
0.490982 -0.000692 0.212616
0.486137 0.019163 0.212293
0.488877 0.028904 0.211496
0.488209 0.054009 0.206240
0.499079 0.076194 0.209840
0.539759 0.117189 0.208779
0.560863 0.157966 0.204831
0.581209 0.173429 0.212537
0.622495 0.175919 0.208746
0.664043 0.131310 0.203139
0.602335 -0.006904 0.207114
0.566778 -0.024324 0.215829
0.538861 -0.024284 0.215957
0.531894 -0.022398 0.219442
0.506555 0.001556 0.220281
0.509647 -0.001188 0.221780
0.500387 0.039778 0.213451
0.512453 0.054862 0.219882
0.524528 0.086033 0.212412
0.534957 0.094968 0.212055
0.574363 0.120993 0.207931
0.582467 0.129190 0.206834
0.602235 0.133977 0.204224
0.603715 0.131241 0.207810
0.636418 0.127668 0.200269
0.638547 0.124941 0.202028
0.643545 0.105280 0.197490
0.647388 0.100726 0.197601
0.636224 0.064681 0.196491
0.629379 0.045965 0.194025
0.607787 0.015948 0.197989
0.613002 0.013144 0.200244
0.569336 -0.017978 0.199776
0.578165 -0.019318 0.200440
0.540332 -0.029148 0.195356
0.530532 -0.025974 0.196350
0.511631 -0.020750 0.192720
0.498492 -0.010149 0.190803
0.481218 0.038747 0.190072
0.483145 0.033273 0.191557
0.483041 0.048049 0.192231
0.484533 0.071447 0.194607
0.522908 0.118144 0.201079
0.533266 0.122865 0.204834
0.566330 0.139644 0.207969
0.579551 0.141733 0.209946
0.585156 0.141861 0.209960
0.602953 0.139840 0.210232
0.622989 0.125695 0.209694
0.632852 0.088056 0.209234
0.643066 0.084363 0.016495
0.632791 0.068628 0.209284
0.608476 0.017422 0.213724
0.610634 -0.003046 0.015258
0.584950 -0.010162 0.215779
0.543783 -0.033165 0.214131
0.532679 -0.035199 0.212622
0.539643 -0.036911 0.215995
0.499767 -0.013543 0.209892
0.503569 -0.013355 0.211145
0.495184 0.001058 0.204574
0.443486 0.014429 0.007405
0.503346 0.069610 0.204624
0.505476 0.077017 0.208662
0.526450 0.112284 0.210799
0.537911 0.117848 0.214043
0.557607 0.136500 0.216015
0.567672 0.135622 0.219447
0.603983 0.150367 0.219380
0.606174 0.146423 0.221636
0.631663 0.133632 0.223611
0.637441 0.134136 0.226938
0.636985 0.131684 0.224940
0.640585 0.103774 0.220142
0.642025 0.094509 0.225434
0.617370 0.047835 0.220151
0.612143 0.028919 0.014451
0.584716 0.007629 0.216180
0.564655 -0.010745 0.215149
0.551378 -0.015982 0.215384
0.469943 -0.059828 0.010129
0.441648 -0.056592 0.007059
0.482112 -0.010681 0.208269
0.469952 0.003578 0.206505
0.464324 0.009912 0.207119
0.461010 0.046516 0.206783
0.460177 0.042059 0.207033
0.482510 0.099820 0.203833
0.502180 0.116478 0.205009
0.518012 0.127621 0.203688
0.555999 0.142336 0.203313
0.562319 0.142143 0.205605
0.562956 0.139040 0.206365
0.599658 0.129888 0.215200
0.604045 0.125887 0.215665
0.615186 0.101294 0.216949
0.615034 0.087809 0.215741
0.615229 0.080088 0.213616
0.608641 0.053120 0.206758
0.597615 0.031678 0.025568
0.586145 0.013643 0.198812
0.535907 -0.018450 0.189302
0.492907 -0.015426 0.192317
0.500590 -0.017779 0.200640
0.475136 -0.005469 0.194391
0.466002 0.031411 0.199338
0.465561 0.077999 0.197202
0.474365 0.093560 0.199686
0.500862 0.131206 0.199347
0.509975 0.141138 0.196971
0.502452 0.203383 0.007735
0.570024 0.165519 0.208714
0.578300 0.166691 0.208975
0.600988 0.158946 0.209960
0.618707 0.131784 0.209304
0.619071 0.111059 0.209268
0.616933 0.085122 0.206891
0.610859 0.068117 0.208396
0.602666 0.053504 0.206402
0.577598 0.014562 0.214734
0.583308 0.013515 0.215768
0.570717 -0.026610 0.013479
0.549207 -0.018015 0.223567
0.502147 -0.031671 0.234499
0.506733 -0.033697 0.235496
0.470417 -0.014265 0.240101
0.375490 0.056421 0.005109
0.379340 0.087737 0.004872
0.455926 0.066076 0.241787
0.493282 0.134855 0.233962
0.437261 0.186002 0.005261
0.534555 0.169473 0.231887
0.589117 0.175908 0.222978
0.598657 0.168465 0.221721
0.599727 0.164339 0.225290
0.612798 0.131614 0.222523
0.610469 0.102554 0.221531
0.599354 0.074338 0.221725
0.575789 0.032955 0.226931
0.565034 0.019228 0.229674
0.539965 -0.009733 0.012277
0.521083 -0.020182 0.238447
0.510235 -0.024257 0.240440
0.480327 -0.025667 0.238963
0.473808 -0.028766 0.242260
0.454657 0.001331 0.243547
0.457405 -0.006249 0.244931
0.458882 0.046954 0.248228
0.458297 0.040748 0.249777
