0.506046 -0.094974 0.010154
0.506007 -0.094114 0.009684
0.505529 -0.095621 0.009535
0.505591 -0.096484 0.010258
0.505025 -0.095483 0.009526
0.505922 -0.097186 0.009980
0.505320 -0.096210 0.008765
0.506377 -0.097088 0.011246
0.506508 -0.095159 0.009262
0.506769 -0.097453 0.009382
0.506742 -0.096602 0.009150
0.506195 -0.096302 0.009313
0.504730 -0.095821 0.008720
0.505651 -0.096670 0.009458
0.505473 -0.097700 0.009347
0.504460 -0.095144 0.007631
0.505027 -0.096229 0.008148
0.504230 -0.095393 0.008824
0.505929 -0.096245 0.008820
0.506378 -0.097433 0.008644
0.504658 -0.096577 0.008396
0.507291 -0.096587 0.009403
0.504904 -0.095729 0.008590
0.505348 -0.095600 0.008712
0.505341 -0.096450 0.008708
0.508419 -0.096437 0.009897
0.510200 -0.097298 0.011148
0.506144 -0.096474 0.008422
0.505410 -0.096458 0.009920
0.506056 -0.096206 0.009660
0.506075 -0.096205 0.009910
0.507585 -0.096735 0.009607
0.509379 -0.096764 0.010863
0.507588 -0.096294 0.010204
0.508369 -0.096329 0.009207
0.508450 -0.096070 0.009721
0.510873 -0.096810 0.009896
0.508300 -0.095857 0.009127
0.513358 -0.096793 0.009364
0.512565 -0.095894 0.009600
0.514342 -0.095523 0.009255
0.515534 -0.095335 0.009281
0.518081 -0.096338 0.010312
0.519197 -0.096031 0.010368
0.520074 -0.095260 0.009612
0.521699 -0.096241 0.009388
0.525590 -0.098070 0.009881
0.523828 -0.096729 0.010190
0.525618 -0.096022 0.010691
0.526682 -0.095672 0.010183
0.527538 -0.095750 0.010442
0.530935 -0.096625 0.010211
0.531795 -0.096701 0.010720
0.535476 -0.097543 0.010676
0.534729 -0.096601 0.010650
0.539447 -0.097537 0.012642
0.540978 -0.097368 0.011945
0.538455 -0.097036 0.011911
0.540696 -0.096734 0.012330
0.540671 -0.096775 0.011080
0.545339 -0.098263 0.012702
0.543786 -0.097180 0.012407
0.545313 -0.096915 0.011394
0.545295 -0.096950 0.010395
0.551467 -0.097285 0.012415
0.547260 -0.096632 0.011099
0.553912 -0.098150 0.013099
0.550002 -0.095807 0.011493
0.555104 -0.097809 0.013138
0.553566 -0.096728 0.011592
0.558395 -0.097929 0.012430
0.558163 -0.096108 0.011955
0.562347 -0.096863 0.013017
0.557169 -0.096787 0.011961
0.560209 -0.095827 0.011504
0.565639 -0.097051 0.011885
0.562290 -0.096408 0.011592
0.564170 -0.096230 0.011490
0.565010 -0.096387 0.011750
0.567066 -0.096189 0.011097
0.567915 -0.096326 0.012106
0.570163 -0.096112 0.013171
0.569306 -0.095995 0.011412
0.575013 -0.096355 0.013911
0.574003 -0.097042 0.013165
0.573734 -0.095598 0.012022
0.578470 -0.096779 0.013270
0.576125 -0.095449 0.012744
0.579909 -0.095877 0.010993
0.579081 -0.095694 0.011739
0.584693 -0.097032 0.012688
0.584619 -0.095588 0.011006
0.585464 -0.095747 0.011259
0.588568 -0.096640 0.011858
0.591937 -0.097256 0.013114
0.589402 -0.096809 0.011359
0.590808 -0.095893 0.011326
0.593077 -0.095923 0.011181
0.593065 -0.095932 0.010431
0.595345 -0.095982 0.011656
0.596181 -0.096132 0.011153
0.598642 -0.096260 0.011789
0.598631 -0.096265 0.011039
0.600991 -0.096482 0.010979
0.604866 -0.095731 0.011419
0.604150 -0.094767 0.012186
0.608895 -0.096993 0.012127
0.605719 -0.094859 0.011932
0.609320 -0.095149 0.011690
0.610257 -0.094390 0.010949
0.612664 -0.095327 0.011619
0.611809 -0.095233 0.011378
0.617996 -0.095789 0.011783
0.620544 -0.096982 0.011491
0.621565 -0.095374 0.013023
0.621892 -0.095243 0.011294
0.621975 -0.094402 0.012065
0.625457 -0.095302 0.012315
0.624597 -0.095230 0.011824
0.627606 -0.095286 0.011918
0.627666 -0.094433 0.011939
0.633797 -0.095706 0.012415
0.629536 -0.095423 0.012209
0.635925 -0.095800 0.013403
0.635248 -0.094858 0.012332
0.638616 -0.095915 0.013278
0.638400 -0.095236 0.011981
0.638422 -0.095253 0.013231
0.643011 -0.095439 0.012203
0.642970 -0.096291 0.012185
0.644604 -0.094821 0.012673
0.643735 -0.094770 0.011681
0.647360 -0.094892 0.011155
0.649379 -0.094976 0.011818
0.653634 -0.095277 0.011734
0.656166 -0.096222 0.012198
0.656577 -0.095386 0.012177
0.659958 -0.096342 0.012137
0.664203 -0.095879 0.013605
0.666760 -0.095946 0.014586
0.663730 -0.096014 0.011865
0.671146 -0.096183 0.012936
0.671128 -0.097035 0.012924
0.668926 -0.095354 0.012566
0.669757 -0.095363 0.011062
0.672115 -0.095506 0.011820
0.673752 -0.096515 0.011684
0.674632 -0.095682 0.011938
0.678209 -0.094979 0.011173
0.677360 -0.094954 0.011674
0.679840 -0.095971 0.011955
0.678980 -0.095944 0.011455
0.683858 -0.096855 0.012936
0.683034 -0.095972 0.012688
0.685368 -0.095987 0.011654
0.685359 -0.095993 0.010654
0.688125 -0.096026 0.011648
0.686418 -0.095951 0.011894
0.688433 -0.095764 0.011300
0.693926 -0.096861 0.012793
0.692219 -0.096776 0.012788
0.693480 -0.096693 0.011577
0.694348 -0.096718 0.013330
0.695737 -0.096438 0.010892
0.696980 -0.096264 0.012433
0.700349 -0.097325 0.012453
0.699218 -0.096946 0.011903
0.698362 -0.096893 0.011899
0.701739 -0.097947 0.012668
0.700447 -0.097561 0.011201
0.702591 -0.096624 0.011421
0.701679 -0.097437 0.011172
0.705217 -0.097341 0.011153
0.704362 -0.097292 0.011402
0.707292 -0.096449 0.010996
0.706436 -0.096405 0.011246
0.705566 -0.096094 0.011312
0.703834 -0.096021 0.010814
0.708193 -0.095768 0.011587
0.708178 -0.095770 0.010837
0.710075 -0.095441 0.010326
0.706694 -0.093604 0.010598
0.705552 -0.093174 0.010368
0.707915 -0.092891 0.011154
0.709614 -0.092930 0.010646
0.706543 -0.090590 0.010310
0.705666 -0.089708 0.009574
0.706800 -0.088438 0.011339
0.704228 -0.086684 0.010877
0.706932 -0.085323 0.008556
0.704411 -0.085318 0.009576
0.704582 -0.082107 0.010270
0.706107 -0.082238 0.010780
0.708712 -0.083108 0.011498
0.704365 -0.082226 0.010295
0.704813 -0.077871 0.009370
0.704295 -0.076284 0.009738
0.704208 -0.076248 0.008489
0.709805 -0.076240 0.012106
0.703625 -0.075358 0.009166
0.705913 -0.072520 0.009684
0.706145 -0.071312 0.009950
0.710521 -0.073023 0.011411
0.705245 -0.072151 0.009197
0.705292 -0.071620 0.008765
0.706110 -0.070280 0.009381
0.704407 -0.071134 0.009381
0.708017 -0.069904 0.010272
0.704598 -0.069039 0.010028
0.704383 -0.066998 0.008531
0.707756 -0.065544 0.010901
0.705194 -0.063807 0.010396
0.703447 -0.062920 0.009643
0.704204 -0.059945 0.010888
0.703332 -0.059068 0.010382
0.704603 -0.057344 0.009622
0.704195 -0.055696 0.010261
0.704232 -0.055708 0.010761
0.705473 -0.052879 0.010326
0.708063 -0.052994 0.011096
0.704901 -0.050208 0.009871
0.707510 -0.050343 0.010892
0.705316 -0.047376 0.011025
0.709682 -0.047640 0.013311
0.705467 -0.045562 0.010602
0.706244 -0.045579 0.009609
0.705194 -0.040768 0.011066
0.703591 -0.038109 0.010272
0.704762 -0.035329 0.008793
0.708363 -0.034009 0.010494
0.703588 -0.028601 0.010141
0.705804 -0.023577 0.009823
0.704256 -0.021801 0.010291
0.704418 -0.020155 0.011025
0.703189 -0.016336 0.010362
0.703054 -0.013873 0.009219
0.703921 -0.013951 0.009477
0.704573 -0.009570 0.010363
0.703905 -0.006947 0.010075
0.704164 -0.001908 0.010345
0.706770 -0.002197 0.011371
0.702335 0.004219 0.008120
0.706769 0.003626 0.010915
0.704135 0.007228 0.009397
0.703851 0.004740 0.008678
0.703811 0.006016 0.009482
0.706449 0.004763 0.012019
0.703521 0.005239 0.009907
0.705261 0.004126 0.011684
0.702786 0.005343 0.011617
0.703387 0.003619 0.010642
0.702521 0.005731 0.009873
0.701305 0.002447 0.009654
0.703832 0.004197 0.011069
0.700444 0.003570 0.010463
0.696865 0.004029 0.008182
0.699013 0.004779 0.010816
0.698940 0.003928 0.011076
0.692649 0.002099 0.010057
0.689365 0.002396 0.010309
0.687498 0.002788 0.009045
0.687506 0.001924 0.010054
0.684973 0.003624 0.009361
0.684720 0.001943 0.008877
0.681914 0.003830 0.008224
0.682716 0.002874 0.008737
0.681637 0.001288 0.008498
0.679896 0.002825 0.009970
0.679464 0.001412 0.010598
0.675225 0.002779 0.009572
0.676029 0.001912 0.009736
0.672658 0.003177 0.008965
0.672935 0.000679 0.009338
0.670609 0.002683 0.009314
0.671270 0.001765 0.009946
0.670199 0.001035 0.008948
0.670279 0.001969 0.010145
0.665770 0.001701 0.008626
0.665906 0.001465 0.009461
0.661683 0.002899 0.008421
0.660589 0.001843 0.010238
0.657690 0.001858 0.008353
0.655293 0.003090 0.008315
0.652340 0.002780 0.007932
0.653978 0.001675 0.008717
0.645850 0.001980 0.008349
0.647418 0.000860 0.008637
0.640831 0.002755 0.007803
0.641486 0.001765 0.007580
0.635765 0.001632 0.005702
0.634793 0.002854 0.006459
0.633223 0.003199 0.007181
0.631719 0.003488 0.007643
0.628785 0.002333 0.007135
0.624398 0.002316 0.006714
0.620548 0.001909 0.006637
0.617852 0.001641 0.006605
0.615533 0.001189 0.006002
0.613193 0.001810 0.006946
0.611545 0.001212 0.007070
0.610217 0.003247 0.006478
0.606830 0.001223 0.006529
0.604459 0.002130 0.006706
0.604881 0.000286 0.007031
0.599870 0.002472 0.007781
0.598738 0.001860 0.007282
0.595496 0.000522 0.007210
0.596129 -0.000508 0.007507
0.590346 0.000543 0.006030
0.586848 0.000836 0.007463
0.586444 -0.000017 0.006482
0.584449 -0.001246 0.007513
0.581270 0.000466 0.006672
0.580114 0.000804 0.007619
0.578972 0.000206 0.007119
0.576401 0.000967 0.006825
0.577389 0.000764 0.007842
0.572899 0.001360 0.006553
0.572699 0.000554 0.006818
0.568009 0.001422 0.005921
0.570757 0.000745 0.007716
0.561714 0.002039 0.005627
0.565243 0.001087 0.007187
0.558669 0.002176 0.006616
0.558017 0.000537 0.005894
0.553136 0.001166 0.006581
0.551877 0.000591 0.005579
0.547561 0.001710 0.006309
0.543118 0.000849 0.005875
0.544869 0.000324 0.006659
0.541305 0.000967 0.007034
0.544456 -0.000899 0.008368
0.536774 0.001903 0.005369
0.538851 0.002164 0.006389
0.534318 0.001804 0.005627
0.536052 0.001247 0.006414
0.532999 0.001118 0.007772
0.532624 -0.000184 0.008528
0.531927 0.000854 0.007241
0.534494 0.000708 0.006529
0.532005 0.000773 0.005578
0.533789 0.000211 0.006865
0.533301 0.001289 0.006859
0.532123 0.000792 0.006356
0.527590 0.001340 0.006350
0.525968 0.001949 0.006066
0.523041 0.000941 0.006578
0.514555 0.002793 0.005747
0.517141 0.001905 0.007038
0.510383 0.003053 0.004886
0.506297 0.003059 0.004994
0.505148 0.002565 0.004739
0.500426 0.002432 0.003939
0.500827 0.002468 0.006191
0.497296 0.002445 0.004759
0.497386 0.002450 0.005259
0.497666 0.002756 0.006486
0.499306 0.002989 0.004992
0.495607 0.002803 0.005400
0.494519 0.000381 0.007077
0.495452 0.003608 0.006381
0.494882 0.005104 0.005219
0.497922 0.005962 0.005726
0.498077 0.007706 0.006117
0.502104 0.012697 0.005212
0.502426 0.010311 0.007381
0.499515 0.014183 0.006268
0.502623 0.017720 0.008847
0.504186 0.016415 0.010615
0.500661 0.025262 0.007208
0.503288 0.025401 0.009341
0.502946 0.032572 0.007100
0.506113 0.030973 0.010806
0.502593 0.037262 0.006582
0.502186 0.039812 0.008024
0.502530 0.041494 0.007832
0.501749 0.043505 0.007010
0.503032 0.045899 0.006334
0.506142 0.045483 0.010004
0.500777 0.052864 0.006536
0.504047 0.050329 0.008390
0.499909 0.056405 0.007291
0.501209 0.057794 0.008581
0.501096 0.062459 0.007927
0.500378 0.064467 0.006515
0.501137 0.068152 0.006141
0.503799 0.066577 0.008550
0.501070 0.074940 0.008047
0.501745 0.073978 0.007756
0.501905 0.081977 0.007835
0.502192 0.083668 0.007886
0.502141 0.090097 0.006774
0.504443 0.086860 0.008665
0.503033 0.095034 0.008235
0.503202 0.095847 0.008504
0.503998 0.102332 0.007209
0.503151 0.102483 0.007218
0.502962 0.106132 0.007458
0.506337 0.107792 0.009108
0.505153 0.106320 0.008589
0.502081 0.108586 0.006684
0.505266 0.105095 0.009631
0.502174 0.109174 0.006038
0.505234 0.104814 0.009490
0.502319 0.108957 0.007128
0.502250 0.108021 0.008121
0.502633 0.108085 0.009314
0.502250 0.107452 0.006811
0.505796 0.105903 0.008511
0.503398 0.107280 0.008015
0.505369 0.107290 0.008731
0.502743 0.107882 0.007480
0.502272 0.108963 0.005871
0.504258 0.107602 0.007977
0.507249 0.104315 0.009726
0.504731 0.107267 0.007663
0.508590 0.103789 0.009918
0.505482 0.106206 0.008664
0.505785 0.104855 0.007495
0.506782 0.104599 0.009496
0.507472 0.104620 0.008986
0.509411 0.106089 0.008866
0.510874 0.104918 0.008371
0.512786 0.105309 0.009891
0.515146 0.103934 0.010398
0.518326 0.104092 0.009487
0.523896 0.101165 0.011003
0.524140 0.103282 0.008653
0.528249 0.105884 0.010153
0.529370 0.105311 0.010798
0.532312 0.102960 0.009807
0.535168 0.103640 0.011122
0.535999 0.103462 0.011124
0.537939 0.103218 0.011444
0.540638 0.103490 0.012447
0.542690 0.104146 0.011334
0.545819 0.104503 0.012148
0.549603 0.101905 0.013425
0.550238 0.103912 0.011518
0.554199 0.102122 0.013045
0.553506 0.103634 0.010814
0.555796 0.102213 0.011590
0.559879 0.101580 0.013798
0.563403 0.101224 0.014005
0.561359 0.103479 0.011445
0.563211 0.103867 0.011198
0.567994 0.101364 0.012290
0.570837 0.103850 0.011802
0.574133 0.105185 0.010916
0.578467 0.102094 0.012083
0.579819 0.100812 0.012897
0.582040 0.103206 0.011648
0.586697 0.102993 0.011332
0.583220 0.103377 0.012519
0.589506 0.101897 0.013496
0.586488 0.105637 0.011220
0.590623 0.105681 0.011042
0.590154 0.106791 0.011208
0.594910 0.107513 0.011240
0.599026 0.107532 0.011862
0.598264 0.107887 0.011821
0.597898 0.107181 0.012631
0.603657 0.105565 0.011739
0.602745 0.107333 0.010290
0.600451 0.106776 0.011579
0.605039 0.105955 0.010495
0.603881 0.105632 0.010269
0.608194 0.105910 0.012035
0.607028 0.105568 0.011311
0.610348 0.105765 0.011925
0.611268 0.103990 0.010885
0.614064 0.104051 0.011222
0.613920 0.105507 0.011682
0.613589 0.103753 0.012654
0.621832 0.102856 0.015397
0.615055 0.103348 0.011273
0.622709 0.103173 0.013376
0.618335 0.104262 0.010953
0.623189 0.103642 0.012131
0.620654 0.104304 0.009267
0.623754 0.105151 0.009333
0.624458 0.103337 0.009050
0.630858 0.103566 0.011359
0.630995 0.104816 0.010919
0.630371 0.105362 0.010600
0.632240 0.103724 0.011556
0.635285 0.104543 0.011439
0.637169 0.105104 0.010547
0.636571 0.104472 0.010354
0.642075 0.105361 0.011714
0.639675 0.105354 0.011681
0.643542 0.104142 0.011523
0.641740 0.104697 0.010939
0.644967 0.105531 0.011042
0.643762 0.105520 0.010770
0.646574 0.105562 0.010669
0.646576 0.105585 0.010919
0.651025 0.104416 0.012088
0.652224 0.104340 0.011617
0.653279 0.105450 0.012012
0.655437 0.106499 0.011611
0.661357 0.105227 0.012899
0.658374 0.105805 0.010791
0.661929 0.104642 0.013450
0.664465 0.104877 0.012182
0.665034 0.104287 0.012731
0.665321 0.107863 0.011748
0.669433 0.108368 0.012973
0.668794 0.107724 0.011741
0.670731 0.108368 0.012601
0.671930 0.108278 0.012381
0.675184 0.108700 0.011836
0.679591 0.109052 0.012029
0.678948 0.108492 0.012037
0.681561 0.109591 0.013489
0.682202 0.110089 0.012234
0.686962 0.110146 0.011676
0.689271 0.108843 0.013521
0.698051 0.105377 0.017892
0.689437 0.110028 0.012819
0.693912 0.111117 0.013137
0.696779 0.109077 0.012999
0.695478 0.111117 0.012488
0.699445 0.111462 0.011738
0.702952 0.110595 0.011616
0.704074 0.109323 0.012404
0.708549 0.109161 0.013556
0.705087 0.111776 0.011965
0.712386 0.109511 0.013624
0.707700 0.112179 0.011264
0.714576 0.110580 0.012763
0.709800 0.112027 0.010902
0.717251 0.109846 0.012814
0.711940 0.113097 0.011723
0.719012 0.110178 0.013136
0.712407 0.112208 0.011240
0.717901 0.110388 0.011762
0.714897 0.112267 0.010982
0.715930 0.112937 0.011428
0.717759 0.111096 0.012407
0.716762 0.109893 0.011314
0.711880 0.112222 0.011267
0.715636 0.110696 0.010866
0.717000 0.110933 0.011135
0.715626 0.113296 0.010771
