0.509429 -0.092685 0.022263
0.510683 -0.094622 0.024796
0.511093 -0.095726 0.023501
0.509633 -0.093612 0.023624
0.508366 -0.094345 0.023763
0.510329 -0.093765 0.024060
0.509550 -0.095613 0.023179
0.508995 -0.093659 0.023095
0.509055 -0.093595 0.024346
0.509751 -0.093696 0.023047
0.509423 -0.093677 0.022500
0.509307 -0.094508 0.023775
0.509431 -0.093461 0.022941
0.509418 -0.093473 0.022691
0.511096 -0.093751 0.023075
0.513693 -0.095096 0.025429
0.510221 -0.094095 0.024145
0.511228 -0.093466 0.022647
0.514760 -0.094990 0.025686
0.513112 -0.093767 0.024368
0.514678 -0.095157 0.025030
0.512975 -0.093967 0.022716
0.516828 -0.094602 0.025600
0.517717 -0.094803 0.025620
0.516437 -0.092933 0.023755
0.518161 -0.093387 0.022539
0.520354 -0.094665 0.025248
0.519619 -0.093607 0.024216
0.522767 -0.094351 0.024465
0.522080 -0.093255 0.024438
0.525550 -0.093798 0.025964
0.524548 -0.093670 0.023452
0.526576 -0.094773 0.024196
0.526020 -0.092830 0.022413
0.530016 -0.094351 0.025954
0.528111 -0.094013 0.023184
0.528717 -0.091343 0.022654
0.530858 -0.093389 0.025545
0.530759 -0.093445 0.023295
0.533201 -0.093542 0.024908
0.534770 -0.092613 0.024204
0.536612 -0.092997 0.025465
0.537997 -0.093140 0.024287
0.540769 -0.093702 0.026551
0.538028 -0.093127 0.025037
0.539745 -0.092263 0.024068
0.541954 -0.092465 0.025404
0.543593 -0.093734 0.026407
0.543446 -0.092472 0.024411
0.545427 -0.091955 0.024166
0.545901 -0.090950 0.022116
0.548522 -0.092393 0.024863
0.553443 -0.092279 0.026292
0.553259 -0.093176 0.026288
0.551890 -0.090457 0.024448
0.555566 -0.091174 0.026695
0.558422 -0.090389 0.027195
0.555848 -0.088957 0.025456
0.556912 -0.088236 0.024960
0.563392 -0.089890 0.026688
0.559141 -0.087204 0.023462
0.563334 -0.087290 0.025233
0.561315 -0.087842 0.023982
0.564839 -0.085805 0.024980
0.563895 -0.085626 0.023732
0.568656 -0.087398 0.025423
0.569423 -0.084791 0.025037
0.570929 -0.086937 0.026268
0.570892 -0.085083 0.025196
0.574573 -0.085758 0.027685
0.572237 -0.084769 0.023237
0.575829 -0.086343 0.027718
0.575619 -0.084026 0.024887
0.575594 -0.084021 0.024137
0.580405 -0.084480 0.026728
0.578512 -0.084149 0.023986
0.581546 -0.083232 0.024591
0.582337 -0.084300 0.025827
0.586193 -0.084386 0.027063
0.584674 -0.082280 0.026843
0.586737 -0.082046 0.026025
0.588922 -0.081808 0.025027
0.589077 -0.080907 0.025538
0.591202 -0.082516 0.024757
0.591612 -0.079787 0.024793
0.596109 -0.081776 0.026370
0.594369 -0.080575 0.024395
0.598454 -0.081555 0.026598
0.596559 -0.081263 0.023861
0.603277 -0.081799 0.029102
0.602344 -0.081661 0.027859
0.601068 -0.081009 0.023849
0.602129 -0.080230 0.024856
0.603392 -0.080056 0.024662
0.604207 -0.081091 0.025140
0.604764 -0.080700 0.024342
0.606732 -0.080020 0.025343
0.610062 -0.080043 0.025856
0.610056 -0.080039 0.025606
0.613324 -0.080849 0.025782
0.614262 -0.080964 0.026774
0.616832 -0.080047 0.026630
0.617801 -0.079188 0.024641
0.621374 -0.078938 0.025346
0.622208 -0.079954 0.025822
0.627914 -0.080032 0.027778
0.626054 -0.079818 0.025541
0.631023 -0.080877 0.027447
0.628328 -0.079664 0.024981
0.631466 -0.079511 0.026544
0.631442 -0.079490 0.025044
0.638447 -0.080524 0.027948
0.634741 -0.080156 0.024718
0.641576 -0.080317 0.027105
0.640645 -0.080221 0.025610
0.644748 -0.081215 0.026583
0.644918 -0.079393 0.027606
0.648822 -0.082120 0.028977
0.646213 -0.080031 0.026007
0.652550 -0.080938 0.027972
0.649862 -0.079763 0.025488
0.652090 -0.079462 0.025388
0.652925 -0.080464 0.025379
0.657060 -0.081189 0.027836
0.655207 -0.081023 0.025841
0.657392 -0.079623 0.025670
0.657305 -0.080541 0.025414
0.660388 -0.081351 0.025430
0.660463 -0.080433 0.024935
0.663462 -0.080441 0.027066
0.662504 -0.080363 0.024318
0.665654 -0.080375 0.025481
0.666583 -0.080453 0.026229
0.669544 -0.081358 0.026277
0.666745 -0.081128 0.023780
0.669832 -0.081168 0.023564
0.668929 -0.081083 0.024565
0.672790 -0.080278 0.024650
0.674585 -0.081348 0.027146
0.677445 -0.081173 0.025829
0.678385 -0.081244 0.027579
0.679375 -0.081157 0.026948
0.680305 -0.081233 0.027948
0.682081 -0.081381 0.025451
0.681141 -0.081305 0.024201
0.681239 -0.080380 0.024952
0.683974 -0.080409 0.023533
0.684993 -0.079570 0.024284
0.688767 -0.079692 0.025189
0.690622 -0.079389 0.023466
0.694241 -0.080643 0.026220
0.694401 -0.080379 0.024295
0.692536 -0.080215 0.022794
0.696382 -0.079575 0.022427
0.699098 -0.080735 0.025428
0.700942 -0.080702 0.025706
0.699170 -0.079624 0.024708
0.701906 -0.080572 0.024033
0.701992 -0.079649 0.024536
0.707464 -0.081612 0.026606
0.703960 -0.078564 0.023874
0.704749 -0.080481 0.024613
0.708168 -0.080574 0.025393
0.708172 -0.080574 0.025643
0.711027 -0.079445 0.025398
0.711020 -0.079443 0.024898
0.714499 -0.080467 0.024505
0.713715 -0.078580 0.026527
0.716478 -0.080413 0.026850
0.715626 -0.078511 0.025125
0.716626 -0.077362 0.025462
0.713846 -0.076279 0.023232
0.719691 -0.076978 0.028267
0.714194 -0.073929 0.024819
0.718354 -0.074303 0.025642
0.714772 -0.070448 0.024704
0.717094 -0.068855 0.025784
0.714405 -0.064095 0.024112
0.714431 -0.060666 0.024940
0.713547 -0.057836 0.024236
0.715463 -0.056639 0.023710
0.717395 -0.059583 0.026905
0.714147 -0.054407 0.024189
0.713365 -0.053585 0.026707
0.713976 -0.051972 0.024240
0.712095 -0.050064 0.023534
0.715231 -0.050564 0.024624
0.709497 -0.048551 0.021941
0.712402 -0.046338 0.023654
0.712375 -0.048168 0.023121
0.711276 -0.041257 0.024108
0.711205 -0.036588 0.023695
0.711246 -0.032565 0.022256
0.712271 -0.033572 0.023482
0.711087 -0.028678 0.025369
0.710053 -0.028581 0.023878
0.709907 -0.025040 0.024621
0.708960 -0.025036 0.024377
0.710821 -0.025188 0.025076
0.709806 -0.022391 0.024623
0.708042 -0.020387 0.021264
0.708234 -0.021470 0.023498
0.708511 -0.018849 0.021747
0.708684 -0.018997 0.023994
0.708984 -0.015185 0.023617
0.711962 -0.017131 0.025835
0.709253 -0.010944 0.023174
0.710358 -0.012912 0.025154
0.710331 -0.009156 0.024069
0.708463 -0.006420 0.024341
0.708597 -0.000766 0.023510
0.709579 -0.002643 0.024000
0.711811 -0.001535 0.024500
0.712830 -0.000707 0.026001
0.708380 0.006179 0.021497
0.713239 0.002256 0.024745
0.710417 0.003230 0.023996
0.710918 0.002713 0.023693
0.709940 0.002763 0.022942
0.713214 0.003604 0.025075
0.712231 0.007383 0.023561
0.712694 0.008569 0.022704
0.711897 0.010343 0.024195
0.711240 0.013041 0.023033
0.710308 0.009332 0.023800
0.709729 0.011528 0.022631
0.705919 0.012693 0.020106
0.704225 0.010786 0.022615
0.703004 0.012488 0.021081
0.702208 0.012457 0.022580
0.697506 0.014891 0.019580
0.698557 0.012933 0.021598
0.695975 0.013361 0.022909
0.697891 0.011405 0.024430
0.693089 0.011639 0.022417
0.693784 0.010608 0.024403
0.688903 0.011795 0.021382
0.685155 0.012680 0.020029
0.685440 0.011683 0.023039
0.682511 0.012366 0.021517
0.679751 0.009706 0.022787
0.681427 0.008314 0.025850
0.676442 0.009512 0.022076
0.675969 0.008778 0.024324
0.670375 0.010239 0.021916
0.670434 0.010233 0.022416
0.670448 0.008384 0.023436
0.671700 0.007070 0.026049
0.665069 0.008313 0.022644
0.664145 0.008374 0.022641
0.664175 0.008373 0.022891
0.660658 0.007514 0.022682
0.661635 0.006530 0.023699
0.656673 0.007957 0.020825
0.656844 0.007042 0.022839
0.653493 0.008004 0.021804
0.650529 0.006402 0.021566
0.651776 0.006320 0.024844
0.648852 0.008393 0.022039
0.649023 0.006122 0.024680
0.643951 0.007463 0.020123
0.639876 0.006685 0.019872
0.639284 0.007728 0.021596
0.638079 0.006607 0.022785
0.633103 0.007110 0.019993
0.629372 0.006871 0.021670
0.627280 0.007073 0.019902
0.627255 0.006118 0.023680
0.621983 0.007543 0.018113
0.622297 0.005861 0.023055
0.618197 0.007207 0.019249
0.617530 0.006355 0.021879
0.615402 0.006576 0.019861
0.612244 0.007142 0.020612
0.613095 0.007006 0.020120
0.610907 0.005290 0.021376
0.610113 0.007236 0.020332
0.608989 0.006445 0.019841
0.605774 0.006706 0.020044
0.605949 0.006723 0.021294
0.600816 0.007115 0.018759
0.602974 0.005968 0.022042
0.597515 0.006307 0.020313
0.599249 0.005119 0.020592
0.596892 0.005198 0.022378
0.597035 0.006108 0.022363
0.592966 0.005651 0.021686
0.592306 0.003787 0.024198
0.596202 0.003223 0.026228
0.583378 0.004990 0.020821
0.588391 0.004268 0.024109
0.580126 0.005218 0.022155
0.579052 0.004466 0.022163
0.573867 0.004935 0.021039
0.572643 0.004169 0.020045
0.569087 0.005091 0.022215
0.569804 0.004018 0.021984
0.564706 0.005094 0.021220
0.565495 0.004024 0.021489
0.565670 0.002827 0.023356
0.562639 0.004188 0.020071
0.561553 0.003297 0.022585
0.557787 0.004860 0.020542
0.554661 0.004584 0.018788
0.559605 0.002859 0.022840
0.550137 0.004748 0.021177
0.551996 0.004388 0.021443
0.548472 0.005000 0.021968
0.547339 0.004278 0.021725
0.549273 0.002044 0.026433
0.543578 0.004893 0.021598
0.543742 0.003639 0.023099
0.540978 0.005095 0.021305
0.543631 0.002684 0.025295
0.535992 0.005094 0.020702
0.531292 0.004943 0.020639
0.531147 0.004923 0.019639
0.532127 0.004727 0.020149
0.527033 0.005281 0.019612
0.523894 0.005325 0.019090
0.524802 0.005116 0.019099
0.526639 0.004181 0.023708
0.524181 0.002770 0.021968
0.521683 0.004371 0.022821
0.518766 0.004972 0.021302
0.516547 0.004816 0.020669
0.516410 0.004802 0.019669
0.513035 0.005881 0.019799
0.514836 0.004577 0.021321
0.513122 0.005476 0.021707
0.512941 0.004581 0.021967
0.511522 0.004488 0.024120
0.511362 0.004472 0.022870
0.507676 0.004616 0.021530
0.510814 0.004892 0.023286
0.507579 0.005021 0.021729
0.508572 0.004814 0.022483
0.507347 0.004638 0.022741
0.508581 0.005327 0.023737
0.507023 0.006295 0.022364
0.508848 0.005855 0.022624
0.510603 0.004284 0.024418
0.510330 0.007177 0.023888
0.511541 0.005236 0.025866
0.511791 0.006127 0.026107
0.511002 0.007632 0.024756
0.511461 0.009411 0.024738
0.512123 0.008292 0.024752
0.507116 0.011802 0.021002
0.507767 0.013003 0.022961
0.512256 0.010957 0.025999
0.506501 0.014895 0.021379
0.510365 0.013952 0.024652
0.504521 0.018103 0.020933
0.509580 0.017780 0.024954
0.504845 0.021790 0.021385
0.510549 0.020307 0.025672
0.504666 0.024010 0.021751
0.511355 0.022254 0.027545
0.504231 0.028253 0.021513
0.508860 0.026068 0.026804
0.505166 0.033481 0.022917
0.506284 0.034121 0.022664
0.507056 0.036775 0.022889
0.508083 0.042045 0.023899
0.507719 0.044058 0.024127
0.512612 0.045592 0.028336
0.508748 0.050638 0.022029
0.507331 0.053473 0.022390
0.509027 0.055845 0.023129
0.508343 0.059042 0.022396
0.509289 0.058751 0.023149
0.507981 0.062408 0.022005
0.508948 0.062104 0.023006
0.512180 0.063071 0.026322
0.507850 0.066342 0.021576
0.510697 0.065444 0.024238
0.507166 0.067438 0.021745
0.507922 0.070452 0.022447
0.506890 0.070799 0.020698
0.507350 0.075661 0.021969
0.510810 0.073725 0.023463
0.508026 0.078851 0.021049
0.508391 0.079631 0.022801
0.513789 0.080207 0.027298
0.508429 0.082767 0.023544
0.512932 0.084033 0.026897
0.507424 0.086737 0.021136
0.507604 0.090569 0.023288
0.512053 0.088239 0.026799
0.513275 0.088788 0.028301
0.508394 0.093500 0.024354
0.506521 0.098260 0.021454
0.507544 0.097898 0.023206
0.511724 0.099096 0.027106
0.507201 0.101496 0.022595
0.506548 0.103904 0.021488
0.507293 0.102685 0.022740
0.509289 0.103499 0.024514
0.508223 0.103892 0.022012
0.506594 0.105623 0.021212
0.510398 0.104467 0.024467
0.507199 0.108535 0.022464
0.510959 0.107412 0.025216
0.508291 0.107878 0.023075
0.511836 0.105861 0.026327
0.508621 0.105911 0.021825
0.510682 0.106036 0.022841
0.512503 0.105532 0.023341
0.513018 0.106474 0.023483
0.512719 0.105621 0.022482
0.518339 0.105185 0.027306
0.518916 0.104112 0.025805
0.516899 0.107894 0.022842
0.522902 0.104301 0.027340
0.526422 0.105124 0.029612
0.523902 0.108406 0.024291
0.527371 0.106483 0.027286
0.526376 0.106794 0.024786
0.531294 0.106284 0.027343
0.530522 0.107497 0.024347
0.533107 0.105443 0.025566
0.531712 0.107744 0.023825
0.535704 0.106139 0.027272
0.536951 0.107786 0.024029
0.540639 0.105370 0.027051
0.541513 0.105159 0.026301
0.544783 0.106776 0.027613
0.544078 0.107932 0.026118
0.549050 0.107802 0.027285
0.548316 0.108998 0.024290
0.550788 0.108379 0.024949
0.556408 0.109973 0.024900
0.556198 0.109055 0.025644
0.563607 0.108304 0.029031
0.559096 0.109505 0.024255
0.563689 0.109066 0.024543
0.567268 0.108150 0.027089
0.569666 0.108608 0.024942
0.568087 0.109934 0.024657
0.570924 0.109025 0.024305
0.570017 0.109225 0.024773
0.573677 0.109943 0.022824
0.572816 0.110167 0.021780
0.577995 0.109906 0.023582
0.583058 0.108240 0.023735
0.580613 0.109729 0.023260
0.583454 0.110784 0.021881
0.583124 0.109884 0.023367
0.583057 0.109879 0.024115
0.589925 0.108236 0.026985
0.587420 0.108810 0.025643
0.590279 0.108963 0.024337
0.590914 0.108781 0.026208
0.593876 0.108076 0.024040
0.601330 0.107545 0.027412
0.597972 0.107398 0.025234
0.598846 0.108103 0.026399
0.602405 0.107881 0.025046
0.605488 0.108187 0.025190
0.605241 0.107320 0.025430
0.608452 0.107132 0.025207
0.611227 0.106344 0.024761
0.609504 0.107641 0.025289
0.613101 0.106621 0.026080
0.612235 0.105910 0.025119
0.613862 0.105533 0.025824
0.619030 0.104026 0.026404
0.621803 0.105870 0.025312
0.620489 0.104335 0.025315
0.624693 0.105864 0.024103
0.624215 0.104128 0.024346
0.628122 0.103982 0.024504
0.629301 0.104627 0.024258
0.631947 0.104605 0.025097
0.634295 0.105852 0.025013
0.636165 0.105399 0.024743
0.636553 0.104372 0.025944
0.641944 0.103750 0.025768
0.642841 0.105398 0.024792
0.645276 0.104785 0.025910
0.646937 0.106145 0.024008
0.647737 0.105940 0.024451
0.647684 0.105952 0.024695
0.653098 0.105443 0.026450
0.649979 0.106253 0.024246
0.656085 0.105693 0.027378
0.653297 0.106442 0.023262
0.656593 0.106487 0.023403
0.657641 0.107146 0.023801
0.663260 0.106717 0.026368
0.660980 0.107330 0.023969
0.668506 0.106566 0.026651
0.669444 0.106331 0.026285
0.670602 0.107952 0.024965
0.669765 0.108169 0.024599
0.669798 0.108164 0.024352
0.675703 0.107703 0.026647
0.674174 0.108118 0.024698
0.677999 0.107243 0.026103
0.680879 0.108353 0.024336
0.681678 0.108135 0.025170
0.685840 0.107959 0.026262
0.686641 0.107739 0.027090
0.686800 0.108002 0.025032
0.686841 0.107996 0.024534
0.690211 0.108226 0.024820
0.692427 0.106673 0.027267
0.694970 0.109067 0.024026
0.695304 0.107081 0.025089
0.696413 0.111474 0.026074
0.701886 0.109271 0.027137
0.700459 0.110615 0.025776
0.703943 0.109902 0.026168
0.706001 0.107449 0.027821
0.707437 0.110152 0.026549
0.708182 0.112791 0.025796
0.711082 0.112738 0.025558
0.712113 0.113376 0.027097
0.714791 0.113129 0.025452
0.713898 0.113359 0.025664
0.716555 0.113202 0.025929
0.716596 0.113210 0.024929
0.719012 0.113933 0.026481
0.722417 0.112459 0.027199
0.720268 0.114924 0.025372
0.719369 0.115143 0.025845
0.720696 0.114964 0.025797
0.722881 0.112510 0.027114
0.720133 0.115514 0.025068
0.722561 0.113947 0.026628
0.719245 0.115737 0.024797
0.718725 0.117027 0.024347
0.721130 0.116498 0.024602
0.724691 0.115581 0.028418
0.720798 0.117457 0.025340
0.719907 0.117658 0.025576
0.719395 0.117485 0.025574
0.722100 0.116844 0.027112
0.720112 0.117735 0.026065
0.720297 0.118644 0.025574
0.719115 0.118461 0.025821
0.720732 0.117168 0.026329
0.719168 0.115917 0.026775
0.718629 0.117912 0.026287
0.717682 0.118503 0.025878
