0.517859 -0.108467 0.017749
0.514815 -0.104983 0.018324
0.514455 -0.105998 0.018590
0.514896 -0.106236 0.018752
0.514736 -0.106077 0.019472
0.515402 -0.106639 0.018763
0.515748 -0.106716 0.019258
0.515017 -0.105899 0.019870
0.517546 -0.108794 0.019098
0.514733 -0.105722 0.019665
0.514773 -0.105732 0.020901
0.517989 -0.109031 0.019290
0.518687 -0.108518 0.019133
0.516448 -0.107236 0.019441
0.519571 -0.109515 0.019084
0.516234 -0.106926 0.019748
0.519356 -0.109202 0.019410
0.516657 -0.107047 0.020405
0.516103 -0.106395 0.020273
0.516020 -0.106110 0.020004
0.519908 -0.109195 0.019136
0.519274 -0.108565 0.020503
0.516534 -0.106456 0.021054
0.516604 -0.106511 0.020819
0.519575 -0.108460 0.019886
0.516301 -0.106097 0.020611
0.518974 -0.107764 0.020453
0.515700 -0.105415 0.021169
0.517865 -0.107793 0.020857
0.515819 -0.105484 0.022354
0.517775 -0.107636 0.021860
0.517387 -0.107232 0.021514
0.515981 -0.105727 0.022154
0.516213 -0.105916 0.021500
0.515865 -0.105449 0.021260
0.515641 -0.105292 0.021964
0.515484 -0.105765 0.021955
0.516009 -0.106130 0.020312
0.515970 -0.104905 0.020333
0.516527 -0.105551 0.020483
0.518428 -0.107652 0.020002
0.516355 -0.105509 0.020969
0.518892 -0.108304 0.020639
0.516353 -0.105289 0.021585
0.516455 -0.105401 0.021197
0.515975 -0.104806 0.020813
0.518060 -0.105563 0.020735
0.518111 -0.105652 0.020196
0.520261 -0.106920 0.021228
0.523939 -0.104649 0.029179
0.528457 -0.101036 0.038117
0.534908 -0.097447 0.043990
0.542902 -0.093257 0.050257
0.567953 -0.079209 0.058741
0.578623 -0.079616 0.063049
0.595523 -0.081520 0.062057
0.599681 -0.084818 0.063282
0.609040 -0.094275 0.061180
0.612522 -0.099574 0.058866
0.615940 -0.102473 0.055172
0.617235 -0.104954 0.059392
0.617292 -0.104537 0.047989
0.619350 -0.106081 0.050863
0.611104 -0.100690 0.051424
0.612896 -0.102954 0.053461
0.579444 -0.104628 0.068727
0.510806 -0.102137 0.015836
0.512191 -0.103510 0.018128
0.511236 -0.102375 0.017152
0.511937 -0.103063 0.018420
0.510885 -0.102063 0.017161
0.512494 -0.102584 0.019542
0.511964 -0.101921 0.020782
0.510785 -0.102339 0.017723
0.511465 -0.101722 0.017730
0.510411 -0.102096 0.016278
0.511593 -0.102025 0.018400
0.512168 -0.104001 0.018660
0.510556 -0.102343 0.017840
0.512545 -0.103097 0.018859
0.511226 -0.101690 0.018258
0.511127 -0.102981 0.017757
0.511497 -0.102434 0.018608
0.512699 -0.103632 0.019533
0.510616 -0.101554 0.016521
0.510692 -0.101569 0.017521
0.510904 -0.102097 0.017820
0.511491 -0.102814 0.019286
0.510604 -0.102086 0.015782
0.511181 -0.102737 0.017374
0.513214 -0.103494 0.018881
0.513079 -0.103355 0.019041
0.513004 -0.104649 0.018788
0.511546 -0.101966 0.017465
0.512261 -0.102778 0.019675
0.510828 -0.102698 0.017922
0.510606 -0.102666 0.016558
0.510684 -0.102680 0.017558
0.510613 -0.102549 0.016526
0.510593 -0.102546 0.016276
0.510532 -0.102273 0.016228
0.511143 -0.101692 0.017778
0.510406 -0.102304 0.017026
0.510956 -0.103020 0.016935
0.511734 -0.103719 0.018935
0.512567 -0.104379 0.021193
0.513880 -0.105730 0.022191
0.611205 -0.101690 0.017870
0.612730 -0.104358 0.020234
0.610598 -0.101048 0.016967
0.612696 -0.104388 0.019717
0.610046 -0.101920 0.018093
0.609972 -0.101906 0.017093
0.613006 -0.104554 0.020485
0.615024 -0.105234 0.021748
0.610540 -0.101798 0.017479
0.612494 -0.103874 0.020492
0.610457 -0.101891 0.018986
0.609567 -0.101227 0.017584
0.610556 -0.101790 0.019325
0.612687 -0.103786 0.022080
0.610478 -0.101776 0.018325
0.609864 -0.101078 0.019053
0.609068 -0.101751 0.018310
0.611870 -0.104407 0.021315
0.610259 -0.101900 0.018391
0.610239 -0.101897 0.018141
0.609592 -0.101195 0.017968
0.610234 -0.101854 0.017969
0.610296 -0.101762 0.017949
0.612359 -0.103764 0.020078
0.610342 -0.101776 0.018826
0.610607 -0.101781 0.018880
0.609926 -0.102416 0.018631
0.609893 -0.102239 0.018590
0.612606 -0.104893 0.020592
0.609123 -0.101519 0.017374
0.611995 -0.104209 0.020029
0.609855 -0.102200 0.017277
0.612790 -0.104822 0.020742
0.613542 -0.105488 0.022243
0.610028 -0.102055 0.017957
0.609368 -0.101390 0.017707
0.613470 -0.104105 0.021402
0.609361 -0.101412 0.018149
0.610018 -0.102121 0.018530
0.612567 -0.104761 0.021088
0.609818 -0.102102 0.018587
0.610918 -0.101543 0.027418
0.715816 -0.106681 0.017976
0.714742 -0.106664 0.017867
0.712826 -0.104674 0.017366
0.715275 -0.106278 0.018650
0.713207 -0.104262 0.016400
0.712607 -0.104932 0.016503
0.712704 -0.103544 0.015889
0.712825 -0.104859 0.017639
0.714982 -0.105491 0.019026
0.712969 -0.104774 0.017776
0.713119 -0.104636 0.018929
0.715639 -0.105990 0.018929
0.713035 -0.104491 0.016989
0.712481 -0.104953 0.017790
0.712572 -0.104970 0.018790
0.712546 -0.104635 0.018431
0.716611 -0.105875 0.021141
0.711859 -0.103763 0.017391
0.713154 -0.103841 0.018694
0.712540 -0.104469 0.019195
0.712436 -0.104360 0.018181
0.714457 -0.106361 0.019931
0.712341 -0.104182 0.017986
0.714480 -0.106056 0.021119
0.711595 -0.104645 0.017118
0.713215 -0.105315 0.018185
0.710815 -0.104497 0.017197
0.710884 -0.104508 0.017947
0.711532 -0.105171 0.018197
0.710986 -0.104839 0.017207
0.710680 -0.104550 0.017193
0.712035 -0.104597 0.017943
0.711628 -0.103774 0.021247
0.696217 -0.101886 0.059249
0.693412 -0.101180 0.090000
0.689743 -0.101035 0.088002
0.710753 -0.002351 0.017372
0.709379 -0.002288 0.016372
0.710595 -0.002432 0.016447
0.713985 -0.004507 0.019196
0.710388 -0.002558 0.015838
0.713803 -0.004639 0.018838
0.710246 -0.002785 0.016764
0.710060 -0.001696 0.016449
0.713430 -0.003762 0.018948
0.710720 -0.002554 0.017313
0.709962 -0.001853 0.015813
0.710079 -0.001916 0.016229
0.709903 -0.001853 0.014229
0.710166 -0.002138 0.015874
0.709603 -0.001569 0.014836
0.715140 -0.005692 0.020833
0.709864 -0.002962 0.017332
0.713840 -0.004387 0.019331
0.713828 -0.005740 0.019579
0.711537 -0.002573 0.017426
0.710081 -0.002482 0.015426
0.712045 -0.003276 0.018094
0.710620 -0.001909 0.016095
0.712774 -0.003937 0.018830
0.710008 -0.002521 0.016081
0.710639 -0.001860 0.015068
0.710970 -0.001918 0.016659
0.712393 -0.003285 0.018658
0.709532 -0.001833 0.014909
0.710103 -0.001773 0.015485
0.711212 -0.002522 0.017352
0.713245 -0.003250 0.018852
0.710736 -0.001881 0.016410
0.710713 -0.001873 0.016160
0.710410 -0.001445 0.016442
0.709670 -0.002081 0.014904
0.712475 -0.003513 0.017903
0.713927 -0.003762 0.018934
0.710463 -0.001661 0.015434
0.712798 -0.003743 0.018252
0.710069 -0.001047 0.015752
0.713485 -0.004424 0.018519
0.710134 -0.001076 0.016018
0.712067 -0.001654 0.017578
0.715146 -0.004914 0.022085
0.616614 -0.007366 0.019410
0.618691 -0.009219 0.019305
0.616205 -0.007664 0.019732
0.616634 -0.007772 0.019226
0.620095 -0.009690 0.019749
0.617389 -0.007871 0.018362
0.616628 -0.007841 0.017991
0.616738 -0.007480 0.019419
0.616896 -0.007651 0.018701
0.619967 -0.008585 0.018650
0.619326 -0.009198 0.019132
0.617347 -0.008229 0.019813
0.617871 -0.007181 0.019086
0.620976 -0.007767 0.019909
0.618585 -0.007599 0.019551
0.620617 -0.008613 0.018933
0.618264 -0.006774 0.019511
0.619887 -0.008681 0.020095
0.617646 -0.007283 0.019456
0.617588 -0.007225 0.019694
0.616885 -0.007719 0.020300
0.620681 -0.009500 0.019741
0.618598 -0.008050 0.019296
0.617586 -0.007732 0.019256
0.621141 -0.009285 0.019675
0.618666 -0.007749 0.020102
0.621708 -0.009992 0.019978
0.618171 -0.008468 0.019697
0.618866 -0.007960 0.019541
0.618904 -0.007975 0.019568
0.620645 -0.010315 0.021664
0.621341 -0.009809 0.021508
0.619301 -0.008576 0.020266
0.618179 -0.008549 0.019814
0.618167 -0.008864 0.019732
0.621530 -0.008939 0.021097
0.619830 -0.011049 0.019647
0.522398 -0.012305 0.018549
0.517602 -0.009587 0.017853
0.521269 -0.012414 0.018035
0.516741 -0.009986 0.018810
0.521634 -0.011822 0.018566
0.518164 -0.011105 0.018472
0.517404 -0.010270 0.019049
0.518342 -0.010445 0.018935
0.518280 -0.010380 0.019169
0.517772 -0.009877 0.019752
0.518410 -0.010583 0.019660
0.522903 -0.012052 0.019846
0.521186 -0.013609 0.018830
0.518763 -0.010906 0.018674
0.518176 -0.010287 0.020767
0.518339 -0.010995 0.020040
0.518906 -0.010984 0.019773
0.521178 -0.013539 0.020430
0.519050 -0.011930 0.018865
0.521543 -0.012951 0.020508
0.519024 -0.011396 0.020631
0.520943 -0.013409 0.021155
0.518008 -0.011362 0.020634
0.518102 -0.010976 0.021458
0.517682 -0.010489 0.020821
0.518346 -0.010773 0.021602
0.521410 -0.012969 0.021692
0.517705 -0.011337 0.022088
0.520895 -0.012402 0.021827
0.521310 -0.014010 0.021289
0.521632 -0.013823 0.021282
0.520932 -0.013030 0.021546
0.518754 -0.011478 0.021687
0.519961 -0.013939 0.022710
0.518226 -0.010674 0.022449
0.520946 -0.013662 0.022128
0.517417 -0.010912 0.021545
0.521151 -0.012733 0.022007
0.518174 -0.010621 0.021609
0.517651 -0.011506 0.021398
0.517689 -0.011536 0.021820
0.520732 -0.012427 0.022093
0.518101 -0.011025 0.022913
0.519918 -0.013060 0.023074
0.517649 -0.010724 0.022565
0.518030 -0.009912 0.023304
0.518358 -0.010393 0.022099
0.520817 -0.013128 0.022255
0.518970 -0.009952 0.022064
0.521493 -0.012783 0.022348
0.518498 -0.010709 0.021894
0.518347 -0.010549 0.022435
0.517794 -0.011237 0.022247
0.517565 -0.010998 0.022925
0.519400 -0.013077 0.022960
0.517460 -0.011061 0.022993
0.516829 -0.010360 0.023006
0.520224 -0.014335 0.022005
0.516668 -0.010417 0.023177
0.512180 -0.008310 0.045581
0.515983 0.092290 0.017279
0.515211 0.093146 0.018165
0.516193 0.091963 0.018114
0.515514 0.092712 0.018509
0.519582 0.090558 0.018618
0.517210 0.091896 0.017375
0.520442 0.090849 0.019321
0.518635 0.091404 0.017993
0.516961 0.092010 0.018729
0.516271 0.092759 0.019095
0.521851 0.090377 0.019853
0.516761 0.091933 0.018864
0.516125 0.092623 0.018983
0.520829 0.089974 0.019022
0.517330 0.092395 0.019258
0.521385 0.090475 0.020262
0.516893 0.092633 0.019112
0.517471 0.092004 0.019241
0.517043 0.092405 0.019359
0.522191 0.090328 0.021556
0.521656 0.089775 0.018994
0.517783 0.092347 0.019799
0.517404 0.092876 0.019602
0.522247 0.090202 0.020108
0.518253 0.092128 0.019796
0.517671 0.092752 0.019657
0.517061 0.093140 0.020320
0.517728 0.093679 0.020159
0.518510 0.092654 0.019710
0.522043 0.090147 0.020505
0.517989 0.091904 0.019525
0.517972 0.093294 0.020260
0.518175 0.093125 0.019552
0.518460 0.093197 0.019699
0.517852 0.092767 0.020178
0.517524 0.094260 0.021300
0.518583 0.092487 0.018564
0.518351 0.092700 0.020026
0.522555 0.090740 0.020669
0.522110 0.091394 0.020764
0.518158 0.093440 0.019672
0.520909 0.091718 0.021006
0.517570 0.094060 0.019539
0.520010 0.091689 0.019673
0.517510 0.093248 0.019815
0.520275 0.091687 0.018833
0.611734 0.096741 0.017064
0.611527 0.097165 0.016332
0.613675 0.095139 0.019879
0.611798 0.096778 0.016569
0.612562 0.094804 0.018605
0.611506 0.097138 0.016320
0.613930 0.094895 0.017458
0.614723 0.094213 0.020490
0.614968 0.093934 0.019774
0.610988 0.096521 0.016609
0.612822 0.096332 0.016602
0.611549 0.096228 0.015685
0.610911 0.096867 0.015646
0.611653 0.096223 0.017470
0.612408 0.094307 0.020053
0.611814 0.096327 0.017262
0.613170 0.095041 0.019091
0.611846 0.096574 0.018020
0.611697 0.095619 0.019825
0.611561 0.096924 0.017289
0.611603 0.096913 0.018041
0.610712 0.096479 0.017214
0.612038 0.095271 0.019211
0.611953 0.096572 0.017684
0.613323 0.094074 0.019903
0.610330 0.096838 0.017587
0.612407 0.096136 0.020129
0.611023 0.097458 0.018338
0.611573 0.095836 0.020056
0.611164 0.097151 0.019031
0.610436 0.096544 0.017780
0.611341 0.097397 0.018188
0.611290 0.097416 0.017437
0.610888 0.096638 0.019179
0.611519 0.097362 0.017815
0.611587 0.097335 0.018817
0.611423 0.096037 0.018964
0.610833 0.096899 0.018916
0.610850 0.096893 0.019167
0.610033 0.097738 0.019208
0.612123 0.095730 0.021738
0.610546 0.097195 0.019338
0.610326 0.097283 0.016336
0.611852 0.097319 0.017971
0.610996 0.096771 0.017407
0.611707 0.096094 0.018416
0.610824 0.096462 0.017475
0.612280 0.095096 0.019993
0.611685 0.097198 0.016869
0.611085 0.096593 0.018410
0.610390 0.097268 0.017653
0.610535 0.097164 0.019109
0.610459 0.097195 0.018108
0.608679 0.097412 0.036321
0.602333 0.097114 0.048304
0.710450 0.096969 0.016131
0.710978 0.097308 0.015476
0.710330 0.097947 0.015472
0.713806 0.094650 0.019427
0.710320 0.097969 0.015910
0.710878 0.097179 0.016232
0.710193 0.097872 0.016251
0.713652 0.095839 0.019512
0.710155 0.097894 0.015751
0.713052 0.095162 0.018755
0.710831 0.097154 0.015994
0.712958 0.095145 0.018500
0.712883 0.094044 0.019221
0.711524 0.096616 0.018468
0.710555 0.097409 0.015834
0.710428 0.097426 0.015972
0.711158 0.098018 0.017223
0.714572 0.094603 0.020211
0.710391 0.097295 0.015956
0.710971 0.097867 0.015622
0.710882 0.097670 0.016922
0.713783 0.094970 0.021173
0.710794 0.097551 0.016263
0.713627 0.094887 0.019514
0.710863 0.097481 0.016173
0.712996 0.095477 0.018673
0.710873 0.097447 0.015966
0.710931 0.097414 0.016716
0.713821 0.094836 0.019521
0.710335 0.098134 0.016271
0.710180 0.097983 0.015077
0.713639 0.095964 0.018078
0.713344 0.095204 0.018865
0.710645 0.097844 0.014920
0.711335 0.097185 0.015420
0.710970 0.097724 0.016516
0.710811 0.097813 0.014516
0.713745 0.095003 0.017889
0.710274 0.098166 0.014831
0.711063 0.097450 0.016581
0.713158 0.095380 0.018158
0.710433 0.097994 0.016407
0.713112 0.095179 0.018866
0.710415 0.097820 0.016704
0.713193 0.095176 0.019205
0.709604 0.098549 0.014704
0.710374 0.097918 0.016237
0.710470 0.097861 0.016509
0.713298 0.093925 0.019515
0.709422 0.098046 0.016081
0.714908 0.095344 0.020860
0.710312 0.097260 0.014579
0.712399 0.095285 0.016610
0.710757 0.097009 0.014640
0.713624 0.094143 0.015808
0.710933 0.097011 0.012587
0.711016 0.096979 0.014091
0.710413 0.097592 0.014809
0.710914 0.097314 0.013106
0.711223 0.096981 0.014172
0.710626 0.097596 0.015127
0.711466 0.096815 0.015379
0.710329 0.096700 0.014304
0.711048 0.096071 0.016368
0.711669 0.096706 0.016369
0.712573 0.096049 0.026654
0.715994 0.093190 0.030311
0.698512 0.095303 0.076299
