0.513659 -0.088314 0.102621
0.514787 -0.088242 0.101371
0.516852 -0.090195 0.103119
0.516681 -0.090185 0.103930
0.514124 -0.088929 0.103431
0.514462 -0.088250 0.103067
0.517028 -0.090752 0.103565
0.513657 -0.088602 0.102277
0.517487 -0.089866 0.103026
0.513614 -0.088459 0.101714
0.516824 -0.090355 0.102463
0.513723 -0.088309 0.102534
0.516250 -0.089561 0.102783
0.516767 -0.088712 0.101287
0.521345 -0.090682 0.103535
0.521543 -0.089201 0.102293
0.526015 -0.091122 0.103542
0.526002 -0.089055 0.101997
0.529223 -0.090979 0.103248
0.528283 -0.087700 0.101250
0.531503 -0.088386 0.102498
0.536361 -0.088884 0.102337
0.536262 -0.087562 0.100835
0.540758 -0.088659 0.102744
0.541933 -0.088603 0.101493
0.544177 -0.088459 0.102142
0.547392 -0.090416 0.103891
0.548420 -0.087518 0.101346
0.549059 -0.088158 0.101596
0.553003 -0.089266 0.101749
0.556811 -0.090581 0.102997
0.557574 -0.087172 0.100823
0.561449 -0.091074 0.103825
0.562538 -0.087585 0.102056
0.567029 -0.092123 0.105558
0.567903 -0.087274 0.101626
0.568523 -0.086638 0.101375
0.573140 -0.086358 0.100937
0.575708 -0.088979 0.103188
0.576793 -0.085466 0.100362
0.578065 -0.085498 0.100861
0.582146 -0.085788 0.099590
0.582800 -0.085200 0.100339
0.586023 -0.084953 0.098937
0.586642 -0.084302 0.098436
0.593623 -0.088754 0.102644
0.595496 -0.088130 0.102392
0.594414 -0.083439 0.097641
0.598854 -0.086724 0.099890
0.596320 -0.084120 0.098390
0.600248 -0.084046 0.098643
0.599628 -0.084697 0.099144
0.603270 -0.084385 0.098901
0.602625 -0.086258 0.098652
0.606695 -0.085997 0.099028
0.606068 -0.085365 0.099028
0.609746 -0.087657 0.100942
0.612920 -0.089642 0.103192
0.615462 -0.089496 0.103225
0.617363 -0.090186 0.104725
0.615794 -0.088715 0.100751
0.618987 -0.090703 0.103251
0.620381 -0.089242 0.100312
0.622325 -0.091227 0.102812
0.627813 -0.091852 0.103821
0.623989 -0.089228 0.101071
0.627746 -0.089426 0.102844
0.631538 -0.090750 0.104343
0.629871 -0.090588 0.101918
0.632454 -0.091951 0.104667
0.634284 -0.090018 0.102501
0.634244 -0.088697 0.101001
0.636776 -0.090611 0.101732
0.639375 -0.093252 0.104981
0.640514 -0.089280 0.101347
0.642472 -0.092542 0.104097
0.643362 -0.089805 0.101749
0.646590 -0.093079 0.104748
0.647095 -0.089708 0.101986
0.649672 -0.092319 0.103985
0.651684 -0.090987 0.102695
0.652992 -0.092317 0.104445
0.654807 -0.090327 0.102027
0.654140 -0.090922 0.101027
0.657440 -0.090889 0.101190
0.659438 -0.092918 0.104690
0.662789 -0.091694 0.103648
0.662803 -0.091712 0.104148
0.662708 -0.090315 0.100648
0.668048 -0.091085 0.103133
0.671692 -0.091254 0.103221
0.671082 -0.091922 0.104221
0.675330 -0.091369 0.103493
0.675955 -0.090716 0.102994
0.677929 -0.094017 0.106743
0.682324 -0.092080 0.104584
0.684248 -0.095305 0.106333
0.686455 -0.092886 0.104840
0.687085 -0.092243 0.104591
0.691616 -0.091908 0.104809
0.692262 -0.092569 0.105559
0.695246 -0.091984 0.104624
0.693360 -0.092651 0.105372
0.698203 -0.093235 0.105711
0.698182 -0.093191 0.104461
0.702010 -0.093175 0.106652
0.703897 -0.092517 0.106155
0.705830 -0.093135 0.105817
0.709036 -0.095100 0.108316
0.710083 -0.092535 0.105438
0.712667 -0.095146 0.108185
0.712780 -0.092562 0.106217
0.714064 -0.092590 0.107218
0.715968 -0.091842 0.106701
0.719830 -0.094458 0.109700
0.714864 -0.091704 0.106755
0.718131 -0.094962 0.109754
0.714194 -0.089768 0.106007
0.718290 -0.087962 0.110758
0.716284 -0.078465 0.104896
0.719642 -0.079373 0.109647
0.716454 -0.071479 0.106534
0.715092 -0.068811 0.105035
0.716148 -0.066053 0.104806
0.714220 -0.064157 0.105057
0.714099 -0.058875 0.105876
0.718780 -0.062343 0.109374
0.714985 -0.054349 0.103932
0.715084 -0.053250 0.105934
0.713791 -0.048125 0.103676
0.713868 -0.046988 0.105177
0.715209 -0.042651 0.103408
0.715206 -0.041386 0.103660
0.713295 -0.039551 0.104413
0.717343 -0.040630 0.107575
0.715117 -0.034481 0.104083
0.715951 -0.029711 0.103836
0.716742 -0.023737 0.103446
0.716088 -0.023098 0.103447
0.714863 -0.021975 0.104698
0.717645 -0.017560 0.103843
0.717369 -0.012814 0.103607
0.716663 -0.012079 0.102858
0.717307 -0.005789 0.102636
0.720087 -0.009885 0.104630
0.715954 -0.000460 0.102680
0.716628 -0.001132 0.102929
0.713738 0.001062 0.104621
0.713064 0.001731 0.104371
0.712089 0.004263 0.104069
0.712893 0.000895 0.105315
0.709646 0.005886 0.103075
0.711109 0.003141 0.104572
0.709766 0.006874 0.103869
0.709114 0.006252 0.103618
0.709685 0.003823 0.106997
0.703996 0.006937 0.101499
0.702864 0.009675 0.100060
0.699347 0.005436 0.102801
0.697027 0.008658 0.102964
0.695175 0.009650 0.104009
0.690589 0.009017 0.103258
0.691303 0.007066 0.103506
0.685704 0.011486 0.096941
0.682325 0.009445 0.090439
0.681951 0.008481 0.103135
0.677124 0.008555 0.103954
0.676790 0.007484 0.101204
0.679964 0.003306 0.105203
0.676094 0.001394 0.106092
0.678283 -0.000636 0.107842
0.667984 0.005385 0.104793
0.670861 0.000127 0.106294
0.664078 0.005259 0.103470
0.666488 -0.000741 0.106222
0.657499 0.004515 0.101556
0.658694 0.003277 0.100556
0.653398 0.004075 0.102875
0.657153 -0.000632 0.105876
0.648324 0.003480 0.101977
0.651789 -0.002007 0.107479
0.644323 0.003354 0.102235
0.646730 -0.000049 0.104986
0.645873 0.001973 0.103735
0.641652 0.000426 0.105236
0.638697 0.004025 0.098735
0.638199 -0.000443 0.104258
0.635785 0.002964 0.101507
0.634716 -0.000205 0.105796
0.625968 0.003553 0.100837
0.626053 0.002203 0.101338
0.624210 -0.001759 0.105897
0.621435 0.001742 0.100644
0.616263 0.000268 0.100375
0.619607 -0.003851 0.104878
0.613105 0.000788 0.102012
0.613456 -0.003266 0.104268
0.605485 0.000783 0.101664
0.607950 -0.002629 0.104668
0.604942 -0.001239 0.102417
0.604331 -0.004752 0.105786
0.601651 -0.001308 0.101281
0.599600 -0.000636 0.101031
0.599804 -0.003337 0.102285
0.589398 0.000452 0.101424
0.588096 0.000445 0.101674
0.588056 0.000453 0.101424
0.587347 -0.000205 0.101176
0.585965 -0.000196 0.100926
0.586962 -0.002256 0.102929
0.585132 -0.000832 0.099928
0.586214 -0.002906 0.102431
0.588422 -0.003606 0.103681
0.584504 -0.002844 0.100181
0.586341 -0.005586 0.103185
0.582530 -0.003517 0.100433
0.582616 -0.004865 0.100936
0.581650 -0.005493 0.099187
0.583461 -0.008220 0.101941
0.582745 -0.006216 0.101688
0.583797 -0.009584 0.103943
0.583167 -0.006852 0.100189
0.585719 -0.008912 0.103441
0.581360 -0.006210 0.101438
0.584971 -0.010898 0.102945
0.580347 -0.006836 0.099440
0.580095 -0.009489 0.097944
0.578828 -0.008156 0.098443
0.582543 -0.010197 0.100444
0.578914 -0.008165 0.098943
0.578871 -0.008161 0.098693
0.579806 -0.008856 0.100193
0.578871 -0.008161 0.098693
0.580857 -0.010168 0.098445
0.581029 -0.011521 0.099447
0.581027 -0.010182 0.099445
0.582671 -0.011542 0.101197
0.587305 -0.014237 0.104949
0.588638 -0.014237 0.104949
0.584140 -0.012883 0.101948
0.590715 -0.014902 0.105449
0.591970 -0.014898 0.104948
0.593668 -0.012892 0.102944
0.594965 -0.011560 0.102692
0.596371 -0.010238 0.103189
0.598475 -0.008260 0.103935
0.598438 -0.006929 0.103682
0.600123 -0.003553 0.101426
0.600859 -0.002901 0.101925
0.603658 -0.000273 0.102919
0.604320 0.001720 0.102915
0.605683 0.003038 0.103163
0.607736 0.006335 0.103656
0.608905 0.010378 0.102399
0.609540 0.011056 0.102148
0.609356 0.012468 0.100645
0.614513 0.012893 0.104893
0.618446 0.010604 0.110645
0.612766 0.019754 0.101382
0.614910 0.019002 0.102632
0.614546 0.020555 0.099380
0.615214 0.021223 0.099378
0.616550 0.022560 0.099375
0.617404 0.023099 0.101124
0.618039 0.025118 0.100871
0.617316 0.025826 0.100370
0.618675 0.027140 0.100617
0.618701 0.027120 0.100867
0.619932 0.028536 0.099864
0.622834 0.025681 0.102118
0.620624 0.029182 0.100113
0.623594 0.026267 0.103116
0.622154 0.030344 0.102110
0.625699 0.028154 0.104362
0.622494 0.033975 0.098854
0.626910 0.029586 0.103109
0.624000 0.033811 0.100604
0.624118 0.033695 0.101854
0.623949 0.035195 0.100101
0.626280 0.032866 0.103604
0.630626 0.031154 0.107855
0.626108 0.037026 0.101847
0.629106 0.034004 0.105601
0.625600 0.037520 0.103597
0.627640 0.036803 0.104097
0.628219 0.036235 0.103098
0.631197 0.033223 0.106852
0.630450 0.033978 0.105851
0.633361 0.031039 0.109104
0.630312 0.031487 0.104105
0.631724 0.030071 0.105107
0.633599 0.028206 0.103609
0.636440 0.026674 0.106110
0.638354 0.026091 0.105110
0.640443 0.023990 0.106613
0.640376 0.024065 0.105613
0.643050 0.024026 0.106112
0.644963 0.022133 0.104864
0.648870 0.020895 0.103615
0.650942 0.020111 0.105365
0.653565 0.018821 0.104866
0.657595 0.017386 0.106617
0.658940 0.016021 0.107369
0.660232 0.016067 0.106618
0.664845 0.014091 0.106619
0.666110 0.015560 0.104116
0.670776 0.013419 0.106868
0.670092 0.015501 0.105115
0.672738 0.012845 0.105368
0.674720 0.012171 0.105619
0.676696 0.012888 0.104617
0.677358 0.012214 0.104867
0.680659 0.011541 0.105117
0.682627 0.009486 0.106620
0.685253 0.006819 0.107373
0.685285 0.009575 0.104868
0.686614 0.009601 0.104368
0.687289 0.008977 0.103619
0.689274 0.009640 0.103617
0.690587 0.009617 0.104116
0.691910 0.008294 0.104118
0.692579 0.007645 0.103869
0.692599 0.007679 0.103119
0.693290 0.007062 0.102119
0.692620 0.006387 0.102371
0.693904 0.004998 0.103873
0.693919 0.005019 0.103372
0.694605 0.004387 0.102623
0.693912 0.005009 0.103622
0.695850 0.002967 0.105125
0.694559 0.004327 0.104123
0.696468 0.002261 0.106376
0.695899 0.003024 0.103625
0.696528 0.002325 0.104626
0.695883 0.003005 0.104125
0.695948 0.003081 0.102125
0.697207 0.001683 0.104127
0.699087 -0.001705 0.106882
0.699863 0.001694 0.103876
0.703003 -0.001724 0.107630
0.700545 0.002375 0.103374
0.702467 0.000340 0.104877
0.701783 0.002303 0.105374
0.703718 0.000291 0.106376
0.703138 0.001010 0.104625
0.701871 0.001051 0.103376
0.703116 0.000992 0.105125
0.703026 -0.001709 0.107130
0.702522 0.000381 0.103627
0.701765 -0.002992 0.105883
0.701795 -0.000330 0.105128
0.704223 -0.003092 0.109632
0.702401 -0.001028 0.106379
0.702434 -0.001005 0.105629
0.702445 -0.000997 0.105379
0.701083 -0.001029 0.106380
0.702434 -0.001005 0.105629
0.701742 -0.001688 0.106380
0.704805 -0.005093 0.111135
0.700475 -0.000331 0.105129
0.699854 0.000362 0.104128
0.701689 -0.003040 0.107633
0.702924 -0.003087 0.109382
0.699058 -0.001727 0.107632
0.696496 -0.001670 0.105633
0.692526 -0.003006 0.106136
0.689248 -0.003647 0.105389
0.687278 -0.004296 0.104891
0.685963 -0.005612 0.104644
0.685284 -0.004982 0.105893
0.681996 -0.004299 0.104893
