0.514902 -0.091207 0.114687
0.513360 -0.090997 0.113701
0.515383 -0.092917 0.115200
0.513616 -0.090390 0.113914
0.514940 -0.091659 0.114663
0.513875 -0.089851 0.114380
0.513408 -0.089875 0.114337
0.514064 -0.089274 0.114839
0.515577 -0.090986 0.115365
0.514277 -0.089736 0.114866
0.513816 -0.089883 0.115090
0.513147 -0.090153 0.113754
0.513842 -0.092029 0.114252
0.515135 -0.090667 0.115083
0.515784 -0.091289 0.115333
0.514760 -0.091017 0.117222
0.512098 -0.089640 0.115263
0.513353 -0.088415 0.115765
0.511846 -0.088428 0.114510
0.511229 -0.091588 0.116173
0.511783 -0.088489 0.116178
0.513748 -0.090373 0.117177
0.513436 -0.088817 0.116077
0.512183 -0.089236 0.115488
0.513547 -0.091751 0.116486
0.513459 -0.088432 0.116162
0.514647 -0.087145 0.115917
0.514308 -0.087350 0.114902
0.513800 -0.089305 0.115895
0.513602 -0.086783 0.114944
0.511178 -0.090795 0.115481
0.513465 -0.085739 0.115257
0.512521 -0.086869 0.115633
0.513192 -0.087535 0.116383
0.513122 -0.087126 0.115032
0.512508 -0.086600 0.115782
0.512744 -0.086918 0.116590
0.511052 -0.088159 0.116643
0.511617 -0.087445 0.115898
0.510316 -0.087554 0.116339
0.509691 -0.087009 0.116838
0.509871 -0.088525 0.116774
0.510629 -0.090509 0.118526
0.508190 -0.088218 0.117483
0.511217 -0.090774 0.119074
0.508009 -0.088910 0.117272
0.511222 -0.092754 0.119498
0.506863 -0.092210 0.117913
0.511659 -0.094705 0.119749
0.505449 -0.093611 0.117562
0.506020 -0.095629 0.119310
0.509848 -0.096537 0.121263
0.504981 -0.096627 0.118031
0.505258 -0.096382 0.117326
0.504809 -0.100658 0.118296
0.508041 -0.099463 0.118171
0.506878 -0.100712 0.118173
0.502863 -0.101161 0.114883
0.504133 -0.099703 0.116429
0.507047 -0.100101 0.118814
0.503722 -0.098506 0.116719
0.508288 -0.099427 0.117471
0.503760 -0.100999 0.115213
0.503760 -0.104395 0.117707
0.507123 -0.103891 0.118837
0.504521 -0.104351 0.116057
0.505627 -0.104199 0.116765
0.507266 -0.101605 0.117194
0.507855 -0.103198 0.118381
0.507986 -0.101245 0.117517
0.511174 -0.101720 0.120482
0.516854 -0.092395 0.115163
0.516917 -0.092444 0.115913
0.517132 -0.092038 0.115313
0.518378 -0.092022 0.115314
0.517249 -0.091605 0.115308
0.519529 -0.094290 0.117107
0.518938 -0.094935 0.117356
0.518338 -0.095180 0.117628
0.516826 -0.091306 0.115133
0.516503 -0.092685 0.115568
0.516462 -0.092652 0.115068
0.517486 -0.095538 0.116522
0.517657 -0.095379 0.117438
0.516224 -0.092630 0.114895
0.516263 -0.092664 0.115395
0.514438 -0.093985 0.114101
0.515827 -0.094072 0.115852
0.516098 -0.092599 0.116953
0.517481 -0.095124 0.117949
0.517529 -0.092404 0.118231
0.517538 -0.093634 0.117980
0.515992 -0.091089 0.118954
0.512580 -0.091198 0.117288
0.511985 -0.091849 0.117538
0.508971 -0.095955 0.118222
0.509035 -0.097233 0.118724
0.508921 -0.096516 0.117721
0.508227 -0.097122 0.116972
0.508864 -0.097626 0.118064
0.512287 -0.099258 0.121086
0.510128 -0.098549 0.118083
0.508097 -0.096453 0.118241
0.507445 -0.097084 0.117992
0.506276 -0.097300 0.119084
0.506340 -0.098581 0.119587
0.508089 -0.098756 0.122237
0.510800 -0.097597 0.120038
0.511294 -0.098168 0.118041
0.514675 -0.098772 0.120314
0.517644 -0.095784 0.117798
0.519644 -0.094183 0.119682
0.517833 -0.092815 0.120152
0.515678 -0.090969 0.118381
0.517618 -0.092862 0.120484
0.514837 -0.091733 0.118437
0.513711 -0.089906 0.117418
0.520015 -0.092644 0.121796
0.513651 -0.090028 0.119047
0.516621 -0.090317 0.120648
0.513196 -0.090028 0.117270
0.512473 -0.089503 0.117507
0.512811 -0.088848 0.118151
0.515457 -0.089736 0.119862
0.515920 -0.088936 0.119167
0.514923 -0.088386 0.118508
0.515395 -0.087622 0.118824
0.516270 -0.087205 0.120076
0.516936 -0.086677 0.119533
0.516502 -0.087384 0.117951
0.516986 -0.087748 0.118111
0.518209 -0.087406 0.119727
0.517672 -0.086432 0.118307
0.517680 -0.086468 0.118807
0.519533 -0.085581 0.118238
0.518837 -0.084926 0.118781
0.515991 -0.085002 0.119082
0.516426 -0.085637 0.120062
0.514690 -0.085151 0.119992
0.515113 -0.085617 0.119559
0.513368 -0.085212 0.119737
0.513162 -0.083907 0.118938
0.512188 -0.084370 0.118364
0.513223 -0.083629 0.118252
0.512368 -0.084239 0.118862
0.512383 -0.084276 0.119362
0.512539 -0.083091 0.119170
0.511024 -0.082655 0.118411
0.512263 -0.082545 0.118945
0.511338 -0.082417 0.118161
0.511575 -0.082236 0.118218
0.511625 -0.081327 0.118058
0.510212 -0.081247 0.118501
0.508729 -0.081252 0.117824
0.511458 -0.082339 0.119331
0.508623 -0.081355 0.117733
0.510471 -0.082378 0.119213
0.507398 -0.088831 0.118714
0.509262 -0.088910 0.120017
0.506269 -0.089107 0.117667
0.505158 -0.090402 0.116661
0.506048 -0.090262 0.117884
0.507901 -0.091194 0.118873
0.505724 -0.090191 0.117108
0.505490 -0.090359 0.116393
0.505525 -0.090356 0.116894
0.505223 -0.090414 0.117337
0.508037 -0.092266 0.119573
0.505943 -0.090654 0.117690
0.506885 -0.090679 0.118203
0.509476 -0.092621 0.119025
0.510280 -0.094614 0.120001
0.507676 -0.090011 0.117235
0.509390 -0.091828 0.119485
0.505751 -0.089809 0.117184
0.505512 -0.090640 0.117662
0.505414 -0.090698 0.116412
0.505956 -0.091470 0.117058
0.506469 -0.092239 0.118349
0.508914 -0.095212 0.120476
0.508261 -0.095004 0.118379
0.508821 -0.096977 0.118221
0.507598 -0.093015 0.115872
0.508083 -0.095570 0.117566
0.508564 -0.093083 0.115158
0.506342 -0.094160 0.115187
0.507460 -0.093543 0.114898
0.508483 -0.096612 0.115219
0.506949 -0.095251 0.114354
0.507542 -0.096254 0.114040
0.507987 -0.099050 0.113916
0.509149 -0.096326 0.115431
0.508624 -0.098507 0.114618
0.510412 -0.101252 0.115385
0.509611 -0.099367 0.114888
0.512144 -0.102517 0.116206
0.509473 -0.100296 0.113571
0.508812 -0.099661 0.115517
0.509834 -0.100373 0.118698
0.508702 -0.099721 0.119091
0.508630 -0.101688 0.127320
0.613532 -0.090090 0.116878
0.612224 -0.090072 0.116128
0.616061 -0.092712 0.120400
0.617383 -0.093964 0.121152
0.612925 -0.091196 0.118007
0.617605 -0.094389 0.121260
0.610876 -0.094450 0.119649
0.607530 -0.096304 0.119888
0.610736 -0.096597 0.122467
0.606606 -0.095275 0.118700
0.606735 -0.096567 0.119961
0.605589 -0.099871 0.118119
0.608866 -0.098923 0.120214
0.605507 -0.100825 0.117969
0.608301 -0.101799 0.119920
0.606044 -0.100173 0.118579
0.609293 -0.102066 0.119700
0.606641 -0.100818 0.118110
0.607670 -0.101188 0.119498
0.610136 -0.100287 0.121421
0.609412 -0.100968 0.119924
0.613073 -0.101782 0.120710
0.610195 -0.098948 0.117526
0.610876 -0.100828 0.118144
0.610987 -0.101624 0.119335
0.612491 -0.100044 0.118031
0.615574 -0.096763 0.118068
0.617600 -0.095807 0.118457
0.616320 -0.095898 0.117619
0.622502 -0.096131 0.119150
0.617055 -0.094705 0.118775
0.619565 -0.094438 0.120497
0.617222 -0.094026 0.118474
0.619584 -0.092452 0.120157
0.617190 -0.092263 0.117826
0.617344 -0.093528 0.117647
0.618854 -0.091625 0.118841
0.619025 -0.092566 0.118097
0.619522 -0.091827 0.118391
0.622869 -0.094203 0.119422
0.619003 -0.090560 0.118156
0.617253 -0.089522 0.117547
0.619068 -0.089630 0.119640
0.614972 -0.088276 0.117813
0.616749 -0.088317 0.120176
0.614849 -0.087138 0.118702
0.616482 -0.085981 0.117713
0.614888 -0.087171 0.117915
0.614964 -0.086444 0.117883
0.618706 -0.086257 0.119929
0.617767 -0.087141 0.120611
0.616931 -0.084853 0.119435
0.615828 -0.088031 0.119511
0.614954 -0.082983 0.117317
0.614310 -0.084657 0.117907
0.613691 -0.083513 0.117419
0.614641 -0.082260 0.116646
0.614941 -0.084220 0.117141
0.615667 -0.083743 0.118889
0.616480 -0.081160 0.117891
0.616058 -0.084304 0.118662
0.615892 -0.081497 0.118258
0.614893 -0.080988 0.118608
0.613479 -0.080934 0.119540
0.613633 -0.080893 0.118043
0.612471 -0.080107 0.120146
0.611559 -0.083154 0.120071
0.612228 -0.080499 0.118563
0.613137 -0.080661 0.118205
0.613324 -0.079667 0.117979
0.612234 -0.080727 0.118125
0.612438 -0.079838 0.117700
0.610909 -0.082505 0.118502
0.612310 -0.080035 0.118091
0.611142 -0.082256 0.117470
0.611604 -0.081301 0.117914
0.611874 -0.079591 0.118785
0.610504 -0.080428 0.117206
0.608665 -0.083063 0.116419
0.609298 -0.084138 0.117474
0.608937 -0.084703 0.116734
0.609393 -0.086635 0.117499
0.610705 -0.088195 0.116119
0.611666 -0.087567 0.118244
0.610567 -0.091815 0.117767
0.611863 -0.090306 0.117149
0.612539 -0.091170 0.114928
0.612934 -0.089474 0.116460
0.611157 -0.090003 0.117446
0.610091 -0.094529 0.117052
0.608770 -0.091505 0.114938
0.609037 -0.090667 0.115676
0.608480 -0.089562 0.115094
0.606605 -0.091263 0.114780
0.605244 -0.089846 0.115877
0.606090 -0.092313 0.115643
0.605837 -0.092737 0.115120
0.606971 -0.092241 0.115656
0.606692 -0.092768 0.113116
0.607095 -0.095699 0.115288
0.607442 -0.094821 0.116984
0.609043 -0.095420 0.115577
0.610590 -0.094282 0.115305
0.611942 -0.096735 0.114601
0.613489 -0.095581 0.115079
0.613737 -0.096986 0.114199
0.613432 -0.096069 0.112456
0.611645 -0.096756 0.115443
0.611661 -0.095563 0.113319
0.611393 -0.097326 0.114386
0.610227 -0.098570 0.114209
0.610457 -0.102250 0.112894
0.610142 -0.097664 0.114951
0.609387 -0.101647 0.115712
0.609574 -0.098665 0.115314
0.609826 -0.099650 0.115633
0.609534 -0.102567 0.116291
0.609353 -0.099988 0.115688
0.609059 -0.103968 0.116078
0.609402 -0.099912 0.115355
0.609403 -0.100474 0.116637
0.610552 -0.100397 0.116806
0.609518 -0.103834 0.116219
0.609592 -0.101170 0.116105
0.610063 -0.101569 0.117074
0.609963 -0.100993 0.115606
0.610450 -0.103780 0.116417
0.610809 -0.102569 0.116031
0.611250 -0.105355 0.116826
0.610025 -0.101934 0.113840
0.611829 -0.105875 0.115352
0.609812 -0.102463 0.114203
0.609041 -0.102392 0.115457
0.610916 -0.106921 0.116804
0.610784 -0.104819 0.117251
0.607156 -0.100622 0.116557
0.607823 -0.101490 0.115594
0.608020 -0.101761 0.115876
0.609168 -0.100652 0.116585
0.610100 -0.101571 0.116596
0.610236 -0.100493 0.116164
0.707156 -0.089666 0.114267
0.707182 -0.089676 0.114517
0.706931 -0.089890 0.114370
0.705827 -0.091015 0.115118
0.706373 -0.089994 0.114072
0.705342 -0.089987 0.115072
0.707752 -0.089922 0.114593
0.708748 -0.090319 0.116127
0.708800 -0.090338 0.116627
0.709139 -0.089922 0.117646
0.708707 -0.089927 0.120732
0.709338 -0.091693 0.121980
0.708662 -0.091062 0.120731
0.707031 -0.092837 0.122419
0.702439 -0.095374 0.123216
0.703567 -0.098889 0.124212
0.700579 -0.096623 0.124877
0.700042 -0.097839 0.129438
0.698936 -0.097153 0.124688
0.699691 -0.097139 0.120938
0.698363 -0.097774 0.122692
0.695167 -0.096495 0.123068
0.697847 -0.098393 0.120587
0.699556 -0.099828 0.126248
0.699584 -0.099230 0.119743
0.698987 -0.100209 0.122780
0.700255 -0.099039 0.122782
0.702596 -0.102189 0.123172
0.701202 -0.099934 0.121573
0.702491 -0.102367 0.124459
0.701962 -0.100812 0.120298
0.705696 -0.103295 0.123846
0.701557 -0.103208 0.120649
0.700906 -0.103815 0.120397
0.702156 -0.102553 0.121263
0.704900 -0.102738 0.119503
0.702649 -0.097880 0.116553
0.703892 -0.097463 0.115629
0.703887 -0.096021 0.117993
0.705284 -0.096713 0.117964
0.706742 -0.099289 0.114978
0.707225 -0.098414 0.117219
0.706802 -0.099428 0.114539
0.708516 -0.101281 0.115200
0.707578 -0.101913 0.113203
0.706068 -0.098833 0.116410
0.703874 -0.099355 0.118605
0.705246 -0.101592 0.114707
0.705585 -0.101908 0.116215
0.707104 -0.100609 0.117363
0.705619 -0.101401 0.118760
0.705467 -0.103445 0.118957
0.708198 -0.105947 0.117570
0.708974 -0.108002 0.115507
0.706221 -0.107392 0.119008
0.708821 -0.106515 0.117046
0.704460 -0.104271 0.119528
0.706699 -0.105098 0.118918
0.706685 -0.105086 0.122688
0.709516 -0.104198 0.121626
0.709980 -0.103919 0.121101
0.711360 -0.103049 0.122067
0.710454 -0.103210 0.122363
0.708891 -0.105029 0.123772
0.709375 -0.105334 0.123813
0.710363 -0.105168 0.124318
0.707947 -0.104486 0.124031
0.708438 -0.104103 0.124542
0.708792 -0.105418 0.122808
0.710763 -0.104659 0.124833
0.710647 -0.102052 0.125150
0.711020 -0.102337 0.125849
0.712146 -0.102379 0.124798
0.706245 -0.098979 0.133116
0.711147 -0.100504 0.126695
0.713509 -0.101195 0.126091
0.715696 -0.097493 0.125202
0.714361 -0.095688 0.126765
0.716747 -0.096659 0.124756
0.719574 -0.095002 0.123817
0.715195 -0.096056 0.124461
0.718556 -0.093604 0.123962
0.701607 -0.091225 0.118535
0.701583 -0.092814 0.119306
0.702155 -0.091773 0.119421
0.702221 -0.092396 0.119177
0.703454 -0.092136 0.119260
0.704619 -0.093075 0.118811
0.704206 -0.093817 0.119386
0.705254 -0.092884 0.117222
0.705838 -0.095296 0.118387
0.705322 -0.096002 0.118467
0.706437 -0.096494 0.119348
0.705635 -0.093520 0.117422
0.705847 -0.094774 0.117928
0.706055 -0.094692 0.116764
0.705763 -0.096647 0.117842
0.706138 -0.095385 0.117693
0.706988 -0.097204 0.118145
0.706576 -0.094100 0.118646
0.710839 -0.098351 0.119929
0.705129 -0.096912 0.134724
0.699524 -0.098556 0.150018
0.706703 0.004631 0.116288
0.707290 0.004069 0.115536
0.703821 0.001548 0.117762
0.703325 0.003903 0.116895
0.704596 0.003892 0.117145
0.706610 0.004911 0.117445
0.705402 0.003562 0.118186
0.710387 0.006240 0.115740
0.705276 0.003267 0.117141
0.709682 0.003992 0.116900
0.707753 0.002882 0.114697
0.709024 0.002899 0.114698
0.707756 0.001983 0.116606
0.705725 0.002741 0.114430
0.705103 0.000800 0.114680
0.707386 0.001447 0.115430
0.706748 0.000812 0.115434
0.706860 0.001284 0.115274
0.706991 0.001619 0.115580
0.706391 0.003591 0.115057
0.705953 0.003861 0.114872
0.704900 0.002416 0.113236
0.705576 0.002967 0.113966
0.706250 0.003535 0.114445
0.706177 0.002551 0.114582
0.705516 0.001814 0.113705
0.706209 0.002351 0.114425
0.705273 0.000515 0.113565
0.706383 -0.000982 0.114348
0.705820 -0.000260 0.113810
0.706299 -0.000796 0.112370
0.704181 -0.002469 0.113005
0.705555 -0.001301 0.112568
0.704143 -0.002424 0.114168
0.704953 -0.001819 0.113471
0.705563 -0.003698 0.112671
0.705377 -0.004940 0.112789
0.708803 -0.005922 0.112041
0.708369 -0.005548 0.111378
0.709913 -0.007673 0.112157
0.708757 -0.007506 0.113343
0.709424 -0.006944 0.114800
0.710774 -0.006642 0.112837
0.708257 -0.006146 0.114943
0.710419 -0.004763 0.114525
0.708655 -0.003805 0.115544
0.708810 -0.003711 0.116918
0.706024 -0.002768 0.115026
0.708081 -0.001987 0.115868
0.711617 -0.001672 0.112919
0.711012 -0.000698 0.111593
0.708547 -0.003078 0.113910
0.708192 -0.004026 0.115644
0.708496 -0.004248 0.115002
0.711102 -0.004160 0.113567
0.707181 -0.004540 0.115073
0.711124 -0.006270 0.115519
0.707946 -0.006236 0.116451
0.709114 -0.007155 0.115288
0.709869 -0.006856 0.115845
0.713444 -0.007030 0.116704
0.709441 -0.004656 0.116766
0.710351 -0.003342 0.116269
0.708327 -0.004772 0.116696
0.709847 -0.003861 0.116316
0.712619 -0.003703 0.117001
0.710256 -0.003507 0.119205
0.704944 0.003726 0.115405
0.704419 0.001602 0.113919
0.707396 0.000183 0.115764
0.706895 0.001945 0.114776
0.708163 -0.000282 0.115270
0.709215 -0.003781 0.115545
0.709631 -0.004651 0.115060
0.707135 -0.001179 0.115284
0.708768 -0.005816 0.115768
0.707052 -0.003262 0.113886
0.708468 -0.006470 0.116672
0.707690 -0.002272 0.117178
0.707586 -0.006533 0.117163
0.709447 -0.004424 0.116553
0.709436 -0.007783 0.117370
0.707926 -0.006631 0.116249
0.708449 -0.009397 0.117095
0.707724 -0.007091 0.117605
0.708765 -0.010379 0.118761
0.613245 -0.002819 0.115922
0.613212 -0.001531 0.115664
0.613855 -0.003009 0.115397
0.613832 0.001393 0.114958
0.613798 0.000160 0.114215
0.613218 -0.001178 0.114712
0.612505 -0.000484 0.113704
0.612929 -0.001551 0.113932
0.613541 -0.001507 0.114349
0.612982 -0.002216 0.115602
0.615747 -0.005265 0.114541
0.613116 -0.003921 0.113524
0.613269 -0.004645 0.113660
0.614622 -0.007282 0.114933
0.612854 -0.006187 0.114915
0.611684 -0.007002 0.114264
0.611717 -0.007024 0.114764
0.612460 -0.011239 0.115312
0.610518 -0.007963 0.114532
0.610147 -0.008280 0.115219
0.609443 -0.008881 0.114473
0.609738 -0.011197 0.116301
0.608986 -0.008982 0.116375
0.608254 -0.008256 0.114868
0.608010 -0.007669 0.115798
0.609318 -0.007714 0.116049
0.610128 -0.007053 0.115869
0.609192 -0.006869 0.116338
0.609844 -0.006229 0.116082
0.610767 -0.007241 0.116236
0.610666 -0.005606 0.116418
0.613955 -0.009095 0.119457
0.610993 -0.005819 0.115223
0.610405 -0.005180 0.115966
0.610450 -0.004574 0.115593
0.610546 -0.004662 0.117344
0.611350 -0.001957 0.115271
0.612336 -0.000529 0.114825
0.613711 0.002064 0.114310
0.616334 0.000625 0.114739
0.615731 0.002639 0.114226
0.615086 0.002271 0.112647
0.615243 0.000664 0.113731
0.612660 -0.000601 0.114983
0.612375 -0.002613 0.113709
0.612022 -0.000784 0.111996
0.610754 -0.000757 0.112494
0.611089 0.000087 0.111326
0.610629 0.000601 0.114072
0.611062 -0.000011 0.112015
0.611619 0.000205 0.112998
0.612868 -0.001134 0.113280
0.610532 -0.002079 0.111093
0.610083 -0.001584 0.114577
0.610546 -0.001396 0.111610
0.610688 -0.000251 0.114339
0.610873 -0.001776 0.112238
0.611660 -0.000303 0.110447
0.613635 0.002658 0.114196
0.615826 -0.000253 0.111528
0.615198 0.003986 0.114333
0.617635 0.001001 0.111563
0.617845 0.002363 0.112554
0.615947 0.004159 0.112301
0.614070 0.002034 0.113449
0.616563 0.000928 0.113767
0.614275 0.002775 0.113227
0.616032 0.002226 0.115230
0.616308 0.000941 0.114125
0.615305 0.005098 0.114503
0.615279 0.002232 0.114495
0.613827 0.003512 0.114342
0.615183 0.002479 0.114362
0.611745 0.002863 0.116082
0.613260 0.000664 0.116461
0.610089 0.005928 0.115768
0.610664 0.004862 0.116232
0.610320 0.004216 0.114934
0.611147 0.002005 0.116630
0.611119 0.001995 0.116879
0.612626 0.003957 0.117649
0.612568 0.003257 0.116988
0.613458 0.004688 0.117088
0.614042 0.003028 0.116486
0.614854 0.004447 0.117084
0.614724 0.004736 0.116568
0.615188 0.004239 0.118478
0.613187 0.004010 0.115722
0.613666 0.005056 0.115999
0.613594 0.005045 0.116496
0.613805 0.003549 0.116673
0.615348 0.006421 0.117842
0.614805 0.006269 0.115927
0.615864 0.005836 0.115962
0.612148 0.001236 0.115738
0.612789 0.002008 0.115959
0.612363 -0.001670 0.116768
0.611134 -0.001336 0.115454
0.610166 -0.000291 0.115344
0.610401 -0.001420 0.115572
0.610530 -0.000377 0.115022
0.611710 -0.004096 0.116765
0.610746 -0.002846 0.116785
0.612658 -0.006673 0.116974
0.611138 -0.004671 0.116325
0.612296 -0.006524 0.116085
0.611551 -0.004508 0.116481
0.612425 -0.007078 0.117728
0.611513 -0.002686 0.116918
0.613495 -0.005059 0.118287
0.613067 -0.004491 0.117701
0.612335 -0.002972 0.116978
0.612050 -0.002863 0.117155
0.613096 -0.004578 0.118817
0.613778 -0.004124 0.118076
0.613640 -0.006053 0.119604
0.613310 -0.003931 0.116771
0.615408 -0.006537 0.119786
0.615487 -0.003637 0.117360
0.615264 -0.005879 0.119457
0.616147 -0.004083 0.118285
0.614339 -0.006947 0.117546
0.615218 -0.009961 0.120563
0.614600 -0.013452 0.119475
0.615145 -0.007526 0.118496
0.617020 -0.010299 0.120050
0.616332 -0.006700 0.118048
0.616513 -0.005254 0.118269
0.617035 -0.004614 0.118208
0.616531 -0.005161 0.117028
0.618322 -0.008125 0.118603
0.618468 -0.007305 0.117438
0.618942 -0.006705 0.118290
0.618878 -0.005642 0.117797
0.620275 -0.005951 0.117657
0.620721 -0.005223 0.117806
0.619667 -0.007230 0.119912
0.622272 -0.007838 0.121260
0.618901 -0.009706 0.118967
0.617967 -0.010911 0.118381
0.617545 -0.010373 0.119723
0.616843 -0.009609 0.119079
0.615068 -0.007553 0.119445
0.614966 -0.008726 0.118180
0.615986 -0.009897 0.119397
0.615147 -0.008166 0.119128
0.617763 -0.012614 0.119936
0.618534 -0.010298 0.117725
0.617738 -0.012380 0.119165
0.615469 -0.006936 0.119046
0.616082 -0.008428 0.119954
0.614164 -0.007365 0.119162
0.615260 -0.007169 0.119519
0.612470 -0.004576 0.118274
0.612279 -0.004343 0.118966
0.613562 -0.004819 0.118301
0.613433 -0.004361 0.117297
0.612623 -0.003621 0.117850
0.613486 -0.003943 0.117889
0.614231 -0.004610 0.117552
0.613321 -0.003256 0.116546
0.614261 -0.004493 0.116310
0.613194 -0.004554 0.118716
0.612877 -0.001382 0.116606
0.612712 -0.002560 0.115739
0.614724 0.002221 0.115678
0.616925 0.005172 0.114843
0.615625 0.004125 0.116045
0.616576 0.004480 0.115256
0.615341 0.004492 0.115733
0.618193 0.003140 0.115778
0.614583 0.005589 0.115798
0.613960 0.005353 0.116021
0.615017 0.005621 0.116456
0.614449 0.006178 0.116288
0.612586 0.005796 0.116670
0.614874 0.005821 0.116791
0.613778 0.005011 0.116677
0.612664 0.006141 0.115898
0.611009 0.007307 0.115939
0.611942 0.006732 0.118153
0.612481 0.003844 0.119189
0.612548 0.007059 0.118161
0.613697 0.004724 0.118448
0.512427 0.002282 0.112907
0.511979 0.000467 0.113852
0.512607 -0.001277 0.114341
0.513041 0.000328 0.113187
0.512712 -0.001392 0.113286
0.513831 -0.000154 0.113784
0.512474 -0.001540 0.115168
0.512992 -0.000882 0.115915
0.514042 -0.003086 0.114200
0.514198 -0.002562 0.113636
0.514072 -0.002418 0.114878
0.513842 -0.002170 0.114391
0.514886 -0.005333 0.116534
0.514437 -0.005442 0.115597
0.515331 -0.008736 0.115450
0.515097 -0.006286 0.116141
0.515693 -0.005987 0.116179
0.514878 -0.005204 0.117369
0.515200 -0.004523 0.115845
0.515407 -0.004645 0.118071
0.515123 -0.004350 0.117476
0.516462 -0.007549 0.118772
0.515813 -0.004807 0.118069
0.516760 -0.006842 0.117298
0.515590 -0.005797 0.116905
0.516462 -0.004377 0.118610
0.516084 -0.008368 0.119142
0.517317 -0.004141 0.118110
0.517937 -0.003718 0.118481
0.517993 -0.003774 0.118243
0.518454 -0.007903 0.120074
0.517664 -0.006221 0.118658
0.517711 -0.009511 0.119685
0.517325 -0.004847 0.121057
0.516656 -0.004313 0.118488
0.516320 -0.005563 0.118268
0.516822 -0.007543 0.119896
0.517339 -0.004737 0.119187
0.518267 -0.005973 0.120915
0.518282 -0.007071 0.121269
0.516280 -0.003494 0.120679
0.516820 -0.002887 0.120661
0.517917 -0.006621 0.119363
0.517466 -0.003032 0.117179
0.517376 -0.003322 0.117079
0.518551 -0.006545 0.118081
0.517393 -0.004521 0.116946
0.517906 -0.003656 0.117390
0.517130 -0.004001 0.118365
0.517992 -0.004064 0.118721
0.518250 -0.004078 0.118358
0.518685 -0.004377 0.119207
0.518635 -0.005038 0.118808
0.518437 -0.004817 0.119501
0.519681 -0.005587 0.118535
0.518166 -0.005898 0.119074
0.518357 -0.009071 0.120425
0.517336 -0.005733 0.121109
0.518042 -0.008256 0.122410
0.517319 -0.006555 0.118334
0.518472 -0.008376 0.119820
0.518288 -0.005610 0.118206
0.517742 -0.005004 0.120043
0.516286 -0.005902 0.117879
0.515311 -0.005394 0.123152
0.517950 -0.003768 0.118406
0.518236 -0.003538 0.118872
0.516087 -0.004888 0.119110
0.516523 -0.003185 0.118634
0.517326 -0.003851 0.118769
0.516816 -0.004486 0.118809
0.516019 -0.004294 0.118430
0.516207 -0.005508 0.118378
0.515150 -0.006709 0.118227
0.516001 -0.005246 0.118866
0.516804 -0.005311 0.119150
0.514997 -0.008385 0.121059
0.515055 -0.006464 0.117301
0.513933 -0.006034 0.118807
0.512639 -0.006128 0.119777
0.514721 -0.004740 0.118053
0.515570 -0.006709 0.118192
0.515635 -0.005671 0.117553
0.512783 -0.007513 0.118204
0.510129 -0.009132 0.119143
0.509604 -0.010905 0.119349
0.511404 -0.006807 0.117267
0.511902 -0.009520 0.118465
0.511393 -0.008098 0.118841
0.511377 -0.011085 0.120122
0.511933 -0.009424 0.117413
0.514266 -0.011215 0.119459
0.514689 -0.008140 0.119514
0.516706 -0.006656 0.118868
0.517691 -0.009892 0.120470
0.514387 -0.007831 0.121762
0.515656 -0.005080 0.118753
0.513339 -0.006323 0.118468
0.515125 -0.004625 0.119274
0.516640 -0.007292 0.120872
0.515293 -0.006302 0.118764
0.516280 -0.004325 0.118553
0.513883 -0.005475 0.118429
0.518234 -0.006209 0.120873
0.515875 -0.002560 0.120187
0.517826 -0.002775 0.119843
0.518401 -0.003377 0.120034
0.518630 -0.006960 0.120135
0.520180 0.108351 0.117002
0.521468 0.108354 0.117003
0.519361 0.113488 0.116640
0.519327 0.112247 0.115890
0.520491 0.108672 0.117063
0.516440 0.109816 0.114234
0.515818 0.110427 0.114734
0.516837 0.107498 0.114948
0.516136 0.110755 0.114453
0.516501 0.108649 0.114546
0.515395 0.108419 0.117795
0.515896 0.106433 0.117727
0.515387 0.111177 0.118096
0.515913 0.111975 0.116098
0.515559 0.111973 0.117391
0.516208 0.112601 0.117641
0.514386 0.112474 0.116768
0.514633 0.113948 0.118033
0.514559 0.114034 0.116783
0.514877 0.114993 0.117468
0.512240 0.113769 0.116472
0.513887 0.112554 0.117558
0.511766 0.114237 0.117844
0.511113 0.112310 0.117856
0.515100 0.110896 0.119857
0.509827 0.109887 0.117957
0.513579 0.110270 0.120385
0.509545 0.110409 0.118144
0.509562 0.111950 0.117375
0.508245 0.108089 0.117913
0.508197 0.110572 0.117544
0.507834 0.109784 0.118121
0.506537 0.108519 0.118385
0.506058 0.109495 0.117306
0.505353 0.108868 0.116813
0.507257 0.111645 0.116842
0.507697 0.111092 0.116999
0.510343 0.108467 0.118551
0.506869 0.105295 0.116329
0.503455 0.104623 0.116522
0.501932 0.105252 0.116074
0.506569 0.104604 0.117912
0.504385 0.108118 0.116067
0.507775 0.106267 0.118945
0.509655 0.106912 0.118968
0.511476 0.109632 0.116686
0.516671 0.108535 0.118945
0.515071 0.110255 0.114804
0.513851 0.110290 0.116742
0.513375 0.110110 0.116568
0.513447 0.108869 0.117127
0.510190 0.110590 0.116388
0.510874 0.111263 0.116267
0.510191 0.111856 0.116676
0.511128 0.109770 0.115023
0.509448 0.107771 0.116457
0.510573 0.108700 0.116805
0.512486 0.108387 0.117569
0.510890 0.111528 0.116051
0.512937 0.110123 0.118195
0.513629 0.112792 0.119180
0.514936 0.111941 0.118378
0.516625 0.109855 0.119293
0.516390 0.113658 0.118335
0.515025 0.112395 0.116969
0.515077 0.112367 0.116471
0.514170 0.112866 0.117801
0.513822 0.111923 0.117756
0.513722 0.113644 0.116591
0.514491 0.111328 0.117080
0.513899 0.113020 0.117455
0.512456 0.109846 0.117485
0.512695 0.111237 0.117288
0.512576 0.111718 0.117330
0.512106 0.112853 0.117209
0.512130 0.112190 0.118312
0.512017 0.114113 0.117752
0.511825 0.115023 0.117930
0.511922 0.115831 0.117287
0.511118 0.116123 0.117106
0.510376 0.117886 0.118052
0.509539 0.115417 0.117880
0.508083 0.116632 0.116687
0.508586 0.115531 0.117059
0.508315 0.115755 0.118030
0.509823 0.114691 0.118405
0.510187 0.115506 0.117710
0.510260 0.115567 0.117892
0.511172 0.114805 0.118343
0.512521 0.113430 0.118643
0.510565 0.111510 0.117381
0.511728 0.114809 0.117051
0.512493 0.115888 0.117852
0.511294 0.115689 0.116973
0.511044 0.114859 0.116690
0.510550 0.111206 0.117288
0.509430 0.110674 0.117325
0.509443 0.110262 0.116714
0.510120 0.109665 0.117132
0.508519 0.110229 0.116745
0.508996 0.107721 0.116060
0.511120 0.108815 0.116761
0.508945 0.109282 0.116250
0.510811 0.108412 0.116549
0.508515 0.109191 0.115380
0.512741 0.105791 0.117665
0.508974 0.107935 0.116996
0.507321 0.108082 0.118239
0.509292 0.107153 0.117160
0.509435 0.108002 0.117667
0.507850 0.105998 0.118131
0.613520 0.108719 0.116317
0.614231 0.106836 0.117067
0.615407 0.106927 0.117176
0.615231 0.106996 0.115175
0.614887 0.106501 0.115084
0.615755 0.105816 0.115264
0.615796 0.103324 0.115537
0.614736 0.105430 0.116740
0.614776 0.105421 0.117241
0.616290 0.103976 0.116800
0.615312 0.108448 0.114363
0.616068 0.105355 0.116233
0.613563 0.107809 0.115835
0.612940 0.103631 0.117511
0.610751 0.107916 0.115279
0.612655 0.103660 0.116353
0.611102 0.104811 0.113495
0.610886 0.103325 0.113125
0.611557 0.104040 0.115382
0.610983 0.103758 0.112861
0.611605 0.105673 0.114495
0.610758 0.103848 0.114700
0.611350 0.103381 0.116342
0.614023 0.099336 0.115201
0.612882 0.099554 0.114319
0.612221 0.100309 0.115632
0.612646 0.096487 0.113971
0.613449 0.098757 0.115601
0.615136 0.098337 0.116529
0.614703 0.098210 0.117390
0.615860 0.094859 0.118384
0.613908 0.096757 0.118683
0.614031 0.093731 0.118778
0.613388 0.097728 0.118127
0.612446 0.096213 0.118929
0.612707 0.095825 0.117234
0.613598 0.091438 0.118329
0.613517 0.095869 0.119342
0.614154 0.091911 0.120132
0.614883 0.095991 0.119039
0.617456 0.091465 0.122201
0.614902 0.095194 0.119664
0.617655 0.091533 0.121576
0.613792 0.095277 0.119528
0.614251 0.095992 0.119991
0.616044 0.093141 0.120606
0.613797 0.095607 0.120236
0.613558 0.095753 0.118486
0.612806 0.095924 0.120444
0.613362 0.096512 0.120437
0.613219 0.096154 0.118073
0.614792 0.091819 0.118645
0.613191 0.097875 0.119413
0.614366 0.097723 0.119657
0.615435 0.100044 0.119605
0.617743 0.101868 0.118659
0.619402 0.097791 0.119870
0.616090 0.102065 0.118151
0.615280 0.102269 0.118196
0.615534 0.103993 0.115952
0.617164 0.102127 0.116512
0.617125 0.102159 0.116758
0.617704 0.103956 0.116813
0.615503 0.102755 0.116527
0.618112 0.101595 0.115836
0.614823 0.108277 0.114573
0.615863 0.107250 0.115683
0.615700 0.108525 0.115784
0.616680 0.107290 0.115343
0.617321 0.106702 0.114491
0.616034 0.105581 0.114534
0.615282 0.107340 0.114538
0.614697 0.106787 0.115265
0.616207 0.106126 0.115524
0.615565 0.106655 0.115829
0.615422 0.107722 0.114966
0.614868 0.108278 0.114372
0.616014 0.108184 0.114314
0.615081 0.107467 0.115331
0.615233 0.106742 0.115696
0.614672 0.107299 0.115628
0.615219 0.107892 0.114146
0.617058 0.105540 0.114871
0.613514 0.107936 0.115307
0.616322 0.105140 0.115586
0.613466 0.108350 0.113742
0.613469 0.106100 0.113797
0.613223 0.108708 0.114587
0.613844 0.108386 0.115364
0.613283 0.107826 0.115344
0.612945 0.107419 0.114559
0.611243 0.106874 0.114232
0.608096 0.108341 0.112876
0.606613 0.110015 0.114248
0.609420 0.108294 0.114384
0.607535 0.110034 0.114642
0.609785 0.108876 0.114738
0.610076 0.110629 0.115055
0.612897 0.107747 0.115422
0.612488 0.110205 0.115785
0.612433 0.110606 0.118302
0.611127 0.111896 0.115758
0.609343 0.111854 0.117615
0.606938 0.111940 0.116303
0.607026 0.111816 0.118449
0.604592 0.111053 0.119495
0.606469 0.108068 0.121045
0.603201 0.111297 0.120119
0.606336 0.108261 0.122442
0.599711 0.109654 0.122115
0.600807 0.108519 0.121142
0.598920 0.107570 0.120041
0.599522 0.106313 0.121945
0.602079 0.103900 0.123784
0.599593 0.109409 0.119990
0.598867 0.106430 0.118013
0.598193 0.104604 0.117867
0.720887 0.112680 0.115885
0.720672 0.111073 0.114750
0.720124 0.110449 0.115497
0.721289 0.111553 0.114579
0.720695 0.110947 0.114827
0.720479 0.111973 0.114486
0.720992 0.112223 0.114143
0.721039 0.112205 0.114643
0.721691 0.110354 0.115393
0.721498 0.111219 0.115451
0.721718 0.111454 0.115592
0.721001 0.112111 0.114341
0.723905 0.109677 0.116453
0.722056 0.112738 0.115700
0.724163 0.110884 0.116350
0.722701 0.112966 0.116129
0.721389 0.111807 0.115124
0.721385 0.113245 0.115572
0.720745 0.111451 0.115321
0.719072 0.112209 0.115477
0.721924 0.111124 0.116474
0.719326 0.111180 0.114453
0.721975 0.110023 0.115370
0.720301 0.111752 0.114635
0.722844 0.110537 0.116452
0.719519 0.111635 0.115035
0.722603 0.108660 0.116441
0.719455 0.111131 0.113574
0.719972 0.110031 0.114977
0.720579 0.110628 0.115224
0.720150 0.108405 0.114883
0.720792 0.107863 0.115956
0.725956 0.105671 0.115188
0.721934 0.107508 0.116778
0.725866 0.106537 0.115285
0.720075 0.107678 0.115189
0.726704 0.105005 0.115123
0.722534 0.108857 0.113306
0.725386 0.105040 0.115180
0.721568 0.106907 0.113409
0.722934 0.106005 0.110784
0.723381 0.104762 0.113655
0.722413 0.105081 0.110891
0.722726 0.103068 0.115254
0.720252 0.101367 0.113814
0.724336 0.098063 0.119326
0.725466 0.096857 0.118290
0.713979 0.097257 0.115665
0.715070 0.097317 0.115899
0.717734 0.095258 0.117233
0.718092 0.095269 0.118943
0.713040 0.095775 0.117526
0.713462 0.096698 0.118396
0.714098 0.096386 0.120194
0.716314 0.096371 0.120269
0.712314 0.096558 0.118983
0.712535 0.092137 0.121222
0.710685 0.090024 0.119313
0.710191 0.090548 0.120724
0.708678 0.090749 0.121602
0.710302 0.091432 0.121819
0.707690 0.092850 0.124208
0.709382 0.089361 0.119239
0.709228 0.090152 0.120750
0.710303 0.087213 0.119147
0.709382 0.088874 0.121248
0.709640 0.088237 0.120193
0.709798 0.089077 0.120054
0.710256 0.091334 0.122809
0.712406 0.091608 0.123506
0.709232 0.091925 0.119284
0.710218 0.093921 0.119646
0.711473 0.093674 0.119382
0.709222 0.093204 0.120993
0.708756 0.092964 0.122744
0.709120 0.090701 0.119990
0.710201 0.090823 0.120365
0.710088 0.090804 0.120202
0.706939 0.094917 0.122391
0.709357 0.091476 0.120403
0.706070 0.094142 0.123044
0.708083 0.093631 0.119916
0.709566 0.092807 0.119044
0.708706 0.093952 0.119904
0.708197 0.093153 0.121828
0.712475 0.091903 0.121431
0.708720 0.094630 0.120592
0.712337 0.093256 0.122592
0.712570 0.095574 0.119563
0.712799 0.096696 0.120876
0.713395 0.099867 0.122502
0.717118 0.096035 0.122302
0.714042 0.099384 0.118557
0.716563 0.097284 0.121394
0.714444 0.100125 0.121209
0.714188 0.100420 0.119935
0.715452 0.100179 0.119587
0.715512 0.099851 0.119118
0.714871 0.101889 0.123524
0.713856 0.102056 0.117565
0.715441 0.100568 0.119402
0.718263 0.099682 0.119839
0.715075 0.101849 0.119812
0.714913 0.101685 0.122671
0.713994 0.103166 0.118782
0.715907 0.103163 0.122936
0.714262 0.104112 0.120216
0.714617 0.105186 0.118861
0.714644 0.105537 0.120936
0.712219 0.106320 0.117225
0.712220 0.107872 0.118284
0.713496 0.107689 0.117803
0.715261 0.105321 0.121509
0.711991 0.107733 0.123639
0.712895 0.107019 0.120283
0.714539 0.105649 0.122884
0.713418 0.108512 0.120892
0.713312 0.107284 0.120392
0.713463 0.107312 0.118893
0.714160 0.107193 0.118759
0.713806 0.106516 0.119993
0.714635 0.107136 0.118620
0.714989 0.105715 0.119747
0.716775 0.104864 0.120297
0.717219 0.104767 0.119825
0.715666 0.106987 0.117857
0.715278 0.108486 0.116761
0.715131 0.108884 0.119531
0.715416 0.109980 0.118438
0.714764 0.109415 0.118015
0.714667 0.110179 0.119985
0.713421 0.109125 0.118617
0.714724 0.108896 0.119443
0.712387 0.111838 0.118126
0.713087 0.112153 0.117993
0.711069 0.112690 0.118979
0.712211 0.114979 0.119152
0.711263 0.114800 0.119966
0.712094 0.117005 0.119001
0.711046 0.116793 0.118948
0.711604 0.114731 0.119145
0.711344 0.118047 0.118314
0.711303 0.116219 0.118636
0.712615 0.117485 0.118924
0.711866 0.117569 0.118328
0.711843 0.116241 0.118262
0.713214 0.118393 0.118276
0.712577 0.117789 0.118009
0.713889 0.118106 0.118706
0.717251 0.115994 0.116684
0.713236 0.119438 0.118460
0.713991 0.119521 0.117638
0.717521 0.117253 0.115173
0.714769 0.120611 0.117162
0.714070 0.119653 0.118119
0.713786 0.120039 0.114884
0.712927 0.119590 0.112948
0.713418 0.118075 0.116282
0.716107 0.116015 0.113506
0.713956 0.118274 0.117102
0.717356 0.115460 0.115875
0.712119 0.117240 0.115016
0.712750 0.116379 0.116193
0.712275 0.116624 0.116022
0.709357 0.113566 0.114710
0.710237 0.110944 0.117565
0.709123 0.110815 0.115626
0.705957 0.112508 0.115659
0.707955 0.108450 0.118094
0.705438 0.108597 0.116196
0.704823 0.108700 0.116604
0.704870 0.107516 0.116209
0.704862 0.106985 0.115984
0.704646 0.105980 0.117194
0.704969 0.105590 0.118598
0.704941 0.103315 0.116628
0.705432 0.106406 0.116929
0.705145 0.105462 0.117863
0.707287 0.105771 0.119291
0.709216 0.102804 0.118602
