0.516277 -0.091676 0.104253
0.513481 -0.087831 0.101755
0.514409 -0.089684 0.102448
0.514403 -0.088447 0.102698
0.516712 -0.091552 0.104393
0.515926 -0.089610 0.102893
0.514126 -0.088790 0.101026
0.514872 -0.089476 0.102277
0.517847 -0.091805 0.103624
0.520291 -0.092455 0.104161
0.518168 -0.089235 0.101659
0.521984 -0.090920 0.102986
0.519985 -0.089007 0.101735
0.522061 -0.088742 0.101478
0.522752 -0.089399 0.102228
0.523791 -0.089096 0.102147
0.524389 -0.089686 0.101647
0.527577 -0.091246 0.103231
0.526856 -0.089331 0.102229
0.528209 -0.091862 0.103232
0.529367 -0.089184 0.101750
0.529951 -0.088525 0.101249
0.532891 -0.089640 0.102272
0.535996 -0.090655 0.103788
0.536567 -0.089989 0.103037
0.542847 -0.094355 0.105800
0.540776 -0.089872 0.102795
0.546787 -0.093443 0.105435
0.543380 -0.088863 0.100681
0.546958 -0.088739 0.101078
0.548964 -0.090721 0.103329
0.548272 -0.090037 0.102078
0.550551 -0.089967 0.102964
0.552397 -0.090547 0.102213
0.554757 -0.090415 0.101562
0.559324 -0.093703 0.105562
0.560319 -0.089709 0.101221
0.562989 -0.093630 0.104974
0.564357 -0.088266 0.100397
0.568322 -0.092268 0.105649
0.568215 -0.089574 0.101499
0.571263 -0.088216 0.101358
0.570014 -0.088236 0.101608
0.574128 -0.088003 0.101338
0.573512 -0.088649 0.101589
0.573475 -0.087349 0.100838
0.577564 -0.087084 0.099101
0.585575 -0.092245 0.104506
0.582295 -0.087686 0.100755
0.585367 -0.087696 0.099681
0.585296 -0.085082 0.098182
0.591585 -0.088291 0.100001
0.589012 -0.086983 0.098750
0.592741 -0.087560 0.098124
0.594066 -0.087669 0.100374
0.600376 -0.090757 0.102605
0.600268 -0.086809 0.099358
0.602519 -0.085595 0.098585
0.603824 -0.086918 0.099835
0.608501 -0.088254 0.100381
0.609147 -0.088905 0.100881
0.612356 -0.092139 0.103380
0.613031 -0.088932 0.099900
0.615637 -0.092854 0.103400
0.616494 -0.089123 0.100293
0.620986 -0.088610 0.100297
0.622863 -0.087918 0.099548
0.628422 -0.092619 0.103244
0.627718 -0.088055 0.099995
0.634280 -0.092208 0.103277
0.631113 -0.090303 0.102277
0.638632 -0.091618 0.104406
0.632242 -0.086361 0.099156
0.638244 -0.092430 0.103970
0.634988 -0.087822 0.099470
0.638665 -0.087938 0.100693
0.637401 -0.089172 0.099943
0.644357 -0.092594 0.103302
0.646412 -0.089874 0.099031
0.649034 -0.093850 0.103531
0.651461 -0.090031 0.100995
0.654701 -0.094648 0.106244
0.657530 -0.091471 0.102759
0.662596 -0.095351 0.106257
0.659400 -0.090738 0.101008
0.668587 -0.094929 0.107843
0.667947 -0.091544 0.102343
0.674256 -0.091884 0.104292
0.674253 -0.091909 0.104792
0.679476 -0.092693 0.106101
0.679484 -0.092645 0.105101
0.683097 -0.093574 0.106417
0.683095 -0.092244 0.104917
0.688139 -0.095902 0.108136
0.693567 -0.096194 0.108883
0.691672 -0.091652 0.105384
0.697590 -0.095872 0.109376
0.695072 -0.091895 0.104626
0.698886 -0.093942 0.105375
0.698875 -0.092667 0.105125
0.706610 -0.096034 0.109275
0.702194 -0.092801 0.106526
0.703299 -0.093558 0.105901
0.702657 -0.092894 0.105151
0.707539 -0.092269 0.104450
0.706901 -0.091668 0.104950
0.711267 -0.090939 0.105538
0.710655 -0.092845 0.105537
0.716296 -0.096683 0.109276
0.712433 -0.091530 0.106277
0.716260 -0.091489 0.105769
0.718143 -0.089594 0.106270
0.723183 -0.094139 0.110575
0.719314 -0.090196 0.106825
0.721213 -0.086824 0.106295
0.719902 -0.084261 0.105795
0.722563 -0.082809 0.107884
0.720624 -0.080888 0.107384
0.722948 -0.079433 0.107368
0.720318 -0.076780 0.105617
0.722936 -0.078590 0.108568
0.718273 -0.072633 0.105070
0.719718 -0.070641 0.104201
0.718547 -0.069637 0.107201
0.719135 -0.064991 0.103470
0.718542 -0.062006 0.105722
0.721614 -0.062746 0.107957
0.716842 -0.055431 0.104462
0.717275 -0.051607 0.104921
0.721961 -0.055051 0.107921
0.717073 -0.046538 0.103496
0.717206 -0.045567 0.106247
0.717508 -0.040363 0.102141
0.717512 -0.037901 0.103144
0.716677 -0.032219 0.101117
0.719806 -0.038245 0.108610
0.717953 -0.028782 0.104237
0.716572 -0.027388 0.103238
0.720588 -0.030835 0.108381
0.715531 -0.023097 0.102396
0.716296 -0.020074 0.102324
0.715721 -0.020837 0.103071
0.717055 -0.016273 0.102701
0.716903 -0.011147 0.101249
0.716378 -0.012018 0.102746
0.716703 -0.016281 0.105733
0.718834 -0.012508 0.108062
0.716449 -0.006208 0.103827
0.715550 0.001134 0.101863
0.717197 -0.000941 0.105576
0.715540 0.004564 0.102841
0.715397 0.006714 0.103894
0.715347 0.006822 0.103144
0.714830 0.005491 0.105977
0.714060 0.005131 0.103725
0.710027 0.005895 0.104448
0.708659 0.004787 0.102694
0.710247 0.004324 0.105554
0.706769 0.006443 0.103055
0.704944 0.004408 0.105306
0.700227 0.005144 0.103052
0.699487 0.005853 0.102303
0.697046 0.006059 0.102343
0.697157 0.003476 0.102336
0.694712 0.005552 0.103885
0.693981 0.003772 0.102130
0.691614 0.004062 0.104936
0.693204 0.001344 0.106932
0.685290 0.005255 0.102953
0.686981 0.001019 0.107969
0.683735 0.005248 0.102971
0.685911 -0.001709 0.113220
0.680401 0.003309 0.104970
0.680974 -0.002616 0.112623
0.675490 0.001064 0.104620
0.674861 0.000395 0.104621
0.671125 0.003171 0.102710
0.670760 0.001046 0.104712
0.672377 -0.003737 0.114128
0.667080 0.000804 0.102622
0.662906 0.003227 0.102653
0.662535 0.001108 0.104658
0.658595 0.002058 0.104446
0.658361 0.000883 0.102199
0.657766 -0.002447 0.109806
0.655022 0.001135 0.103798
0.654316 -0.002450 0.108242
0.649504 0.001799 0.101732
0.648229 -0.001783 0.105811
0.647207 0.000334 0.103054
0.646408 -0.003424 0.108153
0.642608 0.000024 0.104394
0.636591 0.000249 0.103325
0.636340 0.000349 0.101325
0.632316 0.000366 0.102846
0.632127 0.000439 0.101346
0.625508 0.001881 0.098352
0.630360 -0.003737 0.104620
0.623431 -0.000341 0.100436
0.623335 -0.000307 0.099686
0.620937 -0.001077 0.102057
0.619246 -0.000958 0.099308
0.616338 -0.001213 0.101561
0.619487 -0.005366 0.105324
0.610883 -0.002171 0.101878
0.611300 -0.001420 0.099875
0.606333 -0.000975 0.100214
0.605756 -0.001674 0.100968
0.598939 0.000217 0.100149
0.602084 -0.005294 0.103667
0.600612 -0.005804 0.106660
0.593696 -0.000835 0.099899
0.591838 -0.004651 0.105322
0.588813 -0.004543 0.102824
0.583417 -0.001352 0.102422
0.581639 -0.001220 0.099423
0.581169 -0.004433 0.104892
0.576297 -0.001488 0.098885
0.570023 -0.000433 0.099076
0.567612 -0.002085 0.100478
0.564974 0.000131 0.096222
0.564211 -0.003775 0.101941
0.561510 -0.001045 0.101684
0.561622 -0.001074 0.102434
0.555796 -0.001194 0.099132
0.556246 -0.001306 0.102132
0.555155 -0.003821 0.105502
0.551860 -0.002294 0.101249
0.554742 -0.008441 0.111897
0.545179 -0.001306 0.100632
0.543099 -0.001872 0.101048
0.543211 -0.001898 0.101798
0.537903 -0.002233 0.101977
0.543269 -0.005820 0.106984
0.532706 -0.001071 0.099588
0.532791 -0.003748 0.102846
0.528353 -0.000883 0.099841
0.526471 -0.002988 0.101013
0.525073 -0.001602 0.100510
0.521138 -0.000601 0.098645
0.521250 -0.000629 0.099395
0.518835 -0.003143 0.101128
0.516146 -0.003084 0.101130
0.511055 -0.003542 0.098350
0.512694 -0.002288 0.100097
0.510245 -0.003703 0.100077
0.511297 -0.003131 0.102575
0.507092 -0.002998 0.101572
0.508586 -0.004398 0.102824
0.504582 -0.004474 0.100924
0.507537 -0.004595 0.102924
0.505729 -0.004143 0.103632
0.506991 -0.004157 0.103132
0.505385 -0.003594 0.103056
0.507419 -0.001653 0.103053
0.503727 -0.001527 0.103315
0.504401 0.000453 0.103062
0.504035 0.002031 0.103632
0.506209 0.005243 0.104628
0.504325 0.007248 0.102661
0.506552 0.010432 0.104157
0.504668 0.013456 0.103943
0.508100 0.013979 0.104943
0.509978 0.012720 0.110147
0.507378 0.019166 0.102644
0.510381 0.015953 0.109843
0.508048 0.023588 0.104591
0.511612 0.021156 0.111830
0.507086 0.027029 0.104328
0.510463 0.025635 0.109270
0.506131 0.031388 0.104018
0.510921 0.030398 0.110381
0.507179 0.036915 0.103880
0.506357 0.040269 0.104542
0.510725 0.037096 0.110043
0.510594 0.038822 0.111220
0.506814 0.046780 0.103723
0.509686 0.046768 0.106989
0.508170 0.051063 0.103743
0.509070 0.050814 0.107628
0.506763 0.055953 0.102634
0.504237 0.060483 0.102059
0.506153 0.061245 0.100813
0.505887 0.064037 0.101503
0.506707 0.064498 0.103505
0.507324 0.067630 0.104132
0.506558 0.068454 0.102633
0.506379 0.072848 0.101635
0.507137 0.073380 0.102887
0.505571 0.077417 0.101141
0.506259 0.078053 0.101394
0.506522 0.082520 0.100627
0.505308 0.082344 0.102374
0.510479 0.079842 0.107622
0.506173 0.087073 0.102134
0.507032 0.090567 0.101553
0.507148 0.091707 0.103307
0.508068 0.092379 0.103188
0.507406 0.094377 0.103193
0.507207 0.097510 0.104225
0.507256 0.097427 0.104974
0.506898 0.099270 0.104166
0.506753 0.099512 0.101916
0.509887 0.099131 0.105546
0.505035 0.101486 0.102043
0.505543 0.103427 0.104807
0.504977 0.100005 0.106045
0.508613 0.100146 0.108378
0.505037 0.102547 0.103878
0.506757 0.103066 0.105035
0.507891 0.103347 0.102038
0.510534 0.104385 0.105390
0.511153 0.103797 0.104639
0.513685 0.103245 0.105226
0.515610 0.102679 0.104228
0.517554 0.103675 0.103713
0.516900 0.103013 0.103710
0.518585 0.104170 0.102455
0.519964 0.102761 0.103704
0.524707 0.102137 0.105026
0.523935 0.103011 0.102027
0.527222 0.103430 0.102969
0.527909 0.102722 0.103718
0.533691 0.101123 0.105319
0.530300 0.103296 0.102069
0.532897 0.103471 0.102339
0.534869 0.102842 0.102091
0.538329 0.102125 0.104169
0.538317 0.102158 0.103669
0.540284 0.101532 0.103420
0.543136 0.102806 0.103571
0.549617 0.100730 0.106778
0.547583 0.102910 0.103029
0.552560 0.100580 0.105143
0.550575 0.102558 0.104644
0.559639 0.098902 0.108870
0.557634 0.102363 0.105122
0.558940 0.102389 0.104874
0.562245 0.102076 0.104930
0.565535 0.098591 0.109428
0.566771 0.102679 0.104426
0.569778 0.103252 0.102764
0.573073 0.099740 0.107513
0.574396 0.102246 0.105134
0.578313 0.099442 0.109385
0.578718 0.103842 0.105017
0.582826 0.104922 0.104908
0.582861 0.102429 0.102656
0.590663 0.099481 0.107996
0.587402 0.102942 0.103747
0.590960 0.103087 0.103498
0.592261 0.103031 0.104748
0.594996 0.104177 0.101790
0.596298 0.104105 0.103291
0.599481 0.103831 0.103383
0.600144 0.104581 0.101884
0.604179 0.102562 0.104174
0.603528 0.103279 0.102924
0.611728 0.098531 0.108792
0.607859 0.101366 0.103292
0.615474 0.097438 0.109312
0.613530 0.104933 0.102820
0.619891 0.100736 0.106541
0.618618 0.104925 0.101545
0.625875 0.099295 0.110743
0.621390 0.104163 0.103745
0.628057 0.100225 0.107200
0.625452 0.104314 0.103453
0.629061 0.104429 0.103080
0.628420 0.105178 0.101330
0.632056 0.105103 0.101695
0.632709 0.105786 0.101447
0.639970 0.102487 0.105088
0.638639 0.105146 0.104090
0.643363 0.104699 0.104439
0.643347 0.104656 0.105189
0.648349 0.105022 0.103181
0.647704 0.102984 0.104177
0.653591 0.102313 0.106023
0.652966 0.104417 0.103276
0.657381 0.103744 0.105275
0.659369 0.104510 0.104029
0.664088 0.104982 0.106055
0.663500 0.105786 0.103306
0.667423 0.105681 0.104819
0.667444 0.104353 0.105066
0.671494 0.104204 0.104951
0.670181 0.104174 0.104949
0.672110 0.100746 0.108696
0.672716 0.103973 0.106333
0.672046 0.104613 0.106332
0.675850 0.104686 0.104424
0.680147 0.105500 0.102642
0.681432 0.104071 0.105142
0.685206 0.105356 0.104289
0.685867 0.104686 0.104789
0.689396 0.103305 0.107019
0.690041 0.103992 0.106772
0.695921 0.099046 0.112446
0.693383 0.104574 0.105450
0.696960 0.104375 0.105890
0.697594 0.105036 0.106142
0.701441 0.099523 0.111862
0.703308 0.097428 0.116112
0.698178 0.104279 0.106864
0.701054 0.103758 0.107004
0.700373 0.104382 0.107253
0.703992 0.104544 0.107094
0.707380 0.100623 0.110565
0.707363 0.103405 0.107571
0.710178 0.102858 0.109119
0.709579 0.102287 0.107117
0.712689 0.102408 0.108391
0.710764 0.101778 0.106636
0.713237 0.102296 0.105439
