0.508545 -0.098736 0.115866
0.511663 -0.100308 0.118060
0.508457 -0.098450 0.116808
0.510478 -0.100528 0.117025
0.509997 -0.100007 0.118526
0.511390 -0.100426 0.117387
0.509359 -0.098523 0.115638
0.509916 -0.098836 0.116710
0.509086 -0.099118 0.116907
0.510913 -0.099692 0.116658
0.510129 -0.100148 0.117260
0.512109 -0.102018 0.118509
0.509986 -0.100080 0.116409
0.513103 -0.102015 0.117567
0.513060 -0.101991 0.117067
0.509938 -0.100221 0.117224
0.509825 -0.098943 0.116224
0.509414 -0.099620 0.116209
0.510691 -0.099630 0.116709
0.510191 -0.101337 0.117665
0.512847 -0.102463 0.118425
0.512328 -0.104336 0.119176
0.512697 -0.101364 0.117547
0.510806 -0.099536 0.117297
0.510631 -0.099676 0.115105
0.512788 -0.101489 0.115948
0.510267 -0.099051 0.115698
0.510959 -0.098439 0.115818
0.512938 -0.101533 0.116818
0.510477 -0.098938 0.115578
0.512459 -0.100819 0.116827
0.512703 -0.101834 0.116817
0.510806 -0.099772 0.115815
0.509464 -0.098509 0.114816
0.509017 -0.099020 0.115637
0.509641 -0.099626 0.115637
0.511779 -0.102512 0.118038
0.509706 -0.100596 0.115789
0.510367 -0.100947 0.117039
0.510695 -0.101635 0.117626
0.511367 -0.101052 0.118376
0.513387 -0.102253 0.119869
0.608848 -0.095587 0.114366
0.607044 -0.094773 0.115085
0.609550 -0.096015 0.115585
0.608250 -0.094754 0.114835
0.608672 -0.096622 0.114008
0.607490 -0.094142 0.114431
0.608196 -0.094810 0.115431
0.609590 -0.094763 0.115542
0.610422 -0.097691 0.116508
0.607702 -0.093873 0.113758
0.609593 -0.096954 0.114008
0.608374 -0.094424 0.113970
0.610363 -0.096273 0.114959
0.607227 -0.094419 0.114459
0.609992 -0.096838 0.115403
0.608687 -0.095577 0.114653
0.608705 -0.095589 0.114399
0.607416 -0.094338 0.113899
0.608681 -0.094413 0.114389
0.608695 -0.094296 0.114458
0.609340 -0.094921 0.114708
0.609260 -0.094723 0.113796
0.610714 -0.097133 0.115586
0.609334 -0.093384 0.114338
0.611302 -0.096501 0.115336
0.610275 -0.095073 0.114289
0.609738 -0.094324 0.113889
0.609760 -0.094338 0.114139
0.612641 -0.097900 0.115732
0.612745 -0.097890 0.115760
0.610265 -0.095476 0.116012
0.613053 -0.098046 0.117495
0.610343 -0.094278 0.115249
0.613053 -0.096888 0.117306
0.610488 -0.095645 0.116306
0.611983 -0.099136 0.116507
0.610666 -0.097888 0.115758
0.708850 -0.092112 0.114753
0.710649 -0.092762 0.114753
0.708896 -0.091956 0.114615
0.710288 -0.092284 0.114355
0.709077 -0.091039 0.114106
0.710312 -0.091014 0.115525
0.708865 -0.092078 0.113804
0.709485 -0.092706 0.114054
0.708834 -0.092105 0.114350
0.708888 -0.092126 0.114850
0.708941 -0.092106 0.115481
0.707681 -0.093271 0.115231
0.708986 -0.094591 0.115393
0.708346 -0.094029 0.114925
0.707166 -0.094010 0.115175
0.710135 -0.095795 0.115402
0.707793 -0.092124 0.115403
0.708395 -0.095872 0.114706
0.707333 -0.092978 0.113657
0.708141 -0.092460 0.115408
0.709539 -0.094591 0.115156
0.707769 -0.093897 0.115112
0.710178 -0.092732 0.114863
0.708940 -0.091486 0.114263
0.707792 -0.092699 0.115012
0.708976 -0.093971 0.114939
0.706826 -0.092760 0.114980
0.706798 -0.092750 0.114730
0.706826 -0.092760 0.114980
0.708360 -0.092775 0.115377
0.706544 -0.094574 0.115147
0.707076 -0.093956 0.114397
0.705764 -0.093995 0.114060
0.705232 -0.094614 0.114810
0.706965 -0.093139 0.115396
0.706022 -0.096702 0.116562
0.707735 -0.096106 0.115562
0.708255 -0.097821 0.116057
0.708791 -0.093639 0.117530
0.707129 0.002866 0.113796
0.708412 0.000373 0.114546
0.707022 0.001755 0.114207
0.706997 0.001769 0.113957
0.707052 0.001812 0.115007
0.706953 0.001871 0.114007
0.706392 0.002475 0.114747
0.706339 0.002639 0.114729
0.706442 0.002819 0.115312
0.705567 0.002426 0.114688
0.707391 0.000586 0.114687
0.706735 0.002516 0.115068
0.708648 -0.000590 0.116067
0.707066 0.001998 0.113920
0.707659 -0.001150 0.115067
0.706304 0.002594 0.113568
0.707060 -0.000388 0.114303
0.706462 0.002661 0.114303
0.706618 0.002702 0.115157
0.707428 -0.000302 0.115984
0.707244 0.003460 0.113985
0.707958 0.000440 0.114980
0.708569 0.001045 0.114980
0.707383 0.002354 0.115031
0.706768 0.002965 0.114821
0.706784 0.000516 0.115070
0.707676 -0.000062 0.115678
0.707918 -0.001193 0.115797
0.707225 0.003124 0.114797
0.706612 0.002519 0.114797
0.706603 0.002471 0.115011
0.707211 0.001858 0.115011
0.707468 0.003052 0.115418
0.707211 0.001857 0.114473
0.707266 0.003047 0.114972
0.707284 0.001925 0.114299
0.708654 0.000730 0.115237
0.614522 -0.005327 0.115478
0.612728 -0.002643 0.114028
0.613347 -0.001988 0.114030
0.612351 -0.002532 0.113816
0.614279 -0.004352 0.115295
0.614379 -0.005655 0.116045
0.612867 -0.001807 0.114545
0.612964 -0.001153 0.112522
0.614733 -0.003173 0.113612
0.613481 -0.001973 0.114361
0.613551 -0.001998 0.114912
0.615000 -0.004558 0.116162
0.611966 -0.001929 0.114532
0.614693 -0.004395 0.116316
0.612587 -0.002467 0.114565
0.616603 -0.004932 0.117008
0.612420 0.000158 0.114258
0.612974 -0.000696 0.114861
0.614365 -0.001977 0.115861
0.614797 -0.002526 0.115389
0.612855 -0.001937 0.115139
0.614726 -0.002595 0.116791
0.612601 -0.000655 0.114791
0.614814 -0.005037 0.116873
0.610620 -0.001022 0.114195
0.616150 -0.006099 0.117944
0.610048 -0.001665 0.114489
0.612056 -0.002291 0.115490
0.612890 -0.004481 0.116825
0.611464 -0.001943 0.115825
0.612031 -0.002649 0.116205
0.611090 -0.002091 0.114741
0.613133 -0.003985 0.115741
0.610896 -0.000686 0.114053
0.611720 -0.001403 0.116054
0.613069 -0.005245 0.117535
0.614469 -0.006522 0.118785
0.610146 -0.002592 0.116103
0.613332 -0.007161 0.120075
0.611205 -0.003994 0.118324
0.612206 -0.003731 0.118417
0.510392 -0.001378 0.115266
0.509651 0.000552 0.114268
0.510168 -0.000027 0.113999
0.509141 0.000425 0.114359
0.510396 -0.000807 0.114109
0.509004 0.001909 0.113894
0.510999 -0.001251 0.114641
0.509171 0.002067 0.114064
0.510478 -0.000615 0.115277
0.508498 0.000040 0.114277
0.509771 0.000075 0.114845
0.509115 0.001950 0.114846
0.509568 0.001473 0.114235
0.509486 0.002770 0.113486
0.510675 0.000172 0.115328
0.508605 0.003387 0.114134
0.509260 0.001510 0.114133
0.509017 0.003020 0.114248
0.510352 0.000498 0.114747
0.509007 0.001815 0.115841
0.510297 -0.000675 0.115840
0.510069 0.001891 0.114931
0.509395 0.002520 0.114832
0.510630 0.001305 0.114332
0.509933 0.001810 0.114523
0.509912 0.001822 0.114273
0.509980 0.001933 0.113919
0.510041 0.001965 0.114185
0.510122 -0.000572 0.114684
0.509516 0.001389 0.114499
0.511469 -0.000472 0.114178
0.509594 0.001364 0.114678
0.510429 -0.000396 0.114765
0.510348 0.002142 0.114266
0.510369 0.002129 0.114516
0.511167 0.000200 0.114725
0.511251 0.001511 0.114705
0.512726 -0.001088 0.116955
0.512503 0.002698 0.115704
0.510587 0.003316 0.115454
0.505974 0.102354 0.116578
0.505878 0.102452 0.115255
0.506616 0.099309 0.116035
0.505980 0.101217 0.114675
0.506638 0.099360 0.114707
0.505506 0.101826 0.113956
0.505569 0.103017 0.115188
0.505869 0.101799 0.116832
0.506667 0.100160 0.115833
0.506068 0.100751 0.116300
0.506195 0.101904 0.115437
0.507462 0.099471 0.115306
0.505622 0.101144 0.114441
0.506955 0.099910 0.116038
0.507059 0.101275 0.115148
0.508389 0.097570 0.115122
0.507173 0.099983 0.116213
0.508508 0.098803 0.115485
0.508526 0.100018 0.116431
0.508653 0.097640 0.116176
0.508239 0.099614 0.116868
0.509489 0.098415 0.117235
0.509127 0.096607 0.117113
0.508488 0.098428 0.117002
0.506745 0.097663 0.116212
0.506740 0.098885 0.116409
0.506770 0.099046 0.116709
0.507405 0.098439 0.117008
0.506650 0.098936 0.116339
0.506111 0.097181 0.117206
0.507235 0.098444 0.115695
0.505880 0.096994 0.116340
0.506410 0.100094 0.115503
0.507038 0.099462 0.116837
0.506956 0.099489 0.115583
0.507598 0.099920 0.116328
0.508313 0.099535 0.117456
0.508508 0.098406 0.117940
0.507213 0.097187 0.116944
0.506479 0.100212 0.117166
0.507030 0.099628 0.116188
0.506468 0.099110 0.117746
0.505629 0.099813 0.114968
0.506040 0.100466 0.115629
0.506605 0.100000 0.116530
0.505956 0.100626 0.116263
0.507209 0.100629 0.117481
0.505671 0.100881 0.116110
0.506958 0.100870 0.116623
0.505568 0.100932 0.114858
0.506043 0.099170 0.115211
0.508492 0.100549 0.117268
0.509263 0.097389 0.118806
0.510089 0.097278 0.118582
0.507879 0.096550 0.119660
0.508325 0.098499 0.117646
0.609770 0.099923 0.113706
0.607983 0.101745 0.114453
0.607478 0.100679 0.113944
0.607220 0.101439 0.113495
0.609717 0.098956 0.113749
0.606603 0.100823 0.113495
0.607463 0.100202 0.113663
0.607674 0.100394 0.113867
0.607060 0.099779 0.113866
0.608518 0.099911 0.113710
0.609548 0.099570 0.113977
0.607137 0.099545 0.114475
0.609283 0.097700 0.114926
0.608778 0.099555 0.113891
0.608784 0.097103 0.113891
0.609310 0.099603 0.115106
0.611157 0.096545 0.115105
0.608724 0.099701 0.115269
0.608034 0.100348 0.114519
0.607587 0.099553 0.114816
0.608202 0.098940 0.114816
0.608924 0.099582 0.115382
0.611409 0.097126 0.115632
0.608268 0.099007 0.114940
0.608929 0.099466 0.116337
0.609411 0.096470 0.114835
0.607637 0.099456 0.115791
0.608866 0.099459 0.115792
0.609856 0.098208 0.115008
0.607847 0.100117 0.113508
0.607685 0.100016 0.113918
0.609016 0.097560 0.114758
0.608877 0.100081 0.113510
0.608908 0.097554 0.114615
0.607605 0.100036 0.114116
0.607455 0.099907 0.114989
0.608470 0.099842 0.113841
0.610444 0.096724 0.114839
0.607897 0.100432 0.114341
0.607919 0.099228 0.114190
0.609158 0.099172 0.114850
0.606549 0.100452 0.113599
0.609918 0.098747 0.114438
0.611277 0.095013 0.115435
0.608516 0.099934 0.113773
0.611009 0.095949 0.114939
0.609777 0.098399 0.115190
0.610376 0.097797 0.114940
0.611076 0.099426 0.115271
0.611358 0.097189 0.116373
0.707373 0.100964 0.112973
0.707184 0.100641 0.114229
0.707758 0.100082 0.113730
0.708427 0.098267 0.113979
0.708179 0.098137 0.113754
0.707994 0.100581 0.113622
0.709240 0.098206 0.113372
0.707119 0.101141 0.113854
0.708217 0.098673 0.114464
0.707479 0.100533 0.113464
0.707167 0.100456 0.113564
0.707776 0.101058 0.113815
0.708490 0.098001 0.115029
0.707074 0.101670 0.113781
0.708323 0.100669 0.114141
0.707736 0.100052 0.114140
0.708304 0.100960 0.114206
0.707512 0.101550 0.113930
0.709321 0.098404 0.114330
0.707382 0.101406 0.113829
0.708025 0.100801 0.114080
0.707868 0.099376 0.114369
0.707119 0.099969 0.113522
0.708262 0.100048 0.112773
0.708383 0.099788 0.114128
0.707763 0.100375 0.114128
0.707697 0.100280 0.114021
0.708933 0.097872 0.113565
0.708266 0.100854 0.113815
0.707673 0.100375 0.113049
0.707608 0.101486 0.113738
0.707622 0.100298 0.113488
0.708018 0.100793 0.113824
0.708005 0.100777 0.113663
0.708069 0.100727 0.114413
0.709354 0.098446 0.113949
0.708760 0.100187 0.114699
0.710044 0.097985 0.113798
0.708744 0.100377 0.113548
0.708295 0.101017 0.114464
0.708501 0.099915 0.114546
0.709043 0.100566 0.114047
0.708878 0.099326 0.112864
0.709005 0.099232 0.114364
0.709489 0.099849 0.113975
0.710589 0.102283 0.113947
0.710222 0.100506 0.114252
