0.511088 -0.098713 0.024822
0.511124 -0.098736 0.025322
0.515946 -0.100682 0.029013
0.511367 -0.099244 0.024034
0.510894 -0.098031 0.023831
0.511829 -0.098750 0.025596
0.515390 -0.100356 0.029078
0.510735 -0.098820 0.025560
0.514641 -0.099543 0.028582
0.510959 -0.098373 0.024850
0.511657 -0.099202 0.025058
0.510719 -0.098806 0.023812
0.511412 -0.099592 0.025485
0.511356 -0.099565 0.024735
0.510194 -0.099397 0.025079
0.512841 -0.100463 0.026570
0.514273 -0.098306 0.027203
0.510698 -0.097090 0.023619
0.511512 -0.097405 0.023114
0.512070 -0.097793 0.024737
0.513162 -0.098221 0.027982
0.511524 -0.097991 0.023842
0.512421 -0.098321 0.024336
0.512929 -0.098732 0.025062
0.512997 -0.097729 0.025569
0.512979 -0.097720 0.025319
0.513027 -0.096498 0.024481
0.516440 -0.095736 0.028025
0.515480 -0.097135 0.026685
0.516432 -0.096107 0.028045
0.513387 -0.096157 0.025789
0.514910 -0.095082 0.027579
0.514491 -0.094302 0.027196
0.512094 -0.095533 0.024369
0.512581 -0.094983 0.026367
0.514687 -0.094535 0.028137
0.513031 -0.094021 0.026607
0.511926 -0.094040 0.024435
0.514967 -0.093649 0.026676
0.512710 -0.092567 0.026719
0.512540 -0.093425 0.025897
0.512962 -0.093624 0.027435
0.511890 -0.093440 0.025719
0.515311 -0.093045 0.028329
0.516080 -0.093943 0.027224
0.511620 -0.092874 0.025119
0.511830 -0.092502 0.025624
0.512820 -0.092553 0.026338
0.511334 -0.092896 0.026488
0.515258 -0.092987 0.029091
0.510416 -0.091957 0.024344
0.510044 -0.091513 0.025106
0.509570 -0.091280 0.025732
0.511609 -0.091236 0.027649
0.508330 -0.091036 0.026010
0.508193 -0.090976 0.024766
0.508067 -0.090804 0.024842
0.506985 -0.090841 0.023385
0.509764 -0.090718 0.026563
0.508773 -0.090802 0.025851
0.513490 -0.091305 0.029827
0.509225 -0.091915 0.024255
0.508344 -0.092302 0.023992
0.512097 -0.090922 0.026433
0.509319 -0.091615 0.024277
0.509404 -0.090969 0.023752
0.509471 -0.090978 0.024501
0.509826 -0.090623 0.023391
0.510277 -0.092451 0.025552
0.509666 -0.093156 0.024172
0.512143 -0.095595 0.027529
0.510118 -0.096567 0.027492
0.510380 -0.093541 0.025924
0.510280 -0.093546 0.024153
0.509329 -0.093664 0.023660
0.511064 -0.097954 0.028127
0.509315 -0.093737 0.023401
0.509561 -0.094675 0.022682
0.508635 -0.093779 0.023661
0.509676 -0.094676 0.023367
0.510596 -0.097511 0.023452
0.509604 -0.095715 0.023351
0.510548 -0.099256 0.025435
0.509521 -0.096643 0.024001
0.511149 -0.099513 0.024496
0.509750 -0.097742 0.024037
0.510631 -0.100305 0.026059
0.510797 -0.101436 0.026711
0.510676 -0.103213 0.027146
0.507724 -0.103131 0.034554
0.508919 -0.109175 0.040140
0.506313 -0.109069 0.053880
0.511144 -0.112873 0.067109
0.610434 -0.098118 0.022283
0.610840 -0.098118 0.021104
0.611243 -0.097378 0.022205
0.610760 -0.097109 0.022331
0.611616 -0.097425 0.022323
0.610713 -0.096626 0.022761
0.610560 -0.097213 0.024927
0.612483 -0.096769 0.023763
0.612794 -0.095579 0.025133
0.612776 -0.095553 0.024884
0.615044 -0.094729 0.027376
0.613703 -0.095018 0.023795
0.614762 -0.095574 0.025838
0.614050 -0.094473 0.025714
0.612362 -0.094153 0.025030
0.612503 -0.093260 0.025147
0.613304 -0.092402 0.025503
0.615189 -0.092738 0.026469
0.613293 -0.091906 0.024523
0.615317 -0.092384 0.027227
0.613407 -0.091468 0.025136
0.612357 -0.091101 0.024470
0.612377 -0.091127 0.024718
0.613359 -0.091840 0.026040
0.615348 -0.090224 0.027732
0.613421 -0.089844 0.027887
0.614692 -0.090379 0.028740
0.612746 -0.090283 0.027282
0.612860 -0.089771 0.026073
0.611902 -0.089770 0.025594
0.612018 -0.091097 0.025499
0.611916 -0.089310 0.025977
0.611289 -0.089061 0.026512
0.612369 -0.089962 0.027376
0.611921 -0.089779 0.026951
0.612276 -0.089048 0.028097
0.614134 -0.088861 0.028824
0.611973 -0.089909 0.024989
0.613824 -0.089678 0.025732
0.611942 -0.089274 0.025314
0.610995 -0.088570 0.023871
0.612005 -0.088555 0.026136
0.611121 -0.088736 0.026117
0.611545 -0.088845 0.025736
0.610489 -0.088288 0.021749
0.614760 -0.088480 0.023658
0.612807 -0.088119 0.024117
0.614471 -0.088539 0.023711
0.611943 -0.089124 0.021460
0.614677 -0.090031 0.022679
0.613283 -0.088655 0.023484
0.613581 -0.089074 0.023671
0.612772 -0.089305 0.023056
0.613490 -0.091541 0.024440
0.612772 -0.090596 0.022818
0.613216 -0.089554 0.024014
0.611654 -0.089495 0.023206
0.613562 -0.090404 0.023747
0.613150 -0.089648 0.024789
0.614776 -0.090786 0.024725
0.612491 -0.089795 0.024975
0.613747 -0.089423 0.025438
0.613295 -0.090525 0.024987
0.613165 -0.090910 0.024651
0.611998 -0.090730 0.023522
0.612828 -0.090412 0.023452
0.611484 -0.090529 0.023996
0.612940 -0.089954 0.025353
0.611736 -0.091333 0.023270
0.611461 -0.090510 0.023030
0.611338 -0.091461 0.023206
0.615615 -0.092798 0.026188
0.611712 -0.091471 0.024190
0.612436 -0.092336 0.024998
0.615078 -0.093169 0.027808
0.611003 -0.091733 0.023837
0.611977 -0.092301 0.024782
0.610236 -0.090650 0.022807
0.611512 -0.090981 0.023665
0.612000 -0.089050 0.022826
0.614235 -0.090837 0.024444
0.612803 -0.091952 0.024025
0.614764 -0.093254 0.025195
0.610870 -0.091919 0.023364
0.612070 -0.093463 0.023603
0.609928 -0.093382 0.024163
0.610999 -0.094103 0.023881
0.611453 -0.094406 0.023804
0.611671 -0.097854 0.025888
0.611426 -0.097470 0.025589
0.610480 -0.096297 0.025412
0.610417 -0.095416 0.025389
0.609675 -0.097019 0.025618
0.610618 -0.096122 0.025040
0.609994 -0.097599 0.026191
0.610904 -0.096723 0.026110
0.610466 -0.097045 0.025922
0.607717 -0.099024 0.025655
0.610636 -0.097533 0.025184
0.607860 -0.102409 0.027847
0.608070 -0.101971 0.025185
0.609317 -0.100397 0.025084
0.610320 -0.099682 0.025495
0.611157 -0.099908 0.026375
0.608001 -0.102750 0.026104
0.608891 -0.105000 0.026292
0.609193 -0.102247 0.024089
0.611248 -0.099159 0.024165
0.609700 -0.101266 0.024300
0.609759 -0.102368 0.024606
0.611373 -0.101117 0.024196
0.611923 -0.105061 0.026861
0.612741 -0.105471 0.026739
0.612335 -0.104492 0.024917
0.612130 -0.101269 0.024098
0.614691 -0.105491 0.028374
0.612081 -0.102774 0.025103
0.615104 -0.105889 0.028912
0.612012 -0.102756 0.024519
0.612250 -0.104018 0.024397
0.612379 -0.103765 0.023363
0.612264 -0.103727 0.025364
0.612595 -0.103753 0.024304
0.613503 -0.106806 0.026633
0.613033 -0.103494 0.024650
0.612900 -0.103881 0.024406
0.610925 -0.103385 0.024515
0.612453 -0.103415 0.023936
0.613808 -0.105879 0.026197
0.608457 -0.106072 0.042599
0.605388 -0.106829 0.041270
0.713576 -0.099040 0.023317
0.715852 -0.101090 0.024524
0.713665 -0.099027 0.023215
0.713181 -0.100013 0.022720
0.713592 -0.099183 0.023250
0.712757 -0.098822 0.023502
0.714021 -0.099222 0.025049
0.714940 -0.102220 0.025082
0.712592 -0.100175 0.022860
0.712057 -0.100311 0.024014
0.711483 -0.099048 0.022783
0.710469 -0.099154 0.020413
0.711726 -0.102001 0.023517
0.711436 -0.097836 0.021550
0.711770 -0.100163 0.022050
0.711694 -0.098098 0.021554
0.711854 -0.102641 0.024925
0.711630 -0.100558 0.022416
0.712017 -0.102097 0.023008
0.710658 -0.100420 0.021238
0.712771 -0.102320 0.023261
0.710962 -0.100791 0.022318
0.711525 -0.100010 0.023548
0.711336 -0.105038 0.025697
0.709114 -0.102732 0.020830
0.709687 -0.101961 0.021799
0.710217 -0.101953 0.022495
0.711174 -0.105713 0.024907
0.709684 -0.101968 0.022209
0.710989 -0.101737 0.022692
0.710546 -0.101741 0.022485
0.710222 -0.106062 0.024625
0.709404 -0.102264 0.021173
0.709833 -0.102376 0.024168
0.710205 -0.101648 0.021622
0.710345 -0.102656 0.022714
0.711162 -0.103220 0.024240
0.711031 -0.103001 0.022929
0.710928 -0.105969 0.024586
0.711123 -0.102706 0.022397
0.711112 -0.102724 0.022184
0.710969 -0.102553 0.022277
0.710391 -0.103124 0.022445
0.711937 -0.105619 0.024066
0.710517 -0.102946 0.022480
0.711860 -0.101794 0.022936
0.710561 -0.101851 0.022702
0.712369 -0.101755 0.024481
0.712804 -0.101916 0.024299
0.712791 -0.101910 0.024048
0.713309 -0.100817 0.022845
0.713283 -0.100804 0.022344
0.713160 -0.101675 0.023892
0.715017 -0.100529 0.024658
0.713676 -0.101788 0.023220
0.714530 -0.102024 0.024381
0.715875 -0.102045 0.025628
0.714011 -0.102220 0.025664
0.715192 -0.103102 0.024813
0.714511 -0.102454 0.024293
0.715447 -0.102817 0.026118
0.718063 -0.102806 0.027377
0.715026 -0.103055 0.025202
0.715836 -0.101920 0.025807
0.715180 -0.101323 0.026045
0.716182 -0.101588 0.027018
0.714867 -0.101614 0.026252
0.714618 -0.101767 0.024465
0.713311 -0.101826 0.023943
0.715487 -0.100942 0.026521
0.716675 -0.100871 0.026789
0.714525 -0.099135 0.026284
0.715201 -0.097987 0.025592
0.715962 -0.098610 0.026340
0.715962 -0.097932 0.025781
0.714712 -0.098161 0.025980
0.715095 -0.096536 0.025064
0.715080 -0.097051 0.025639
0.715121 -0.097147 0.026386
0.715459 -0.096644 0.026376
0.717541 -0.096961 0.027688
0.714556 -0.095352 0.024166
0.716196 -0.096331 0.024885
0.714307 -0.094488 0.024517
0.713216 -0.094229 0.023525
0.714493 -0.093991 0.024877
0.713241 -0.091723 0.024610
0.713737 -0.092848 0.024200
0.717928 -0.091146 0.029058
0.712167 -0.092173 0.024081
0.711356 -0.090562 0.023455
0.712974 -0.090514 0.025529
0.712762 -0.091380 0.025340
0.710988 -0.090066 0.025237
0.712172 -0.089681 0.026885
0.712149 -0.089852 0.026867
0.710811 -0.089466 0.028165
0.711260 -0.089483 0.023777
0.709676 -0.089291 0.024964
0.709594 -0.090066 0.024248
0.710743 -0.089753 0.027850
0.710418 -0.089037 0.024686
0.710052 -0.088991 0.028612
0.708877 -0.088502 0.026203
0.709690 -0.086857 0.028522
0.704961 -0.086375 0.026173
0.707043 -0.087236 0.027105
0.708136 -0.087717 0.027339
0.707994 -0.087456 0.026122
0.706740 -0.087774 0.027548
0.705121 -0.089824 0.026774
0.709487 -0.088107 0.028624
0.707190 -0.087729 0.028605
0.709666 -0.089243 0.030066
0.704843 -0.088609 0.028304
0.706560 -0.088011 0.028272
0.706102 -0.090940 0.029903
0.706687 -0.091007 0.029938
0.706324 -0.090153 0.029904
0.705171 -0.089709 0.028660
0.706987 -0.089213 0.030109
0.705276 -0.089722 0.027144
0.705565 -0.090681 0.026268
0.706551 -0.090524 0.027983
0.707151 -0.090921 0.031053
0.705855 -0.090423 0.030251
0.705224 -0.089843 0.029890
0.705387 -0.090060 0.031621
0.705508 -0.090073 0.030306
0.706334 -0.090676 0.030158
0.705042 -0.090251 0.029315
0.708331 -0.091996 0.032049
0.705404 -0.090527 0.031459
0.708452 -0.091228 0.031632
0.705418 -0.089661 0.029508
0.706111 -0.089575 0.029699
0.706389 -0.089536 0.027759
0.705090 -0.089149 0.026353
0.707737 -0.089109 0.028273
0.705646 -0.089148 0.025839
0.709342 -0.090540 0.028550
0.706863 -0.089874 0.026913
0.709517 -0.088644 0.025813
0.709279 -0.088105 0.024538
0.707424 -0.090185 0.024686
0.710500 -0.089100 0.025735
0.710653 -0.089174 0.023946
0.708683 -0.089251 0.023398
0.711076 -0.089913 0.025187
0.707700 -0.091519 0.023014
0.712175 -0.091361 0.024120
0.711040 -0.091465 0.022537
0.710232 -0.091786 0.023241
0.710817 -0.091819 0.022839
0.713083 -0.092572 0.024541
0.710331 -0.093268 0.022733
0.713853 -0.092979 0.024726
0.711662 -0.092118 0.023192
0.711061 -0.092942 0.022319
0.711358 -0.093802 0.022158
0.710839 -0.093913 0.021621
0.711679 -0.094673 0.023552
0.712412 -0.094218 0.025135
0.709284 -0.095372 0.031847
0.711888 -0.095402 0.033512
0.709582 -0.096423 0.041319
0.711848 -0.098847 0.046603
0.713014 -0.001309 0.022768
0.710992 -0.000312 0.021450
0.711897 0.001309 0.022808
0.712083 0.002249 0.022629
0.712687 -0.001114 0.023977
0.711164 0.000861 0.023345
0.711209 -0.002765 0.022147
0.710619 0.002610 0.021325
0.711143 0.003372 0.022860
0.710836 0.001901 0.021311
0.710826 0.000338 0.020264
0.711100 0.000231 0.023516
0.712537 -0.002657 0.025895
0.711196 0.001040 0.024168
0.712507 -0.003155 0.025538
0.710885 -0.000524 0.022828
0.711399 0.000250 0.023824
0.710653 -0.004928 0.023813
0.710403 0.000322 0.022448
0.710146 -0.000466 0.022629
0.711541 -0.006740 0.022773
0.709894 -0.000615 0.020466
0.709684 -0.001351 0.019800
0.711502 -0.005450 0.023582
0.710500 -0.000397 0.020944
0.711276 -0.005799 0.021824
0.711003 -0.001459 0.019681
0.712146 -0.001621 0.019802
0.712180 -0.001563 0.021056
0.711500 -0.003940 0.022097
0.712728 -0.003234 0.022657
0.714803 -0.004646 0.025241
0.712390 -0.003433 0.022120
0.712933 -0.002753 0.022065
0.712579 -0.002543 0.024358
0.713795 -0.002400 0.024680
0.712342 -0.002203 0.024776
0.712823 -0.000398 0.023779
0.712240 -0.001881 0.024149
0.711858 -0.000796 0.024094
0.712440 -0.000156 0.024040
0.711351 0.000208 0.023893
0.711534 -0.000416 0.023386
0.712101 0.000295 0.024336
0.713886 -0.000076 0.026576
0.713237 0.000166 0.024278
0.712946 0.000812 0.023316
0.711689 0.000859 0.024215
0.714503 0.001237 0.025984
0.712535 0.001408 0.024046
0.712545 0.001390 0.023796
0.714928 0.001549 0.025513
0.713203 0.000432 0.024709
0.713917 0.000486 0.025719
0.712730 0.000405 0.024852
0.711891 -0.000324 0.024302
0.713035 0.000991 0.025262
0.716191 0.000772 0.026496
0.715510 0.001401 0.027355
0.713924 0.000773 0.025497
0.713613 0.000460 0.024921
0.713056 -0.000200 0.024673
0.713601 0.000482 0.024917
0.715339 0.000095 0.026969
0.713232 -0.001268 0.024164
0.713065 -0.000032 0.024773
0.713764 0.000658 0.024066
0.715630 -0.000883 0.026283
0.714703 -0.000436 0.026221
0.718221 -0.000971 0.029203
0.714669 -0.000432 0.026495
0.716300 -0.000585 0.026146
0.715117 -0.000829 0.025944
0.714685 -0.000301 0.025307
0.714899 0.000621 0.026122
0.715876 -0.001004 0.026913
0.713486 0.000210 0.024124
0.715338 0.000143 0.025023
0.714227 -0.000055 0.024704
0.712848 0.000767 0.023112
0.713999 0.001514 0.024674
0.712353 0.003103 0.024287
0.713270 0.002820 0.023461
0.713009 0.003771 0.023515
0.713939 0.003523 0.022687
0.713599 0.003999 0.023087
0.713701 0.005393 0.025657
0.713109 0.005859 0.023516
0.712260 0.006521 0.024192
0.712883 0.005445 0.023989
0.713200 0.005639 0.026875
0.713848 0.005062 0.026208
0.710628 0.007957 0.025068
0.712278 0.007460 0.026059
0.712052 0.006866 0.026741
0.712372 0.007849 0.027394
0.712569 0.008205 0.024667
0.711778 0.008266 0.026194
0.711675 0.007491 0.025339
0.712254 0.007556 0.025900
0.712114 0.006680 0.025791
0.712032 0.007724 0.026863
0.714472 0.005393 0.028654
0.712011 0.006837 0.027289
0.712309 0.006986 0.026539
0.715618 0.005246 0.029448
0.711996 0.007162 0.025606
0.712867 0.007143 0.027210
0.713703 0.006683 0.030252
0.703631 0.005019 0.027367
0.698545 0.003505 0.067627
0.696412 0.009182 0.063105
0.688607 0.013476 0.088066
0.616473 -0.006038 0.028770
0.613404 -0.003939 0.026531
0.612908 -0.004168 0.026407
0.613426 -0.003459 0.026443
0.616316 -0.007097 0.029643
0.612774 -0.002496 0.024375
0.615520 -0.005162 0.027565
0.612565 -0.003982 0.025648
0.615384 -0.004728 0.027436
0.611606 -0.004690 0.026495
0.612338 -0.003908 0.025699
0.614461 -0.004141 0.027711
0.611685 -0.003510 0.025187
0.614629 -0.004163 0.027417
0.611953 -0.003351 0.026426
0.611522 -0.002090 0.025746
0.611438 -0.001879 0.024292
0.616579 -0.004645 0.028618
0.613184 -0.003208 0.025472
0.612771 -0.002005 0.025546
0.613106 -0.001682 0.024752
0.617255 -0.004793 0.028019
0.611532 -0.001040 0.024051
0.614445 -0.001613 0.026121
0.614323 -0.001640 0.026743
0.611606 -0.000387 0.024356
0.612366 0.000708 0.025155
0.611764 0.000937 0.024182
0.615708 0.000240 0.026838
0.611634 0.001971 0.027386
0.613057 0.000455 0.027785
0.612390 0.002099 0.026162
0.614725 0.000838 0.029606
0.613441 0.000407 0.027839
0.615530 0.001834 0.029034
0.611931 0.002471 0.026408
0.616183 0.000021 0.029284
0.612852 0.002142 0.027141
0.612534 0.003278 0.026174
0.612298 0.003522 0.026821
0.611947 0.002729 0.025529
0.611862 0.002520 0.026656
0.612771 0.002238 0.027148
0.614450 0.001480 0.028249
0.612889 0.002879 0.027552
0.612081 0.003882 0.027021
0.612054 0.003718 0.026438
0.616398 0.001588 0.029430
0.611582 0.004609 0.023588
0.612366 0.003400 0.025809
0.612077 0.003464 0.024512
0.615919 0.002247 0.024264
0.614846 0.001543 0.024427
0.613019 0.002155 0.020592
0.612128 0.002339 0.020535
0.613140 0.002800 0.021150
0.612419 0.003329 0.023378
0.615528 0.004001 0.024483
0.612905 0.004468 0.023924
0.614401 0.003995 0.024293
0.615304 0.003987 0.026162
0.614203 0.002369 0.025461
0.616581 0.004314 0.025389
0.613928 0.003820 0.023706
0.615706 0.004820 0.026093
0.612882 0.002538 0.023826
0.614648 0.003384 0.025530
0.613679 0.002760 0.023696
0.616180 0.002459 0.025616
0.614199 0.001612 0.024683
0.616699 0.001341 0.026597
0.617303 -0.000797 0.027895
0.614161 0.001293 0.024911
0.614526 0.001552 0.024473
0.612631 -0.000089 0.024809
0.613615 0.000726 0.024458
0.612467 -0.000001 0.026214
0.611747 0.000056 0.022841
0.611201 -0.000317 0.024349
0.610135 -0.002865 0.025504
0.610334 -0.001076 0.023789
0.610581 -0.001925 0.026984
0.612594 -0.000277 0.024948
0.611427 -0.002103 0.027715
0.611081 -0.002762 0.026881
0.611086 -0.002764 0.026630
0.611075 -0.004596 0.029252
0.611442 -0.001905 0.024768
0.612328 -0.004593 0.029141
0.611449 -0.002482 0.029597
0.613946 -0.004673 0.028292
0.611633 -0.001604 0.025091
0.611702 -0.002113 0.027147
0.609225 -0.001284 0.024274
0.608698 -0.001569 0.024814
0.609594 -0.001723 0.026380
0.610134 -0.001258 0.026103
0.612007 -0.005379 0.029623
0.611218 -0.000633 0.025672
0.612097 -0.000825 0.026991
0.611650 -0.002023 0.027004
0.611913 -0.001159 0.025973
0.610754 -0.002268 0.025081
0.611417 -0.003193 0.026235
0.614177 -0.008847 0.030594
0.610899 -0.002136 0.023361
0.610974 -0.002867 0.022921
0.610997 -0.003977 0.020561
0.611336 -0.003055 0.021755
0.611828 -0.004779 0.022627
0.611429 -0.006232 0.021566
0.611822 -0.005312 0.023000
0.611991 -0.004104 0.019970
0.612022 -0.001844 0.022985
0.612962 -0.002927 0.022060
0.614089 -0.003331 0.023380
0.613336 -0.002930 0.022026
0.614898 -0.003180 0.022809
0.616620 -0.005346 0.024698
0.615696 -0.002771 0.021601
0.613891 -0.003774 0.020883
0.613756 -0.003051 0.022163
0.613350 -0.004910 0.023921
0.617845 -0.006043 0.029563
0.620988 -0.005480 0.027757
0.614587 -0.004796 0.026736
0.615514 -0.003880 0.024035
0.618666 -0.006171 0.030960
0.511764 0.003023 0.023692
0.512021 0.003845 0.025485
0.516813 0.002538 0.028603
0.511411 0.005339 0.024864
0.512328 0.005188 0.025893
0.512073 0.004370 0.026138
0.511058 0.004540 0.024628
0.510883 0.003934 0.025884
0.510059 0.005888 0.024959
0.512690 0.005886 0.027998
0.510677 0.005183 0.026191
0.514119 0.006616 0.029187
0.511830 0.006912 0.027609
0.511902 0.006866 0.028608
0.511267 0.007782 0.028651
0.515070 0.007641 0.030917
0.511300 0.007193 0.025745
0.514533 0.009195 0.029233
0.510689 0.008303 0.026173
0.515744 0.010672 0.029898
0.517657 0.011563 0.032205
0.510527 0.010620 0.027367
0.511710 0.008792 0.029003
0.513717 0.011292 0.030056
0.511274 0.010586 0.029642
0.514963 0.010946 0.030646
0.511523 0.010371 0.028712
0.514361 0.010644 0.030464
0.510753 0.010657 0.029049
0.511779 0.009883 0.028991
0.510904 0.010518 0.026850
0.514692 0.010977 0.029351
0.511315 0.010728 0.027361
0.510703 0.010774 0.027435
0.510431 0.009854 0.027761
0.509459 0.009716 0.026760
0.509953 0.010620 0.026300
0.511385 0.008865 0.027221
0.512253 0.009021 0.026722
0.510858 0.007994 0.026422
0.512111 0.007448 0.025617
0.510923 0.009101 0.025928
0.513664 0.006913 0.027001
0.511376 0.009314 0.026323
0.512223 0.007787 0.026943
0.512022 0.008674 0.025962
0.513725 0.006379 0.025701
0.512296 0.007260 0.024724
0.510417 0.006995 0.023708
0.511238 0.005379 0.025087
0.511091 0.006262 0.024336
0.510723 0.005240 0.024550
0.510634 0.006150 0.024543
0.510986 0.004982 0.024133
0.511173 0.005547 0.023128
0.510258 0.005495 0.023105
0.509721 0.003975 0.023641
0.509718 0.004916 0.024112
0.509843 0.005001 0.022486
0.510857 0.003544 0.022518
0.511773 0.004386 0.021760
0.510860 0.002759 0.021824
0.510851 0.001418 0.023148
0.512531 -0.000437 0.024874
0.509717 0.000946 0.022277
0.509008 0.002722 0.020331
0.509625 0.001241 0.021331
0.512186 0.000007 0.022862
0.510390 0.001368 0.020812
0.509880 -0.000180 0.020636
0.510116 0.000698 0.020545
0.510622 -0.000784 0.019709
0.510900 0.000252 0.021107
0.512385 -0.000438 0.021983
0.511847 -0.001344 0.022049
0.513750 0.000663 0.020620
0.516276 -0.001977 0.023805
0.514214 -0.000072 0.023098
0.514726 -0.001938 0.024192
0.515203 -0.002037 0.024259
0.516417 -0.001598 0.025038
0.515188 0.000245 0.023565
0.515473 -0.000947 0.024041
0.514219 -0.000157 0.022999
0.515196 -0.001783 0.024108
0.514622 -0.001217 0.024146
0.515083 -0.002196 0.024970
0.515061 -0.002102 0.025715
0.513035 -0.002535 0.022924
0.513497 -0.002312 0.022802
0.513460 -0.002163 0.024044
0.512847 -0.002055 0.023415
0.513519 -0.002636 0.023555
0.513914 -0.002927 0.024307
0.513563 -0.003176 0.024784
0.511748 -0.004440 0.028142
0.512096 -0.004208 0.027186
0.506683 -0.006760 0.054012
0.504924 -0.008660 0.053140
0.514396 0.103651 0.025370
0.512043 0.104595 0.023643
0.512209 0.105500 0.023401
0.511822 0.106225 0.022119
0.515239 0.103638 0.025407
0.512114 0.104954 0.021757
0.515496 0.102345 0.025321
0.512740 0.104535 0.022881
0.515395 0.103013 0.026445
0.511598 0.104663 0.022748
0.513078 0.104334 0.023036
0.511010 0.103963 0.022261
0.514609 0.100781 0.025678
0.511575 0.103562 0.023234
0.515344 0.101380 0.025266
0.510841 0.102752 0.021582
0.512252 0.102710 0.021376
0.512055 0.102576 0.022539
0.515934 0.100016 0.023850
0.511907 0.101106 0.021364
0.515795 0.098587 0.024717
0.511137 0.100898 0.020190
0.512052 0.100628 0.022001
0.512347 0.101003 0.021336
0.511964 0.100298 0.022416
0.512648 0.099582 0.022772
0.515837 0.099960 0.024968
0.511702 0.100187 0.023097
0.511555 0.101592 0.021537
0.511585 0.101639 0.022035
0.511635 0.101275 0.020847
0.512940 0.101582 0.021317
0.512382 0.100831 0.021156
0.513295 0.100904 0.021811
0.514255 0.099205 0.023305
0.513419 0.101451 0.022978
0.513555 0.101790 0.022169
0.516330 0.100885 0.023831
0.514516 0.101303 0.022659
0.513861 0.100528 0.021737
0.512948 0.100828 0.022991
0.512951 0.100538 0.022032
0.511539 0.100299 0.020016
0.512033 0.100162 0.022002
0.512019 0.100141 0.021752
0.510994 0.099519 0.021730
0.511266 0.099906 0.021074
0.513343 0.098207 0.023105
0.510684 0.099303 0.021873
0.513652 0.098326 0.025564
0.513257 0.098571 0.022869
0.512566 0.099105 0.021764
0.512317 0.098365 0.023585
0.512520 0.098981 0.023003
0.511267 0.098973 0.023659
0.516475 0.100147 0.026172
0.510963 0.099044 0.023180
0.514599 0.100734 0.026429
0.511641 0.098642 0.021985
0.515532 0.096888 0.024988
0.513065 0.097713 0.021768
0.511701 0.098865 0.021966
0.514377 0.098698 0.025339
0.511799 0.096970 0.023634
0.509874 0.098447 0.021113
0.511913 0.099132 0.021526
0.512503 0.098681 0.022960
0.512053 0.099180 0.022115
0.510927 0.099648 0.022313
0.513447 0.098976 0.023700
0.514767 0.097591 0.024987
0.609776 0.103452 0.022623
0.610842 0.098558 0.025455
0.609140 0.098681 0.024978
0.609131 0.100729 0.023903
0.609631 0.098072 0.025130
0.609645 0.100115 0.023543
0.608113 0.094965 0.025674
0.609639 0.101387 0.022378
0.608146 0.094852 0.025609
0.608628 0.100939 0.023549
0.609444 0.100307 0.023896
0.607914 0.099172 0.023503
0.607408 0.095129 0.024482
0.607931 0.100545 0.023378
0.607786 0.100558 0.020623
0.607834 0.099409 0.022452
0.609072 0.096311 0.024634
0.610523 0.096737 0.024436
0.608162 0.100069 0.021615
0.607600 0.099346 0.021660
0.608842 0.098816 0.023570
0.610989 0.099130 0.024683
0.609055 0.098302 0.023236
0.609958 0.098711 0.022270
0.613328 0.098341 0.024288
0.611010 0.097743 0.023506
0.611058 0.097747 0.024508
0.614594 0.097320 0.025249
0.612874 0.100054 0.023228
0.615055 0.096955 0.024931
0.611982 0.097037 0.024093
0.615247 0.097859 0.025817
0.610245 0.098468 0.023653
0.616265 0.098153 0.028502
0.609639 0.098587 0.022466
0.611746 0.098427 0.022781
0.616359 0.096752 0.023838
0.616306 0.099354 0.025668
0.617823 0.098127 0.025497
0.612636 0.099118 0.023690
0.613822 0.097479 0.022635
0.613181 0.098132 0.024058
0.613321 0.097472 0.023633
0.612722 0.096793 0.023391
0.612618 0.097007 0.023360
0.613463 0.098111 0.023259
0.617260 0.097277 0.025980
0.614935 0.097193 0.022286
0.613014 0.097633 0.022023
0.614102 0.097347 0.021015
0.618124 0.097031 0.022856
0.613048 0.097636 0.022768
0.613906 0.097128 0.020256
0.613039 0.098862 0.019941
0.613552 0.098545 0.021170
0.613412 0.098629 0.022670
0.616659 0.100069 0.023105
0.611952 0.099062 0.022149
0.615854 0.097173 0.022495
0.612302 0.098752 0.022574
0.616446 0.099295 0.023630
0.614794 0.099896 0.023240
0.610767 0.100093 0.024159
0.613113 0.100975 0.023242
0.612464 0.101686 0.024747
0.612815 0.102462 0.024796
0.615130 0.101133 0.023708
0.613164 0.101892 0.025379
0.615574 0.101257 0.025196
0.615629 0.101246 0.024951
0.615798 0.103846 0.026017
0.617553 0.103250 0.025598
0.616984 0.101552 0.026376
0.615301 0.103921 0.025218
0.616372 0.104498 0.025311
0.614265 0.104844 0.026589
0.615914 0.103541 0.025884
0.614605 0.103635 0.027002
0.614869 0.101528 0.027982
0.615486 0.103174 0.027117
0.614245 0.102300 0.028242
0.614123 0.103274 0.026069
0.613380 0.103809 0.026301
0.614052 0.103651 0.027069
0.613613 0.104028 0.026796
0.613874 0.103963 0.026702
0.614471 0.102965 0.027171
0.612971 0.103807 0.027713
0.614419 0.100948 0.027139
0.613955 0.103542 0.026757
0.615037 0.100704 0.027637
0.614419 0.103034 0.027133
0.613530 0.103687 0.027240
0.614341 0.103542 0.027510
0.614540 0.103738 0.027225
0.613818 0.102925 0.027238
0.614878 0.102759 0.026531
0.615963 0.103456 0.026362
0.615462 0.099737 0.026937
0.614775 0.103051 0.027070
0.614672 0.102194 0.026778
0.616427 0.100326 0.028658
0.615854 0.103201 0.026101
0.617880 0.099337 0.028991
0.616527 0.102417 0.026188
0.620006 0.097763 0.029930
0.617441 0.101416 0.025708
0.617663 0.102263 0.025750
0.617337 0.101310 0.026504
0.615877 0.101782 0.025303
0.616730 0.101586 0.025466
0.617045 0.102417 0.025262
0.615623 0.100970 0.025532
0.616009 0.101788 0.025083
0.616517 0.098880 0.027211
0.615855 0.101121 0.026225
0.615248 0.101442 0.025036
0.616006 0.100488 0.026482
0.616420 0.099323 0.026628
0.617495 0.096158 0.028700
0.615236 0.099287 0.025274
0.614585 0.099706 0.024359
0.616611 0.099924 0.025222
0.615249 0.100828 0.023909
0.617101 0.096933 0.027287
0.614905 0.099581 0.024509
0.616368 0.096519 0.026281
0.615367 0.099496 0.024240
0.616564 0.096392 0.026421
0.614918 0.099929 0.024029
0.615120 0.095621 0.025922
0.614078 0.098974 0.023673
0.614024 0.098954 0.024424
0.615379 0.095747 0.027989
0.613949 0.098148 0.026497
0.613522 0.098673 0.027396
0.602655 0.099007 0.066620
0.710981 0.097712 0.023272
0.711655 0.097025 0.023766
0.709801 0.095441 0.023514
0.708593 0.094916 0.022466
0.709977 0.096115 0.023989
0.708584 0.095338 0.022834
0.709923 0.096567 0.023861
0.708559 0.095690 0.022345
0.709163 0.095342 0.023777
0.709738 0.097369 0.022556
0.708094 0.096216 0.023835
0.709334 0.097577 0.023120
0.708399 0.096531 0.023315
0.709649 0.097859 0.023101
0.710701 0.097231 0.023276
0.708704 0.096006 0.022972
0.709971 0.097217 0.024255
0.709461 0.097527 0.024520
0.711539 0.092906 0.027001
0.710209 0.094554 0.025622
0.710669 0.099397 0.021669
0.711268 0.097932 0.024560
0.711980 0.099122 0.024075
0.711328 0.099726 0.024322
0.713666 0.097164 0.026490
0.712045 0.098862 0.023776
0.714782 0.100471 0.024793
0.714151 0.099823 0.024791
0.714721 0.101156 0.022580
0.714106 0.100453 0.023329
0.714266 0.099739 0.023735
0.717472 0.101035 0.024693
0.712955 0.100471 0.023430
0.715688 0.099679 0.024390
0.717145 0.099268 0.025312
0.711943 0.099375 0.023293
0.712662 0.097378 0.024807
0.711320 0.099338 0.024818
0.718120 0.101604 0.027757
0.711520 0.099254 0.023239
0.716774 0.101345 0.024876
0.712286 0.100682 0.024358
0.717058 0.100866 0.027549
0.713078 0.101458 0.024300
0.713174 0.100146 0.025039
0.717221 0.102120 0.026344
0.714056 0.101361 0.026069
0.714595 0.101483 0.024456
0.716346 0.102935 0.024463
0.715470 0.100176 0.026633
0.713589 0.101813 0.022658
0.713232 0.100985 0.024879
0.714361 0.102715 0.025588
0.711802 0.101264 0.023770
0.712311 0.102674 0.023804
0.715859 0.102957 0.026690
0.712477 0.103135 0.025462
0.714873 0.102177 0.026682
0.713168 0.103303 0.025023
0.713486 0.104651 0.026222
0.712152 0.104639 0.024825
0.712120 0.104661 0.024576
0.712391 0.105210 0.024227
0.711191 0.105558 0.025014
0.711105 0.104460 0.026096
0.710318 0.105864 0.024016
0.709881 0.106777 0.024786
0.709769 0.105997 0.026753
0.710844 0.104842 0.024057
0.708975 0.105811 0.023570
0.711372 0.106906 0.024652
0.711019 0.107423 0.025706
0.713190 0.107670 0.027186
0.709438 0.106640 0.025842
0.712140 0.107144 0.029417
0.710852 0.107648 0.026244
0.708825 0.107025 0.023624
0.709981 0.108685 0.023284
0.710598 0.108123 0.025479
0.709614 0.108329 0.024780
0.711329 0.107761 0.026360
0.711241 0.107828 0.025616
0.713093 0.107394 0.025841
0.709356 0.106842 0.024070
0.710143 0.106830 0.023038
0.710822 0.106384 0.025269
0.713776 0.105036 0.028316
0.711311 0.106040 0.025723
0.710982 0.105783 0.025057
0.711146 0.106619 0.026126
0.710997 0.106613 0.025569
0.711896 0.106559 0.025544
0.712998 0.102790 0.028755
0.711435 0.104711 0.026975
0.711350 0.102010 0.027576
0.709432 0.104889 0.024761
0.709017 0.105807 0.023512
0.709639 0.105869 0.023497
0.711546 0.103023 0.026639
0.710517 0.103980 0.024899
0.710275 0.104116 0.025326
0.710898 0.102938 0.023894
0.710188 0.103927 0.025383
0.709987 0.103935 0.023779
0.710761 0.103025 0.024625
0.711611 0.102079 0.025674
0.712966 0.100211 0.025726
0.711081 0.102271 0.023120
0.711013 0.101467 0.024419
0.712095 0.099302 0.024355
0.709827 0.102258 0.022289
0.712365 0.099425 0.025846
0.711041 0.102171 0.023030
0.710715 0.101042 0.023064
0.711903 0.098685 0.025120
0.709438 0.099888 0.021821
0.710928 0.099650 0.023785
0.710296 0.100635 0.022612
0.710372 0.099190 0.023085
0.712663 0.097706 0.024948
0.710102 0.099820 0.022155
0.712144 0.097068 0.026368
0.710305 0.099307 0.022856
0.711238 0.096888 0.025334
0.705316 0.102048 0.041410
0.702641 0.100182 0.052967
