0.506536 -0.093079 0.014975
0.507636 -0.092097 0.017726
0.506815 -0.093186 0.016701
0.506836 -0.093183 0.016951
0.507672 -0.092302 0.016759
0.509687 -0.093102 0.018757
0.509819 -0.093203 0.019844
0.505799 -0.092514 0.015596
0.507724 -0.092418 0.016845
0.508854 -0.094061 0.018297
0.506835 -0.093262 0.016298
0.508985 -0.092977 0.018699
0.508833 -0.092859 0.018669
0.509661 -0.092842 0.017669
0.509675 -0.092576 0.017382
0.512594 -0.093353 0.019636
0.512659 -0.092423 0.017688
0.514589 -0.093250 0.018942
0.514599 -0.094159 0.018694
0.516706 -0.093351 0.019763
0.515774 -0.092452 0.016439
0.517741 -0.093280 0.018448
0.516696 -0.091515 0.016937
0.517089 -0.091164 0.016425
0.518108 -0.091119 0.018178
0.519426 -0.091613 0.016798
0.519838 -0.090462 0.016443
0.521771 -0.092232 0.018468
0.520719 -0.090470 0.015947
0.523351 -0.091754 0.019107
0.523876 -0.091529 0.018541
0.525625 -0.093382 0.017821
0.525370 -0.090535 0.016120
0.526313 -0.091437 0.017136
0.526221 -0.091310 0.015982
0.527093 -0.091349 0.015238
0.528322 -0.092043 0.016094
0.532971 -0.093004 0.019133
0.531521 -0.091290 0.015751
0.534350 -0.092212 0.018779
0.532875 -0.091239 0.016155
0.533831 -0.091249 0.017161
0.536870 -0.091015 0.017839
0.538726 -0.091945 0.019861
0.541701 -0.091616 0.020627
0.537934 -0.091544 0.016853
0.542839 -0.091547 0.016678
0.542911 -0.090622 0.017417
0.545525 -0.091428 0.017842
0.548246 -0.092434 0.019621
0.548268 -0.091432 0.016957
0.548317 -0.091396 0.018457
0.553785 -0.092449 0.020592
0.550108 -0.091423 0.016810
0.555941 -0.092355 0.019795
0.554989 -0.093196 0.020048
0.554366 -0.091253 0.017964
0.555216 -0.092215 0.017977
0.556408 -0.091314 0.017121
0.559127 -0.092351 0.018890
0.558700 -0.090563 0.015846
0.559619 -0.090615 0.016100
0.561942 -0.090779 0.017182
0.562842 -0.090839 0.016935
0.565144 -0.090817 0.017037
0.565095 -0.090841 0.015537
0.568467 -0.090219 0.018934
0.568374 -0.091144 0.017688
0.571661 -0.091254 0.019290
0.573435 -0.092259 0.020049
0.571997 -0.090007 0.017786
0.572853 -0.090970 0.018043
0.574323 -0.090814 0.016909
0.578830 -0.092875 0.020430
0.576606 -0.090767 0.017982
0.578408 -0.091772 0.019742
0.582430 -0.091983 0.019112
0.579734 -0.090902 0.017600
0.585769 -0.092066 0.020555
0.582210 -0.090026 0.017785
0.587951 -0.092133 0.020540
0.585255 -0.091050 0.018528
0.588227 -0.091125 0.019855
0.587167 -0.092004 0.017108
0.589769 -0.091060 0.017967
0.593384 -0.092220 0.020732
0.592020 -0.091320 0.018750
0.595631 -0.092481 0.021515
0.598182 -0.092015 0.021545
0.594577 -0.090847 0.019032
0.600504 -0.092185 0.020750
0.596951 -0.090113 0.017735
0.598457 -0.090211 0.017898
0.597507 -0.090149 0.016646
0.597853 -0.089995 0.016703
0.602429 -0.091244 0.020213
0.599873 -0.090777 0.016998
0.602676 -0.090984 0.019252
0.601989 -0.090886 0.017241
0.605658 -0.092061 0.020749
0.603075 -0.091182 0.015990
0.603065 -0.091184 0.015740
0.605242 -0.090505 0.015293
0.604264 -0.091341 0.015543
0.607075 -0.090754 0.016614
0.608102 -0.090805 0.019614
0.609994 -0.091048 0.016714
0.610004 -0.091046 0.016964
0.612015 -0.091226 0.016951
0.612074 -0.090316 0.016702
0.614888 -0.091234 0.016864
0.618574 -0.092387 0.020363
0.617181 -0.090249 0.017220
0.617221 -0.089340 0.016471
0.620228 -0.090090 0.018066
0.622893 -0.092093 0.020313
0.621626 -0.090053 0.017509
0.620714 -0.089987 0.017509
0.622656 -0.090117 0.018860
0.624826 -0.089340 0.018180
0.627609 -0.089434 0.018313
0.625871 -0.087495 0.017570
0.626735 -0.088465 0.017816
0.632937 -0.089769 0.019478
0.630449 -0.086660 0.017968
0.633168 -0.088643 0.020458
0.635808 -0.087650 0.020769
0.632136 -0.085616 0.017284
0.635985 -0.085607 0.017135
0.634136 -0.085510 0.016639
0.637005 -0.086164 0.016445
0.639873 -0.087228 0.021435
0.637108 -0.083909 0.016262
0.638932 -0.084920 0.017254
0.641051 -0.085432 0.016637
0.641957 -0.085477 0.016385
0.644933 -0.085099 0.017797
0.645842 -0.086058 0.019042
0.647165 -0.084825 0.016445
0.649973 -0.084967 0.018692
0.650114 -0.084490 0.018145
0.649122 -0.085354 0.017144
0.650121 -0.085133 0.016940
0.649241 -0.083257 0.015445
0.653122 -0.084172 0.017708
0.652165 -0.084127 0.016460
0.655171 -0.084186 0.016460
0.655162 -0.084185 0.016210
0.658174 -0.083350 0.016706
0.658182 -0.083351 0.016956
0.661105 -0.082675 0.016146
0.662015 -0.084537 0.017634
0.666938 -0.082951 0.019752
0.665056 -0.083811 0.018250
0.666302 -0.081989 0.015851
0.670953 -0.083908 0.019822
0.668381 -0.081204 0.015153
0.669347 -0.080314 0.016658
0.671778 -0.080117 0.016789
0.672681 -0.078280 0.016553
0.674272 -0.079068 0.016751
0.674242 -0.079050 0.015751
0.681588 -0.080436 0.020855
0.676894 -0.078592 0.016642
0.679309 -0.079149 0.016891
0.677427 -0.079152 0.015399
0.680291 -0.078843 0.017088
0.683157 -0.080660 0.020059
0.682659 -0.078715 0.016753
0.686497 -0.081427 0.020962
0.686393 -0.079781 0.017967
0.687352 -0.080680 0.018705
0.683606 -0.079830 0.016727
0.689806 -0.080828 0.019738
0.686014 -0.079964 0.016259
0.687859 -0.080515 0.015279
0.691936 -0.080374 0.016092
0.690961 -0.079471 0.015101
0.694589 -0.080281 0.016156
0.697432 -0.081144 0.018643
0.697137 -0.080114 0.016908
0.702745 -0.080907 0.020889
0.697137 -0.080114 0.016908
0.703674 -0.081912 0.018995
0.699946 -0.081090 0.017257
0.704243 -0.080773 0.018433
0.700521 -0.080864 0.016439
0.702258 -0.080650 0.016096
0.701387 -0.081593 0.016594
0.707852 -0.082996 0.021102
0.703955 -0.080360 0.016366
0.705258 -0.080974 0.015044
0.706178 -0.080031 0.015796
0.709436 -0.083496 0.016956
0.706546 -0.081756 0.014965
0.708520 -0.080905 0.015972
0.714192 -0.080721 0.021214
0.710367 -0.080870 0.016191
0.710410 -0.080873 0.017191
0.709559 -0.081129 0.016679
0.710457 -0.080175 0.017181
0.709104 -0.080474 0.014978
0.713027 -0.082129 0.018461
0.708726 -0.079785 0.013855
0.712632 -0.080510 0.017340
0.709234 -0.079639 0.015298
0.711197 -0.080442 0.016536
0.708242 -0.079690 0.014051
0.707599 -0.077597 0.013557
0.710693 -0.078349 0.018038
0.706696 -0.072738 0.012532
0.705715 -0.071899 0.012794
0.707663 -0.069649 0.014845
0.707121 -0.063781 0.014055
0.706260 -0.063901 0.014809
0.706471 -0.065737 0.015039
0.706892 -0.060520 0.015024
0.708016 -0.062241 0.014996
0.707770 -0.057845 0.016486
0.706665 -0.057004 0.015505
0.706122 -0.056813 0.015456
0.706301 -0.058606 0.014683
0.705547 -0.055645 0.014140
0.705420 -0.054733 0.014152
0.705317 -0.054590 0.015821
0.705427 -0.055488 0.015559
0.705300 -0.057174 0.014429
0.706451 -0.057125 0.017167
0.705592 -0.053866 0.016601
0.705194 -0.052010 0.015376
0.706167 -0.052393 0.016418
0.705853 -0.050575 0.016191
0.705454 -0.049277 0.015733
0.704501 -0.049407 0.015241
0.704894 -0.047142 0.015373
0.704766 -0.046246 0.015632
0.704425 -0.042735 0.014494
0.707129 -0.040926 0.018123
0.704763 -0.038465 0.016906
0.703779 -0.035567 0.014647
0.707188 -0.037130 0.019119
0.708229 -0.034180 0.019559
0.704827 -0.031772 0.016587
0.704909 -0.028725 0.015387
0.704999 -0.028774 0.016386
0.705188 -0.026572 0.015770
0.706159 -0.026468 0.016518
0.705518 -0.025381 0.015518
0.706640 -0.021207 0.016352
0.708123 -0.023871 0.018344
0.705918 -0.019119 0.015756
0.709299 -0.021583 0.019002
0.705944 -0.015136 0.016243
0.708097 -0.016740 0.017243
0.706316 -0.011839 0.016476
0.706192 -0.010933 0.016476
0.706399 -0.012720 0.015976
0.706228 -0.006789 0.016402
0.706207 -0.006775 0.016152
0.705436 -0.003506 0.015101
0.706294 -0.002529 0.015853
0.709876 -0.001858 0.018418
0.706797 -0.000265 0.016653
0.710238 0.000847 0.019090
0.706785 0.004105 0.017578
0.709760 0.003371 0.019597
0.709139 0.005326 0.018130
0.707815 0.008061 0.016363
0.708552 0.008964 0.017870
0.708031 0.003512 0.016139
0.708283 0.006213 0.016367
0.711441 0.004481 0.019895
0.708552 0.008289 0.016315
0.712677 0.006574 0.020851
0.711269 0.013219 0.019222
0.709357 0.013143 0.017961
0.708907 0.012654 0.017662
0.710322 0.009822 0.021688
0.706496 0.013056 0.015959
0.705746 0.012030 0.017210
0.704887 0.013091 0.016189
0.705055 0.013012 0.018191
0.703167 0.014117 0.016703
0.705290 0.012310 0.018982
0.701145 0.014096 0.016301
0.701350 0.012225 0.017566
0.698018 0.013170 0.016296
0.698106 0.012239 0.016804
0.695531 0.012790 0.015938
0.695567 0.011873 0.015945
0.694722 0.011820 0.016689
0.692010 0.011541 0.017791
0.689756 0.011886 0.015760
0.695803 0.010122 0.020817
0.686216 0.011290 0.015670
0.685266 0.011271 0.015414
0.682883 0.011359 0.016856
0.681927 0.010429 0.016357
0.677803 0.011517 0.012886
0.683136 0.008766 0.018941
0.675310 0.010753 0.016222
0.679358 0.008940 0.019260
0.672231 0.009937 0.016717
0.673182 0.009943 0.016973
0.668016 0.011030 0.013663
0.672347 0.008251 0.018960
0.668173 0.010097 0.014922
0.668871 0.009045 0.019383
0.664855 0.009975 0.016603
0.662485 0.009684 0.017778
0.662422 0.009687 0.017277
0.661442 0.007188 0.018898
0.658533 0.009953 0.017614
0.656606 0.009148 0.018906
0.653098 0.010118 0.013134
0.652125 0.010241 0.016142
0.646933 0.009202 0.013628
0.648126 0.010107 0.015627
0.644985 0.008971 0.015661
0.644856 0.009903 0.014657
0.641988 0.008686 0.015737
0.642152 0.009597 0.016984
0.641028 0.009613 0.015481
0.641129 0.007722 0.018557
0.634940 0.009621 0.013786
0.637216 0.006916 0.019038
0.633030 0.009727 0.015268
0.633874 0.007262 0.019593
0.630683 0.008227 0.016331
0.628617 0.006805 0.017602
0.625419 0.008705 0.014335
0.621096 0.008026 0.014195
0.620152 0.007339 0.018086
0.618938 0.008290 0.015828
0.616615 0.008403 0.016603
0.617641 0.008377 0.017357
0.613339 0.008489 0.016341
0.616418 0.007484 0.018857
0.609835 0.008492 0.016099
0.613875 0.006537 0.019124
0.607745 0.007380 0.017315
0.609764 0.006404 0.018827
0.606744 0.008332 0.016557
0.604038 0.007334 0.016272
0.605129 0.007300 0.017525
0.600551 0.008269 0.015678
0.601584 0.007313 0.016685
0.597978 0.007333 0.015884
0.597084 0.007359 0.016131
0.599169 0.005483 0.021156
0.591818 0.007848 0.018243
0.594839 0.005907 0.020760
0.586600 0.008177 0.016523
0.589569 0.007142 0.018287
0.582961 0.007598 0.016563
0.581932 0.007640 0.015810
0.581964 0.006716 0.016315
0.585772 0.005699 0.020340
0.578831 0.006901 0.016315
0.580204 0.004743 0.020294
0.574006 0.006833 0.014770
0.575729 0.004750 0.019300
0.570440 0.005886 0.014033
0.565771 0.007008 0.012411
0.567078 0.006027 0.015418
0.564757 0.005320 0.015740
0.565750 0.005275 0.016243
0.562257 0.005709 0.016060
0.562257 0.005709 0.016060
0.559921 0.006084 0.015599
0.559198 0.006131 0.017096
0.555573 0.005463 0.016870
0.552414 0.006650 0.016220
0.552524 0.005731 0.017475
0.558482 0.004474 0.021507
0.549054 0.006887 0.016525
0.548960 0.005971 0.016280
0.545885 0.006214 0.016814
0.545785 0.006216 0.016064
0.545223 0.005325 0.017490
0.542268 0.005526 0.015975
0.539918 0.006515 0.015518
0.544063 0.005322 0.019795
0.538422 0.006508 0.016994
0.540437 0.005451 0.019009
0.535062 0.005813 0.016126
0.535167 0.006727 0.016370
0.532703 0.006049 0.017212
0.532544 0.006052 0.015961
0.530651 0.006886 0.016676
0.528514 0.006126 0.014922
0.527555 0.007199 0.016226
0.526382 0.007285 0.014221
0.527569 0.006272 0.018369
0.523482 0.007518 0.014347
0.525521 0.006640 0.017671
0.521294 0.006984 0.013152
0.524675 0.005887 0.019450
0.519613 0.007234 0.014673
0.517722 0.006578 0.015030
0.521769 0.004407 0.019808
0.515186 0.006975 0.014513
0.515309 0.006973 0.015514
0.516259 0.005108 0.018415
0.513351 0.007213 0.015390
0.511734 0.007425 0.016896
0.511615 0.007427 0.015895
0.512535 0.005347 0.018976
0.514562 0.006055 0.019979
0.506936 0.006620 0.015785
0.506091 0.007632 0.015526
0.510057 0.005904 0.019156
0.507041 0.008028 0.014888
0.505486 0.008664 0.014294
0.507634 0.009370 0.016297
0.505329 0.011278 0.016245
0.507454 0.014749 0.015490
0.509155 0.011855 0.020243
0.506644 0.017640 0.016979
0.509469 0.014862 0.022512
0.506691 0.018850 0.018253
0.506450 0.018894 0.017714
0.513259 0.017222 0.023722
0.505657 0.023918 0.016827
0.504462 0.028016 0.017376
0.506471 0.028710 0.018377
0.504158 0.033501 0.016476
0.506258 0.034147 0.018477
0.504179 0.038949 0.017518
0.508105 0.037476 0.021770
0.505240 0.044840 0.016505
0.509107 0.042401 0.021258
0.505333 0.046730 0.015505
0.511519 0.047982 0.022877
0.507614 0.050509 0.017123
0.507294 0.054380 0.018138
0.508223 0.055263 0.017138
0.508040 0.058192 0.017653
0.508210 0.060036 0.017401
0.511544 0.059909 0.020366
0.508066 0.064146 0.017353
0.511611 0.063798 0.020947
0.508133 0.068064 0.017680
0.507807 0.068443 0.017769
0.507065 0.070409 0.017260
0.510691 0.070925 0.020320
0.508192 0.075081 0.017548
0.511051 0.076918 0.020988
0.511072 0.080082 0.020873
0.507403 0.082640 0.017098
0.508849 0.085768 0.017810
0.508043 0.086822 0.017550
0.508556 0.091003 0.017819
0.510704 0.094228 0.019572
0.509171 0.096290 0.019799
0.509199 0.098856 0.019070
0.508337 0.099997 0.017807
0.508322 0.101698 0.019838
0.508440 0.102622 0.019581
0.510888 0.103670 0.021713
0.514372 0.101132 0.024247
0.507104 0.105457 0.017434
0.511114 0.106819 0.021398
0.509114 0.107306 0.018636
0.508856 0.110981 0.016411
0.509270 0.107110 0.017692
0.510259 0.110540 0.018539
0.510900 0.109594 0.016798
0.512791 0.111041 0.019092
0.514097 0.108060 0.018371
0.514000 0.110269 0.017213
0.515642 0.109055 0.016979
0.517260 0.108583 0.017887
0.517991 0.112051 0.017045
0.519377 0.108949 0.018326
0.518770 0.110260 0.016401
0.520414 0.109015 0.016418
0.525705 0.106034 0.020962
0.523639 0.108005 0.016543
0.523651 0.107997 0.016793
0.529600 0.105791 0.021467
0.527856 0.107122 0.018450
0.532527 0.106072 0.021626
0.529983 0.108544 0.016347
0.532960 0.107629 0.018360
0.534743 0.107281 0.017868
0.537401 0.108251 0.019272
0.539252 0.109941 0.017006
0.540756 0.107721 0.019276
0.543014 0.109367 0.018732
0.543743 0.108274 0.019241
0.546092 0.110818 0.017649
0.549232 0.107293 0.021927
0.545894 0.109932 0.017154
0.549860 0.109327 0.017187
0.550202 0.111153 0.016179
0.552507 0.110955 0.016022
0.556008 0.111276 0.016389
0.558248 0.107934 0.020655
0.556050 0.111229 0.018140
0.559206 0.109771 0.018160
0.559583 0.111553 0.018655
0.562107 0.111009 0.017355
0.563017 0.110812 0.017857
0.568556 0.107507 0.021471
0.566540 0.111701 0.018459
0.569995 0.110186 0.018878
0.569991 0.110192 0.018628
0.576620 0.106822 0.022163
0.572789 0.111420 0.017151
0.580581 0.108045 0.022182
0.575666 0.111977 0.015920
0.579888 0.111191 0.017882
0.582934 0.107725 0.019393
0.582893 0.111643 0.016906
0.586842 0.107954 0.019669
0.586695 0.110742 0.015600
0.590648 0.107030 0.019365
0.590030 0.110898 0.016278
0.593076 0.107385 0.019541
0.592873 0.110043 0.016882
0.596103 0.107428 0.020143
0.593967 0.110742 0.017130
0.601950 0.106390 0.021143
0.599136 0.110384 0.016057
0.600047 0.110168 0.017059
0.607303 0.106577 0.019567
0.603586 0.111212 0.015547
0.606512 0.111490 0.015318
0.605201 0.109906 0.014824
0.609218 0.109881 0.016366
0.609415 0.110789 0.015612
0.612182 0.110169 0.016813
0.614457 0.107739 0.018328
0.616857 0.111942 0.016615
0.616431 0.110160 0.016374
0.620425 0.110764 0.017639
0.621093 0.109678 0.016396
0.624215 0.108802 0.017434
0.626676 0.107257 0.018444
0.627642 0.109867 0.017090
0.626741 0.110098 0.016088
0.630877 0.108969 0.016802
0.632023 0.105845 0.019068
0.634874 0.107872 0.018533
0.633979 0.108097 0.017782
0.640626 0.105496 0.021438
0.638589 0.108859 0.016673
0.642441 0.107932 0.017441
0.640870 0.109273 0.016435
0.648208 0.105921 0.020345
0.645083 0.108601 0.017583
0.647030 0.108183 0.017045
0.647033 0.108181 0.017295
0.653480 0.105623 0.019445
0.654369 0.105393 0.020946
0.652663 0.107857 0.016199
0.656690 0.104936 0.019961
0.657470 0.109503 0.016070
0.658154 0.108366 0.018074
0.662386 0.108971 0.017561
0.663282 0.108734 0.018812
0.669323 0.107299 0.020416
0.667092 0.109768 0.017660
0.672427 0.106501 0.020447
0.670413 0.109856 0.017691
0.671086 0.108736 0.018443
0.674813 0.109045 0.017573
0.677252 0.109469 0.016820
0.680372 0.106761 0.021325
0.679957 0.109981 0.017117
0.683080 0.107278 0.020621
0.683136 0.109077 0.018811
0.682454 0.110216 0.016809
0.691156 0.108030 0.020648
0.687815 0.109849 0.016895
0.692318 0.110665 0.017715
0.693439 0.107531 0.019717
0.697781 0.107388 0.019044
0.696442 0.109625 0.017543
0.699061 0.110052 0.016709
0.701512 0.108460 0.019960
0.702778 0.110229 0.017326
0.705230 0.108656 0.019327
0.704956 0.109594 0.016919
0.711131 0.107952 0.019685
0.707779 0.109718 0.018185
0.707574 0.108812 0.019435
0.713114 0.106450 0.019778
0.713329 0.109068 0.018098
0.712431 0.109282 0.017598
0.714459 0.108715 0.017739
0.713581 0.108899 0.018989
0.712470 0.108223 0.017987
0.719027 0.106414 0.021047
0.717739 0.110053 0.015938
0.716862 0.110220 0.017189
0.717304 0.109461 0.016807
0.719677 0.107078 0.018791
0.716965 0.108898 0.017138
0.715216 0.109217 0.018892
0.717001 0.109876 0.022048
0.715032 0.108336 0.026287
0.713503 0.109692 0.020837
