0.508117 -0.097325 0.102879
0.508034 -0.097298 0.102129
0.509261 -0.096801 0.103467
0.510470 -0.096721 0.102949
0.510888 -0.097233 0.104465
0.512097 -0.097160 0.103948
0.514728 -0.098895 0.104545
0.513342 -0.097660 0.103781
0.516856 -0.098711 0.105595
0.515505 -0.097482 0.105082
0.517062 -0.097835 0.104368
0.518475 -0.099093 0.105629
0.518422 -0.097096 0.102115
0.518270 -0.095783 0.100842
0.520300 -0.097734 0.102348
0.519692 -0.097141 0.102843
0.521520 -0.095201 0.101261
0.523043 -0.095322 0.100938
0.524999 -0.094691 0.101914
0.528754 -0.096562 0.102122
0.529996 -0.096523 0.101862
0.534402 -0.096008 0.103199
0.539068 -0.100425 0.106217
0.537130 -0.096125 0.103260
0.537053 -0.096070 0.102010
0.544516 -0.099492 0.106228
0.545803 -0.099497 0.106971
0.544884 -0.097367 0.104106
0.546295 -0.099934 0.106119
0.546048 -0.096868 0.102271
0.550155 -0.100772 0.107279
0.547041 -0.096630 0.102209
0.548357 -0.097893 0.102711
0.550637 -0.096314 0.100974
0.554759 -0.100255 0.106229
0.554169 -0.095991 0.103723
0.554679 -0.096499 0.101223
0.559103 -0.097132 0.103730
0.558397 -0.097697 0.101984
0.562161 -0.097537 0.102181
0.564848 -0.100136 0.104932
0.565424 -0.096801 0.102985
0.564125 -0.096785 0.102239
0.571810 -0.100616 0.106995
0.568387 -0.096034 0.101991
0.568968 -0.095343 0.100988
0.575419 -0.100457 0.105142
0.575949 -0.095833 0.102550
0.576471 -0.093810 0.100295
0.579905 -0.093157 0.100962
0.581984 -0.096500 0.104965
0.579986 -0.094516 0.102715
0.582638 -0.094377 0.102902
0.587557 -0.092255 0.100800
0.590926 -0.096921 0.106052
0.587557 -0.092255 0.100800
0.591733 -0.092107 0.102030
0.595160 -0.093119 0.102317
0.596371 -0.091744 0.100563
0.599482 -0.092986 0.102824
0.598851 -0.092367 0.103074
0.603504 -0.092294 0.103404
0.604730 -0.092195 0.101652
0.604773 -0.092288 0.103402
0.610526 -0.094612 0.104493
0.608582 -0.091381 0.103242
0.614724 -0.093591 0.105549
0.617949 -0.095687 0.110047
0.617303 -0.088426 0.101719
0.620029 -0.089329 0.103964
0.620013 -0.089287 0.103214
0.622089 -0.088619 0.102751
0.625965 -0.091296 0.105500
0.626116 -0.088415 0.098956
0.629438 -0.091921 0.105206
0.626204 -0.089897 0.102708
0.630150 -0.091509 0.105192
0.628142 -0.089398 0.101192
0.634307 -0.091606 0.103254
0.633630 -0.088339 0.101752
0.636769 -0.089216 0.100540
0.640795 -0.089625 0.102381
0.641412 -0.090201 0.101131
0.647497 -0.092683 0.103860
0.644911 -0.090051 0.102110
0.648889 -0.091139 0.101927
0.652142 -0.094500 0.105927
0.654423 -0.091732 0.103376
0.656372 -0.095021 0.105876
0.659045 -0.091066 0.103945
0.659043 -0.092320 0.103446
0.663401 -0.091635 0.102212
0.664063 -0.092353 0.103962
0.667982 -0.092255 0.103656
0.667349 -0.092907 0.103907
0.671678 -0.093578 0.105706
0.669744 -0.092882 0.104207
0.673280 -0.092291 0.104898
0.675247 -0.095616 0.108398
0.675381 -0.092533 0.105625
0.677980 -0.095199 0.108624
0.677838 -0.092557 0.103926
0.681094 -0.095879 0.107175
0.680532 -0.091942 0.101389
0.682547 -0.095328 0.105638
0.683454 -0.092848 0.103031
0.686117 -0.096873 0.107781
0.686944 -0.092805 0.104132
0.689607 -0.096834 0.109132
0.687263 -0.093455 0.104434
0.690559 -0.096795 0.108184
0.690999 -0.092716 0.103391
0.691012 -0.092739 0.103891
0.694346 -0.092713 0.104121
0.698302 -0.096736 0.108871
0.697890 -0.093362 0.104015
0.701862 -0.097417 0.109764
0.700146 -0.093318 0.105174
0.702822 -0.097316 0.109424
0.702049 -0.093338 0.105043
0.701411 -0.093981 0.105043
0.701732 -0.094536 0.103716
0.705788 -0.097320 0.109716
0.703343 -0.094531 0.106422
0.704597 -0.094494 0.105672
0.706833 -0.093708 0.106111
0.708975 -0.097125 0.111861
0.710100 -0.094299 0.106453
0.712652 -0.092847 0.106639
0.712614 -0.092802 0.105639
0.717731 -0.096736 0.111392
0.712358 -0.092646 0.105142
0.712390 -0.092679 0.105892
0.712583 -0.086084 0.104723
0.715979 -0.090778 0.108474
0.715067 -0.083424 0.105415
0.715005 -0.082054 0.104164
0.713105 -0.078628 0.100773
0.713255 -0.078814 0.103523
0.714509 -0.079767 0.105538
0.713322 -0.075674 0.104578
0.713277 -0.075622 0.103828
0.717023 -0.077853 0.108594
0.713463 -0.071701 0.103343
0.712574 -0.069090 0.105056
0.712552 -0.067778 0.104806
0.711115 -0.066326 0.102806
0.710847 -0.064935 0.104755
0.711883 -0.060725 0.103449
0.711989 -0.060851 0.104949
0.710856 -0.057178 0.103248
0.712346 -0.059968 0.105748
0.710168 -0.054801 0.104362
0.711626 -0.057543 0.106361
0.709460 -0.054092 0.103612
0.708454 -0.051848 0.102848
0.710580 -0.053972 0.105097
0.707403 -0.048003 0.104251
0.708012 -0.046039 0.104002
0.708472 -0.045956 0.105363
0.707110 -0.044606 0.104614
0.708264 -0.040195 0.103829
0.707571 -0.039506 0.103330
0.707180 -0.037262 0.103532
0.707835 -0.036635 0.103783
0.708067 -0.037338 0.104921
0.707292 -0.032768 0.104178
0.707912 -0.032335 0.104970
0.707170 -0.027815 0.104727
0.706730 -0.023794 0.103393
0.706186 -0.027078 0.103888
0.704999 -0.020838 0.100553
0.706540 -0.023670 0.103049
0.707461 -0.022474 0.105351
0.706073 -0.021108 0.104353
0.705599 -0.013524 0.103249
0.708380 -0.016272 0.105245
0.705032 -0.006574 0.102182
0.705880 -0.008732 0.104178
0.705688 -0.004717 0.102935
0.706703 -0.000619 0.104223
0.706843 0.001982 0.103741
0.706896 0.000664 0.103988
0.706587 0.003763 0.104676
0.708757 0.000333 0.106921
0.706521 0.005610 0.104629
0.704613 0.003697 0.104125
0.704763 0.001016 0.105120
0.705538 0.001758 0.107352
0.699755 0.006346 0.104126
0.702769 -0.000332 0.107369
0.691456 0.004055 0.101683
0.690165 0.004024 0.101682
0.687002 0.004969 0.101376
0.686853 0.001384 0.105121
0.683877 0.002707 0.103588
0.683250 0.002048 0.103587
0.679903 0.003253 0.102191
0.680251 0.000468 0.104690
0.676875 0.002566 0.103076
0.680847 -0.003572 0.108576
0.674007 0.001069 0.103600
0.677126 -0.003034 0.107601
0.674553 0.000504 0.102600
0.675191 -0.004062 0.108980
0.671997 0.000071 0.104227
0.668208 0.000554 0.103056
0.664686 0.000640 0.103778
0.669983 -0.004184 0.109782
0.661286 0.001604 0.103478
0.658498 0.001863 0.101165
0.659944 0.000508 0.102166
0.657227 0.000576 0.104101
0.661746 -0.003548 0.109105
0.654286 0.001515 0.099914
0.655936 0.000066 0.102665
0.659302 -0.005415 0.108921
0.652898 -0.001092 0.103124
0.649286 -0.001703 0.101860
0.654092 -0.005912 0.109363
0.646157 -0.000356 0.102863
0.644872 -0.001684 0.103116
0.643258 -0.000821 0.103981
0.641126 -0.001427 0.102734
0.637537 -0.001881 0.103327
0.640853 -0.006029 0.109084
0.637628 -0.001909 0.104077
0.634726 -0.001830 0.102732
0.635329 -0.002479 0.102233
0.634479 -0.003940 0.108045
0.626491 -0.000421 0.103287
0.627705 -0.000399 0.102285
0.623611 -0.001220 0.100216
0.627674 -0.004792 0.106723
0.622819 -0.002895 0.104075
0.625079 -0.004986 0.106580
0.617897 -0.002616 0.102622
0.624796 -0.006256 0.111127
0.613815 -0.001973 0.101963
0.619696 -0.006999 0.113222
0.609701 -0.002254 0.102911
0.608695 -0.000134 0.099906
0.607919 -0.000768 0.099158
0.605373 -0.000758 0.103656
0.605679 -0.000844 0.106156
0.599800 -0.000832 0.103380
0.598331 -0.000774 0.102381
0.594242 -0.000840 0.101198
0.591282 -0.000724 0.099199
0.588261 -0.001103 0.100664
0.593052 -0.005366 0.107171
0.583461 -0.002238 0.101574
0.584707 -0.002243 0.100824
0.586027 -0.006251 0.110421
0.581069 -0.001973 0.102413
0.577157 -0.001597 0.101384
0.576957 -0.001552 0.099884
0.572632 -0.001785 0.100718
0.571182 -0.001732 0.099969
0.567155 -0.003329 0.102700
0.569361 -0.005421 0.104452
0.561334 -0.002853 0.099366
0.565844 -0.006476 0.108370
0.563237 -0.007075 0.112014
0.554000 -0.001334 0.102259
0.551347 -0.002603 0.101629
0.550111 -0.002586 0.102380
0.545908 -0.002950 0.102886
0.544489 -0.002898 0.102387
0.539418 -0.002855 0.102668
0.538421 -0.003457 0.100670
0.534153 -0.003561 0.101784
0.534191 -0.003567 0.102034
0.533304 -0.002842 0.100533
0.529308 -0.003873 0.103239
0.525974 -0.004113 0.103135
0.530110 -0.005592 0.104135
0.521259 -0.003643 0.101474
0.522027 -0.004348 0.102225
0.517304 -0.003338 0.101555
0.517301 -0.004680 0.101808
0.512411 -0.003819 0.101662
0.514483 -0.004565 0.102161
0.514602 -0.003239 0.102658
0.511260 -0.003672 0.101080
0.513661 -0.004460 0.103829
0.509499 -0.004265 0.102579
0.509602 -0.005614 0.103581
0.506925 -0.004861 0.103185
0.502536 -0.005381 0.104055
0.503871 -0.005427 0.104055
0.503602 -0.003639 0.104533
0.505904 -0.005741 0.107286
0.500872 -0.003376 0.103776
0.502960 -0.002794 0.104275
0.505089 -0.000889 0.104771
0.506929 -0.001670 0.109025
0.504552 0.003144 0.104519
0.504426 0.007360 0.103976
0.504252 0.010109 0.101723
0.504775 0.010965 0.106029
0.506054 0.013621 0.104776
0.504766 0.016371 0.104514
0.510791 0.011846 0.113017
0.502610 0.019449 0.103529
0.503299 0.020090 0.103529
0.504845 0.022687 0.105965
0.505407 0.023393 0.104715
0.503872 0.026260 0.102892
0.505941 0.028188 0.102891
0.504920 0.031349 0.102995
0.509334 0.029569 0.108247
0.505130 0.036473 0.104024
0.506464 0.036425 0.104024
0.505019 0.039190 0.103618
0.505795 0.038404 0.105119
0.504155 0.042600 0.102439
0.504258 0.046723 0.103334
0.504237 0.046740 0.103084
0.503907 0.049899 0.104382
0.506790 0.045548 0.108631
0.503365 0.054893 0.102443
0.504743 0.054814 0.102944
0.503913 0.058688 0.104200
0.503790 0.060179 0.102201
0.503410 0.063776 0.102723
0.507604 0.060727 0.106222
0.504107 0.069496 0.101592
0.507744 0.065646 0.106840
0.504992 0.072458 0.103809
0.504172 0.073336 0.101560
0.504598 0.075480 0.104458
0.503798 0.076334 0.102459
0.504658 0.079447 0.102373
0.504713 0.079383 0.103123
0.504757 0.080696 0.103376
0.504232 0.085049 0.102160
0.507005 0.082120 0.104407
0.506784 0.086633 0.104389
0.505062 0.091206 0.101767
0.505132 0.091116 0.102767
0.506817 0.094712 0.103033
0.506967 0.094508 0.105283
0.509463 0.096019 0.105354
0.506781 0.097469 0.104604
0.507308 0.099709 0.105999
0.507292 0.099731 0.105749
0.506042 0.101239 0.106464
0.505906 0.101415 0.104464
0.505654 0.102852 0.104401
0.506967 0.104202 0.103905
0.507516 0.106176 0.103296
0.509030 0.104551 0.106544
0.511773 0.106018 0.105343
0.513719 0.104024 0.105091
0.517130 0.100451 0.108088
0.519390 0.101927 0.105885
0.520516 0.104999 0.104077
0.523798 0.105672 0.103332
0.528568 0.106599 0.100414
0.530672 0.102914 0.105409
0.535359 0.104181 0.103876
0.538029 0.102685 0.106126
0.541494 0.103697 0.105354
0.544111 0.098244 0.108345
0.544096 0.102416 0.104354
0.550831 0.098999 0.106913
0.549531 0.103129 0.103920
0.555198 0.102059 0.105487
0.555856 0.102770 0.104489
0.562582 0.098467 0.109940
0.559338 0.102022 0.105195
0.563304 0.101873 0.105682
0.563309 0.103274 0.104186
0.566868 0.103579 0.104536
0.568179 0.103484 0.106038
0.572758 0.103803 0.104542
0.572108 0.104569 0.102793
0.577075 0.100670 0.106143
0.579991 0.104311 0.104889
0.580645 0.103655 0.104889
0.583239 0.100911 0.107136
0.585576 0.103782 0.105134
0.586231 0.104451 0.104886
0.593820 0.100573 0.105978
0.591251 0.106058 0.101737
0.598366 0.102784 0.105366
0.595129 0.106246 0.102120
0.600808 0.105747 0.102603
0.600801 0.105716 0.103102
0.607565 0.101735 0.106148
0.605658 0.106568 0.101657
0.609459 0.106552 0.102916
0.610121 0.105916 0.102666
0.614158 0.106037 0.102106
0.615454 0.104660 0.103355
0.618047 0.104926 0.102784
0.621921 0.099519 0.106776
0.623697 0.104931 0.101456
0.626898 0.100124 0.106200
0.626696 0.103800 0.102905
0.625399 0.103831 0.102153
0.630850 0.104989 0.101489
0.632788 0.101569 0.104485
0.634734 0.106210 0.101996
0.640806 0.106758 0.103593
0.642094 0.104028 0.105838
0.645293 0.104818 0.105157
0.645302 0.106200 0.103911
0.648253 0.106159 0.103632
0.650844 0.103438 0.106130
0.657874 0.101481 0.109381
0.653420 0.106358 0.102635
0.658174 0.105562 0.103653
0.658774 0.104753 0.106402
0.663176 0.103907 0.107208
0.661908 0.105336 0.104709
0.668741 0.104133 0.105183
0.669382 0.106167 0.104190
0.673118 0.105965 0.104382
0.677261 0.105827 0.103983
0.679185 0.102402 0.107478
0.681812 0.105084 0.104907
0.682457 0.104401 0.105657
0.687727 0.105597 0.105387
0.687678 0.105502 0.106887
0.692948 0.105625 0.104716
0.694791 0.102107 0.109960
0.692895 0.105529 0.106215
0.699047 0.102013 0.110747
0.696488 0.106078 0.106753
0.700112 0.101886 0.110607
0.702008 0.099856 0.113355
0.702504 0.101316 0.108567
0.700510 0.106044 0.104826
0.705576 0.101670 0.109668
0.703587 0.105007 0.107172
0.708098 0.101560 0.110496
0.706748 0.105613 0.107253
0.710748 0.102341 0.108048
0.708075 0.104915 0.107049
0.711672 0.104957 0.107435
0.711728 0.104044 0.108750
0.713130 0.098616 0.113990
0.709704 0.107509 0.104504
