0.512348 -0.090146 0.104405
0.513522 -0.090063 0.103655
0.515484 -0.091905 0.104405
0.513382 -0.090159 0.103420
0.512528 -0.089581 0.103018
0.513126 -0.088946 0.103019
0.512370 -0.089570 0.102342
0.512987 -0.088950 0.102593
0.514163 -0.090138 0.103668
0.516164 -0.092006 0.104918
0.514579 -0.089491 0.103230
0.517887 -0.092585 0.104979
0.515040 -0.089392 0.104305
0.518944 -0.093052 0.105555
0.519350 -0.091479 0.105982
0.519936 -0.092032 0.105232
0.517774 -0.090625 0.104564
0.521208 -0.092260 0.104587
0.521892 -0.092902 0.105337
0.522283 -0.090288 0.103171
0.525494 -0.092114 0.104170
0.526240 -0.092130 0.104730
0.523536 -0.089574 0.102230
0.524852 -0.089616 0.103480
0.526976 -0.089626 0.102718
0.526990 -0.089641 0.102968
0.530644 -0.090806 0.104172
0.529216 -0.089433 0.101422
0.535493 -0.092421 0.104663
0.532117 -0.089198 0.101164
0.538485 -0.092101 0.104573
0.536995 -0.089429 0.100823
0.544691 -0.093736 0.105797
0.545870 -0.092435 0.105297
0.547852 -0.093529 0.106767
0.550304 -0.091544 0.104877
0.546438 -0.089076 0.103128
0.547708 -0.089084 0.103878
0.554239 -0.092043 0.105626
0.552832 -0.089439 0.102877
0.557915 -0.091683 0.104673
0.557797 -0.089125 0.103425
0.563288 -0.092088 0.104840
0.561868 -0.088267 0.102593
0.566094 -0.090732 0.105242
0.570615 -0.090030 0.102947
0.567972 -0.086312 0.101949
0.571591 -0.086903 0.101522
0.575516 -0.090741 0.105269
0.578360 -0.089212 0.103226
0.575076 -0.085992 0.099978
0.577319 -0.085655 0.101795
0.584035 -0.089343 0.104126
0.580724 -0.086052 0.099629
0.583776 -0.086150 0.100531
0.588014 -0.086211 0.100376
0.591357 -0.090753 0.105123
0.588603 -0.085512 0.099626
0.594944 -0.088886 0.103652
0.591734 -0.086984 0.101404
0.597916 -0.088893 0.102684
0.594729 -0.087101 0.102185
0.600060 -0.089064 0.102881
0.598691 -0.086449 0.100381
0.602433 -0.087218 0.100899
0.601783 -0.086597 0.100650
0.605572 -0.087377 0.101409
0.606215 -0.087966 0.101159
0.612467 -0.092534 0.104480
0.613412 -0.091371 0.102766
0.615961 -0.092649 0.104765
0.619729 -0.088263 0.102618
0.620418 -0.090162 0.103368
0.625439 -0.090492 0.105254
0.624742 -0.088309 0.100004
0.628431 -0.089832 0.101614
0.632887 -0.093082 0.106114
0.633503 -0.088505 0.100924
0.633542 -0.089792 0.101424
0.638423 -0.090041 0.102843
0.641021 -0.093871 0.105594
0.646946 -0.096099 0.108220
0.643061 -0.089668 0.102719
0.648178 -0.088726 0.102553
0.648224 -0.089885 0.101053
0.651236 -0.090240 0.103785
0.651238 -0.090177 0.102785
0.657189 -0.094728 0.106150
0.655169 -0.088960 0.102898
0.661606 -0.093648 0.105736
0.659657 -0.090390 0.102735
0.662471 -0.089479 0.102717
0.664426 -0.092732 0.105468
0.664998 -0.090184 0.102773
0.670876 -0.093509 0.106909
0.670205 -0.091514 0.104658
0.675182 -0.093607 0.107016
0.675151 -0.092282 0.105765
0.680728 -0.094384 0.107206
0.679424 -0.091792 0.105205
0.684898 -0.092033 0.105442
0.686800 -0.094032 0.108192
0.687612 -0.092202 0.106235
0.688865 -0.092176 0.106234
0.692443 -0.091746 0.106346
0.695615 -0.094993 0.109346
0.697255 -0.090996 0.105448
0.698552 -0.095006 0.109951
0.695997 -0.090987 0.104949
0.701652 -0.094888 0.108923
0.703208 -0.094915 0.107425
0.703846 -0.095603 0.108675
0.702598 -0.091138 0.104877
0.703884 -0.092400 0.105127
0.703250 -0.091839 0.106127
0.705703 -0.091902 0.105500
0.708959 -0.092677 0.107641
0.709020 -0.095327 0.109894
0.707031 -0.091961 0.105892
0.711200 -0.096506 0.110401
0.709161 -0.091787 0.104897
0.712834 -0.094557 0.107664
0.714110 -0.094586 0.108413
0.714825 -0.093284 0.107152
0.717897 -0.093108 0.108495
0.716577 -0.091742 0.106744
0.715813 -0.091919 0.108292
0.715826 -0.093188 0.108293
0.714523 -0.086745 0.105310
0.713933 -0.088719 0.106063
0.713904 -0.084909 0.106309
0.716728 -0.085390 0.107009
0.716650 -0.078679 0.105463
0.716697 -0.077531 0.106962
0.718923 -0.074679 0.106739
0.716959 -0.071481 0.106488
0.722157 -0.073474 0.109961
0.718044 -0.066675 0.105213
0.722936 -0.071338 0.110370
0.717878 -0.057715 0.106619
0.721326 -0.062538 0.110364
0.717382 -0.051372 0.104674
0.720835 -0.056181 0.107918
0.718008 -0.049494 0.105175
0.719748 -0.048808 0.108952
0.717420 -0.042409 0.103711
0.717421 -0.038974 0.104739
0.716865 -0.033521 0.103330
0.720495 -0.039882 0.108317
0.716228 -0.025739 0.103237
0.715520 -0.025000 0.102488
0.717093 -0.024242 0.104976
0.715533 -0.018865 0.103239
0.714555 -0.014697 0.102908
0.714540 -0.014659 0.102658
0.715873 -0.014834 0.105589
0.714971 -0.010130 0.104102
0.716342 -0.010378 0.105896
0.719896 -0.015239 0.109382
0.715874 -0.003347 0.103643
0.715023 0.000048 0.102403
0.714048 0.004391 0.102136
0.715379 0.004321 0.102885
0.715095 0.004553 0.103240
0.716361 0.003502 0.101986
0.714887 0.005810 0.102361
0.716492 0.001648 0.104847
0.714333 0.005086 0.102805
0.713768 0.003163 0.102549
0.712984 0.004369 0.103273
0.716045 -0.001200 0.107758
0.712534 0.005846 0.105524
0.711832 0.005370 0.104022
0.710217 0.006865 0.104670
0.711188 0.002216 0.106409
0.705976 0.006770 0.106023
0.704722 0.006682 0.106272
0.702394 0.005112 0.104176
0.704064 0.002242 0.107671
0.699899 0.007424 0.104306
0.700883 0.002823 0.105796
0.696033 0.008020 0.104302
0.699347 0.000035 0.108789
0.693226 0.004980 0.104228
0.693401 0.003578 0.105475
0.691673 0.005526 0.104056
0.689733 0.004842 0.103553
0.687780 0.005378 0.102718
0.687235 0.004638 0.103467
0.688951 0.000056 0.107575
0.683953 0.004624 0.104324
0.679230 0.003486 0.103383
0.683975 -0.003248 0.109635
0.677687 0.004082 0.102404
0.681205 -0.001527 0.109907
0.675806 0.002825 0.103547
0.679057 -0.002570 0.108303
0.675046 0.002648 0.104498
0.674786 0.002848 0.101748
0.672564 0.002666 0.103329
0.675259 -0.002209 0.109587
0.673489 -0.002965 0.108696
0.667945 0.003264 0.100434
0.668439 0.000047 0.105819
0.667253 -0.001339 0.106573
0.663184 0.001035 0.104098
0.662359 0.001764 0.102597
0.661428 -0.001332 0.106905
0.660018 0.002327 0.100145
0.659092 0.001456 0.104480
0.659154 0.000128 0.104734
0.659047 -0.003949 0.112129
0.653267 -0.000486 0.105702
0.655856 -0.005296 0.111218
0.652113 -0.005447 0.111090
0.648901 -0.001315 0.105827
0.650349 -0.005679 0.111637
0.646015 -0.000653 0.101620
0.645853 -0.005404 0.111210
0.641820 0.000786 0.104689
0.641521 0.000946 0.101689
0.642783 -0.005204 0.111155
0.640614 0.000439 0.103136
0.640747 -0.004961 0.111364
0.637971 0.000002 0.103598
0.639151 -0.004664 0.110122
0.631969 -0.000823 0.103484
0.634599 -0.005723 0.109748
0.631819 -0.006904 0.110544
0.628522 -0.001360 0.104280
0.625871 -0.005513 0.108516
0.620786 -0.002055 0.104509
0.623095 -0.005440 0.109522
0.617056 -0.001191 0.102764
0.615479 -0.003790 0.104820
0.611706 -0.000297 0.101062
0.609309 -0.000936 0.102054
0.608107 -0.001006 0.103304
0.605363 -0.001430 0.102770
0.604053 -0.001449 0.103021
0.598862 -0.001936 0.102617
0.597261 -0.001834 0.100367
0.597221 -0.005904 0.107366
0.598083 -0.006632 0.109118
0.592493 -0.000327 0.101357
0.593344 -0.005101 0.107925
0.587496 -0.004178 0.105485
0.583729 -0.000692 0.101979
0.579699 -0.001287 0.101905
0.579063 -0.001965 0.102156
0.574532 -0.001079 0.101707
0.574215 -0.001874 0.104459
0.568205 -0.000950 0.101828
0.568532 -0.001071 0.104328
0.571436 -0.008479 0.111906
0.561345 -0.000705 0.100397
0.560646 -0.004233 0.107318
0.561667 -0.006321 0.110072
0.550845 -0.000372 0.100651
0.551897 -0.001174 0.103402
0.548271 -0.001013 0.104551
0.547289 -0.001565 0.102303
0.542318 -0.001843 0.102256
0.543088 -0.002546 0.103007
0.550098 -0.008824 0.111014
0.539713 -0.001645 0.102460
0.534915 -0.002254 0.102372
0.534012 -0.000173 0.100619
0.533327 -0.004298 0.105661
0.535542 -0.005046 0.107411
0.525231 -0.000529 0.100683
0.528136 -0.001965 0.102434
0.525041 -0.001123 0.102431
0.522273 -0.001061 0.101682
0.523014 -0.000428 0.102181
0.518960 -0.000497 0.101133
0.516752 -0.001740 0.101367
0.519862 -0.004564 0.104870
0.517336 -0.004671 0.104249
0.515197 -0.002618 0.102996
0.514672 -0.005524 0.104306
0.513007 -0.002754 0.101553
0.513676 -0.002099 0.101552
0.510489 -0.002339 0.101868
0.512420 -0.001676 0.101368
0.510938 -0.003260 0.103339
0.508285 -0.002552 0.101900
0.509094 -0.003274 0.103150
0.508606 -0.004071 0.104562
0.510736 -0.006117 0.106063
0.506173 -0.002143 0.102705
0.507053 -0.005785 0.104668
0.506177 -0.001089 0.102416
0.502969 -0.000573 0.104079
0.507686 -0.001338 0.105328
0.501647 0.002506 0.102932
0.505678 0.007680 0.103430
0.506970 0.005093 0.107399
0.503167 0.010057 0.101898
0.506389 0.009177 0.107524
0.505565 0.012583 0.105523
0.504719 0.014497 0.104434
0.505963 0.014535 0.103684
0.504863 0.017163 0.105729
0.506086 0.017220 0.104729
0.504055 0.020960 0.103263
0.505986 0.020316 0.102762
0.509668 0.018520 0.111068
0.507270 0.024852 0.105068
0.504938 0.028078 0.103303
0.510033 0.022945 0.110053
0.508249 0.024641 0.110718
0.505158 0.027731 0.104468
0.505374 0.030316 0.105399
0.509764 0.025897 0.111899
0.504837 0.033687 0.104415
0.504774 0.032419 0.103664
0.506141 0.033695 0.104165
0.510039 0.033859 0.110773
0.504515 0.042358 0.103071
0.505160 0.041710 0.102820
0.505879 0.047487 0.104303
0.505301 0.046723 0.105552
0.509571 0.042344 0.110551
0.505029 0.050549 0.103255
0.504106 0.055041 0.103479
0.506942 0.054788 0.106231
0.505415 0.061240 0.104485
0.506064 0.061926 0.104236
0.508990 0.061324 0.109874
0.506013 0.065809 0.104377
0.507824 0.065173 0.108260
0.506177 0.070981 0.103014
0.506373 0.075126 0.103234
0.509280 0.070725 0.107480
0.505930 0.078469 0.103601
0.505701 0.082085 0.102634
0.508603 0.077708 0.106630
0.505371 0.086645 0.101215
0.505462 0.086492 0.102715
0.506586 0.089857 0.102705
0.505850 0.089315 0.101454
0.506646 0.090400 0.102907
0.506682 0.091658 0.103659
0.507435 0.092602 0.105022
0.508862 0.091115 0.106772
0.507366 0.095594 0.104152
0.507404 0.094220 0.104650
0.506705 0.097865 0.103963
0.506118 0.095780 0.104959
0.510289 0.092849 0.108458
0.506266 0.098350 0.106287
0.509755 0.097307 0.108552
0.511803 0.095250 0.109801
0.506419 0.104754 0.104128
0.508576 0.103828 0.107129
0.510913 0.106565 0.105297
0.512343 0.105076 0.107296
0.515834 0.107536 0.104740
0.518547 0.104813 0.105989
0.519309 0.105971 0.103814
0.521942 0.107296 0.104068
0.526516 0.106884 0.105420
0.527805 0.106977 0.104421
0.531078 0.107443 0.104503
0.535712 0.105471 0.105003
0.540348 0.102753 0.106512
0.540944 0.106242 0.103765
0.544021 0.106718 0.105009
0.549322 0.101286 0.108506
0.551456 0.105938 0.105823
0.552769 0.106002 0.105073
0.559273 0.103358 0.108414
0.558619 0.105478 0.105915
0.565726 0.100650 0.110230
0.563775 0.104073 0.107231
0.570902 0.101551 0.107992
0.568940 0.104939 0.105743
0.569606 0.104305 0.105493
0.573800 0.104104 0.105633
0.578369 0.100750 0.107883
0.577747 0.104782 0.104562
0.577101 0.104132 0.104311
0.585354 0.099833 0.108295
0.584771 0.103531 0.105027
0.586736 0.104225 0.104779
0.596081 0.099459 0.111187
0.591647 0.105791 0.102189
0.592887 0.104240 0.106439
0.598308 0.104631 0.103979
0.600289 0.104000 0.103979
0.606156 0.103628 0.107512
0.606244 0.103783 0.104762
0.613948 0.099508 0.108752
0.612005 0.102837 0.107005
0.620056 0.100314 0.110276
0.617678 0.104621 0.102529
0.623104 0.104164 0.103909
0.626216 0.099329 0.109656
0.631184 0.100092 0.110276
0.631204 0.098789 0.110275
0.636283 0.104555 0.105041
0.637000 0.105309 0.103542
0.645299 0.097289 0.111433
0.642232 0.103412 0.105438
0.646916 0.104300 0.104569
0.646881 0.104259 0.105318
0.651134 0.103641 0.105439
0.650476 0.102958 0.105688
0.656319 0.103763 0.105229
0.655673 0.103092 0.105228
0.660153 0.103276 0.105222
0.660822 0.103975 0.104724
0.666385 0.104692 0.104126
0.668234 0.101239 0.108123
0.671515 0.104037 0.106943
0.679018 0.101569 0.107522
0.676514 0.104336 0.103774
0.683463 0.101379 0.110470
0.684675 0.099998 0.112719
0.690005 0.102537 0.107263
0.690003 0.103877 0.106764
0.690715 0.104618 0.105516
0.696516 0.103222 0.108057
0.695901 0.105258 0.106559
0.701149 0.104031 0.107224
0.699912 0.105425 0.105225
0.702602 0.104608 0.107453
0.701942 0.105262 0.107203
0.704996 0.104593 0.106895
0.704345 0.105261 0.106395
0.708844 0.105243 0.105551
0.708192 0.104553 0.105800
0.710950 0.103498 0.107044
0.712206 0.100759 0.110041
0.711984 0.103967 0.107516
0.708715 0.103207 0.107762
0.712505 0.103659 0.105416
0.711807 0.102861 0.107664
