0.511597 -0.088220 0.101827
0.511193 -0.088230 0.100978
0.512678 -0.088365 0.103477
0.512002 -0.087717 0.102977
0.512976 -0.088893 0.104489
0.512281 -0.089094 0.105084
0.513323 -0.088967 0.102833
0.512211 -0.089053 0.104334
0.513212 -0.088887 0.102357
0.513299 -0.088864 0.103529
0.513875 -0.088209 0.103028
0.516273 -0.089456 0.104302
0.516913 -0.088844 0.104552
0.518068 -0.088837 0.103744
0.518648 -0.088183 0.103243
0.521142 -0.088592 0.103605
0.522527 -0.089928 0.105355
0.521901 -0.089308 0.105355
0.523722 -0.089091 0.104316
0.524429 -0.091009 0.105317
0.526575 -0.089533 0.103983
0.527857 -0.089554 0.104482
0.529551 -0.089936 0.103364
0.530652 -0.088558 0.101113
0.532656 -0.089502 0.102514
0.538292 -0.091861 0.105518
0.536908 -0.090506 0.103268
0.540821 -0.089687 0.104256
0.542006 -0.089618 0.103006
0.545842 -0.089005 0.103663
0.547136 -0.090290 0.104413
0.551543 -0.089477 0.104358
0.553413 -0.090082 0.104108
0.555778 -0.088802 0.104240
0.557000 -0.089999 0.103239
0.559624 -0.093879 0.106238
0.561979 -0.090654 0.104910
0.564542 -0.093224 0.106659
0.568783 -0.094399 0.107782
0.571276 -0.094401 0.108032
0.571115 -0.089883 0.102977
0.573706 -0.092520 0.105976
0.574654 -0.089321 0.102039
0.579160 -0.093884 0.106287
0.579866 -0.090107 0.102549
0.580478 -0.089449 0.102049
0.582824 -0.089092 0.103505
0.584762 -0.092283 0.105003
0.586825 -0.088655 0.102794
0.587432 -0.087980 0.102044
0.591801 -0.088157 0.102669
0.593123 -0.092013 0.104666
0.596251 -0.087578 0.102461
0.597576 -0.091451 0.104709
0.602975 -0.092192 0.106461
0.603604 -0.092811 0.106461
0.605407 -0.089564 0.102328
0.607348 -0.092812 0.104826
0.610380 -0.089510 0.102634
0.610421 -0.092100 0.104132
0.613817 -0.088784 0.102149
0.617038 -0.093397 0.107146
0.618255 -0.089594 0.102067
0.623336 -0.093564 0.107066
0.626906 -0.089327 0.104196
0.634508 -0.094617 0.108546
0.631967 -0.088119 0.103547
0.631957 -0.086860 0.103547
0.636925 -0.088847 0.104521
0.636925 -0.088819 0.104021
0.639768 -0.088776 0.102267
0.641048 -0.091420 0.104766
0.644347 -0.088933 0.103475
0.644981 -0.089506 0.102474
0.650623 -0.089610 0.103959
0.653158 -0.093447 0.105459
0.655670 -0.088991 0.102375
0.656945 -0.090234 0.102125
0.663545 -0.090590 0.105312
0.664188 -0.089860 0.103562
0.669176 -0.089688 0.104726
0.669819 -0.092920 0.106473
0.674120 -0.090563 0.106129
0.674752 -0.089883 0.105380
0.680671 -0.093929 0.108691
0.678822 -0.091865 0.104694
0.685748 -0.095846 0.107680
0.683843 -0.092657 0.106184
0.691138 -0.095635 0.109629
0.686748 -0.091069 0.105135
0.691846 -0.090814 0.105465
0.691861 -0.092090 0.105713
0.695541 -0.092301 0.105137
0.694901 -0.091678 0.105138
0.699519 -0.091892 0.106785
0.702683 -0.095099 0.108783
0.701891 -0.092193 0.107123
0.705058 -0.095425 0.109621
0.705739 -0.091682 0.106295
0.707039 -0.095591 0.109042
0.709129 -0.091790 0.105433
0.707863 -0.091849 0.106183
0.711265 -0.091371 0.107394
0.713823 -0.093993 0.109893
0.714987 -0.090570 0.107198
0.714364 -0.091226 0.107448
0.715260 -0.090522 0.106087
0.716563 -0.091859 0.107586
0.714173 -0.087863 0.105282
0.716836 -0.093075 0.108030
0.715396 -0.086728 0.107884
0.716029 -0.086102 0.108134
0.714933 -0.079844 0.107002
0.714271 -0.077939 0.107002
0.715646 -0.075871 0.107615
0.714929 -0.073839 0.106114
0.717104 -0.071294 0.105818
0.715111 -0.068049 0.105068
0.715891 -0.066599 0.106757
0.715243 -0.065969 0.106758
0.716676 -0.062889 0.107042
0.717437 -0.063758 0.109540
0.720892 -0.062379 0.110458
0.717491 -0.057685 0.107467
0.716360 -0.051333 0.106984
0.714199 -0.045375 0.104996
0.715081 -0.041578 0.104153
0.715713 -0.039732 0.104906
0.715031 -0.035413 0.104512
0.715738 -0.034953 0.106013
0.714679 -0.030216 0.102664
0.716873 -0.033768 0.105650
0.714954 -0.026346 0.104980
0.717092 -0.028576 0.107721
0.714941 -0.025133 0.105485
0.714575 -0.020062 0.105251
0.714215 -0.014810 0.105086
0.716388 -0.018257 0.107320
0.714758 -0.010453 0.103008
0.714732 -0.008076 0.104268
0.714340 -0.002702 0.104922
0.715682 -0.003970 0.105166
0.716562 -0.007394 0.106900
0.714898 0.002814 0.104110
0.716515 0.002558 0.105888
0.715670 0.005872 0.104904
0.715182 0.008851 0.104442
0.716713 0.006014 0.106678
0.713562 0.011875 0.105904
0.712908 0.011327 0.105152
0.709886 0.012771 0.106737
0.713314 0.009489 0.108473
0.709148 0.013407 0.106259
0.707925 0.013281 0.106759
0.707166 0.016379 0.105425
0.708895 0.005447 0.110710
0.699427 0.011923 0.106224
0.694432 0.006859 0.104462
0.692435 0.008618 0.103994
0.689851 0.006136 0.102488
0.686360 0.008016 0.101334
0.685227 0.006610 0.102081
0.681587 0.005276 0.102470
0.680861 0.005938 0.101970
0.685887 0.001477 0.106910
0.677485 0.004249 0.101159
0.676140 0.005091 0.103676
0.675611 0.003133 0.103926
0.674081 0.004388 0.104358
0.671246 0.004490 0.102107
0.668999 0.004615 0.103147
0.668165 0.004095 0.101397
0.664333 0.003010 0.102698
0.664812 0.005019 0.101946
0.661684 0.004378 0.103883
0.663395 0.003944 0.101883
0.659882 0.004815 0.103356
0.659802 0.003595 0.102359
0.659422 0.000442 0.107699
0.656584 0.004039 0.101191
0.653243 0.003238 0.102720
0.658344 -0.006127 0.110746
0.648912 0.003469 0.103598
0.650165 -0.003161 0.110149
0.648043 0.002289 0.104379
0.650530 -0.002397 0.107895
0.645427 0.003052 0.103620
0.645831 0.003829 0.101616
0.646574 -0.001081 0.108513
0.644113 0.001030 0.104506
0.641137 0.003048 0.101833
0.640487 0.002379 0.101838
0.634988 0.001677 0.102365
0.635749 0.000991 0.103117
0.631994 0.001494 0.103508
0.634702 -0.003307 0.109284
0.625304 0.002454 0.102127
0.623127 0.002036 0.102874
0.621670 0.002073 0.101879
0.621766 -0.001876 0.107935
0.616907 0.001010 0.100927
0.612852 0.000964 0.103588
0.611290 0.001028 0.101842
0.607673 0.001036 0.101482
0.611818 -0.003817 0.108006
0.604154 0.000173 0.102919
0.608255 -0.004658 0.109191
0.597313 0.000780 0.100639
0.600692 -0.003397 0.106159
0.590772 0.001245 0.099410
0.592537 -0.002882 0.102684
0.584849 0.000926 0.099996
0.580326 0.000388 0.100288
0.581639 0.000378 0.100034
0.584192 -0.004441 0.104310
0.576467 0.000647 0.100431
0.575192 0.000652 0.100934
0.569164 0.001537 0.100473
0.570676 0.000136 0.101728
0.565162 0.000383 0.100680
0.561295 0.000550 0.100731
0.561258 0.000558 0.100481
0.560521 0.001257 0.099979
0.555777 0.000668 0.100630
0.558230 -0.004139 0.104152
0.552050 -0.000541 0.102054
0.553690 -0.004629 0.104573
0.546434 -0.000285 0.101727
0.548397 -0.000988 0.101477
0.547317 -0.004758 0.103012
0.544572 -0.000677 0.101997
0.543970 -0.005076 0.104889
0.535484 -0.000164 0.103416
0.535951 -0.000808 0.102168
0.528296 0.000176 0.099927
0.528038 -0.000558 0.102681
0.524131 -0.000478 0.102515
0.525545 -0.000527 0.103013
0.519717 -0.000340 0.100155
0.520752 0.000239 0.102401
0.516211 -0.000117 0.102120
0.517386 0.001218 0.100864
0.522616 -0.003674 0.105374
0.514331 0.000689 0.102279
0.515553 0.000678 0.101528
0.517133 -0.004163 0.105251
0.514036 -0.001356 0.101745
0.512455 -0.000686 0.103567
0.509278 -0.001922 0.104189
0.509782 -0.002572 0.103191
0.511260 -0.007454 0.106456
0.505565 -0.004606 0.102953
0.502676 -0.003651 0.102273
0.503321 -0.004329 0.102274
0.508437 -0.007835 0.106529
0.504152 -0.003293 0.103360
0.505472 -0.003331 0.103359
0.504383 -0.001564 0.103517
0.502717 -0.001570 0.103991
0.504043 0.001032 0.103486
0.503689 0.003079 0.105146
0.502904 0.005126 0.103643
0.505670 0.002357 0.105396
0.505123 0.011369 0.103300
0.508036 0.008506 0.106553
0.503753 0.014150 0.105070
0.505019 0.015467 0.104319
0.503893 0.016997 0.103663
0.508769 0.014713 0.106914
0.502742 0.022032 0.102860
0.504850 0.025238 0.103360
0.504305 0.028516 0.103694
0.509984 0.025381 0.108949
0.504907 0.035340 0.103622
0.509806 0.032952 0.107380
0.504167 0.041147 0.102233
0.504973 0.041663 0.103736
0.504534 0.044041 0.102623
0.509473 0.040241 0.107689
0.504192 0.049201 0.101650
0.508351 0.046194 0.105249
0.504159 0.055843 0.099987
0.507657 0.053487 0.103867
0.504228 0.060555 0.098934
0.510460 0.057899 0.106470
0.505231 0.066148 0.097887
0.506758 0.069748 0.101819
0.509672 0.066739 0.104129
0.506466 0.075464 0.100476
0.506963 0.079204 0.102022
0.510794 0.075106 0.105337
0.507068 0.083953 0.101104
0.511470 0.079246 0.104888
0.506812 0.086196 0.098555
0.506753 0.087291 0.102735
0.508005 0.087234 0.103874
0.509311 0.092749 0.102653
0.508363 0.095287 0.103784
0.509631 0.095287 0.103689
0.511779 0.095822 0.104601
0.509880 0.095197 0.104682
0.509019 0.099427 0.102751
0.510712 0.096299 0.105465
0.510506 0.098683 0.104678
0.507949 0.099942 0.105394
0.508226 0.102902 0.104004
0.508820 0.102284 0.104442
0.509947 0.099816 0.106003
0.507704 0.102444 0.104764
0.509618 0.102379 0.106101
0.510919 0.101107 0.105472
0.509325 0.102870 0.101888
0.515031 0.100009 0.106435
0.515596 0.099412 0.107123
0.518756 0.099959 0.105176
0.521625 0.096955 0.108093
0.522299 0.100900 0.107080
0.525489 0.097727 0.106718
0.531047 0.097791 0.108956
0.529757 0.096554 0.109205
0.533739 0.102073 0.106893
0.534407 0.101424 0.106554
0.537493 0.101421 0.107464
0.542908 0.095824 0.110289
0.544438 0.101711 0.107872
0.545269 0.101012 0.105760
0.548273 0.101552 0.106443
0.550722 0.100291 0.107561
0.553003 0.101447 0.106476
0.555302 0.097673 0.109291
0.560101 0.100898 0.105762
0.561806 0.097731 0.108176
0.564569 0.101181 0.105098
0.566308 0.097989 0.107230
0.569407 0.102899 0.105476
0.571749 0.099050 0.108160
0.571740 0.104456 0.103646
0.574210 0.103145 0.105132
0.578200 0.103473 0.105006
0.577613 0.104128 0.104184
0.582644 0.104431 0.104377
0.582028 0.103795 0.103880
0.586193 0.105331 0.101919
0.586807 0.104672 0.102480
0.592129 0.106105 0.103032
0.592758 0.105450 0.103337
0.596897 0.105578 0.104232
0.600568 0.101637 0.107529
0.600479 0.106279 0.103335
0.600493 0.106287 0.103085
0.605158 0.106277 0.103250
0.602649 0.107634 0.101379
0.608353 0.106115 0.103093
0.609535 0.102157 0.105497
0.610353 0.107144 0.102930
0.611710 0.107194 0.101711
0.614788 0.106945 0.102033
0.617257 0.102942 0.105188
0.617779 0.106490 0.101215
0.620212 0.106779 0.100874
0.621434 0.102769 0.103479
0.624946 0.106377 0.101907
0.625589 0.107021 0.102156
0.629026 0.105624 0.103162
0.629056 0.106975 0.102140
0.633697 0.106692 0.102853
0.634356 0.107360 0.102602
0.637331 0.106963 0.101852
0.637933 0.107545 0.103351
0.641533 0.107111 0.102252
0.641557 0.108473 0.101237
0.645310 0.108456 0.101075
0.648458 0.102370 0.105670
0.650121 0.108184 0.101836
0.650248 0.108416 0.097584
0.653724 0.108192 0.102405
0.653084 0.108886 0.101644
0.658885 0.108530 0.102461
0.658923 0.108602 0.101211
0.661996 0.107913 0.104307
0.666464 0.103170 0.108860
0.667407 0.108194 0.102379
0.667438 0.108252 0.101379
0.670948 0.108403 0.101439
0.674130 0.103581 0.106720
0.678148 0.102435 0.108130
0.678803 0.103126 0.107633
0.679268 0.107617 0.103455
0.681206 0.108288 0.103965
0.686497 0.108357 0.104103
0.690960 0.102234 0.110374
0.690929 0.108016 0.104528
0.694161 0.108713 0.105294
0.703005 0.104165 0.110076
0.703030 0.106891 0.108081
0.704354 0.109800 0.105746
0.706242 0.106353 0.109496
0.708649 0.111239 0.105624
0.708014 0.111944 0.104623
0.714649 0.108145 0.109359
0.712043 0.112200 0.106111
0.716837 0.112043 0.105899
0.718737 0.107206 0.110890
0.718569 0.112626 0.105760
0.715975 0.111171 0.106245
0.721788 0.110140 0.108179
0.718554 0.106551 0.111153
0.717891 0.114921 0.104036
