0.511389 -0.093240 0.020888
0.511517 -0.093864 0.023006
0.511690 -0.093055 0.021729
0.512704 -0.093998 0.023447
0.512721 -0.093983 0.023697
0.512908 -0.093985 0.022182
0.511595 -0.093690 0.021308
0.512489 -0.093953 0.021582
0.511243 -0.093328 0.021025
0.515205 -0.093432 0.023840
0.514371 -0.094134 0.021097
0.515844 -0.094560 0.021803
0.518895 -0.094425 0.024340
0.515875 -0.094530 0.022303
0.519672 -0.093688 0.023610
0.519417 -0.093558 0.022273
0.524140 -0.094934 0.023636
0.523479 -0.093877 0.021593
0.526443 -0.093864 0.022873
0.530327 -0.094856 0.024796
0.530908 -0.094204 0.023097
0.532804 -0.093787 0.021584
0.534234 -0.095250 0.022135
0.539866 -0.093930 0.022827
0.542487 -0.094796 0.024368
0.543972 -0.094806 0.024158
0.546888 -0.094820 0.025429
0.548778 -0.094910 0.023392
0.553910 -0.094916 0.025054
0.552724 -0.095507 0.024056
0.554494 -0.093255 0.023285
0.558240 -0.094750 0.025022
0.561187 -0.090789 0.023239
0.562105 -0.088185 0.023721
0.564980 -0.086339 0.024932
0.568790 -0.086120 0.025217
0.567923 -0.085825 0.024964
0.570524 -0.086705 0.025972
0.571084 -0.084377 0.023587
0.572858 -0.084196 0.022849
0.572838 -0.084208 0.021599
0.578866 -0.085529 0.024115
0.577415 -0.084079 0.023616
0.580316 -0.083441 0.024835
0.584732 -0.084469 0.023758
0.585905 -0.083874 0.025259
0.587494 -0.084834 0.023358
0.590735 -0.084272 0.023945
0.591620 -0.084546 0.025194
0.591712 -0.084011 0.024093
0.594337 -0.084862 0.024589
0.593298 -0.084110 0.023422
0.598159 -0.084239 0.024043
0.599315 -0.083654 0.023794
0.602995 -0.083722 0.024315
0.605338 -0.085434 0.025308
0.606693 -0.084624 0.023931
0.607299 -0.085669 0.022570
0.611393 -0.085004 0.025320
0.608471 -0.085059 0.023572
0.615613 -0.084083 0.025820
0.615165 -0.084701 0.025764
0.617192 -0.084368 0.026015
0.617962 -0.084343 0.022543
0.621740 -0.084334 0.023562
0.624658 -0.084226 0.025062
0.623510 -0.084854 0.024054
0.625589 -0.084369 0.024049
0.625584 -0.084374 0.023299
0.629438 -0.084545 0.024829
0.632812 -0.084073 0.023598
0.636555 -0.084062 0.024115
0.636306 -0.084957 0.023100
0.639624 -0.084733 0.023561
0.639860 -0.083849 0.022326
0.643799 -0.084814 0.023409
0.644035 -0.083924 0.023174
0.647464 -0.083565 0.023092
0.646340 -0.084219 0.023833
0.649658 -0.084048 0.023565
0.649660 -0.084044 0.024065
0.656311 -0.083509 0.025693
0.655525 -0.084469 0.023987
0.654855 -0.083354 0.023253
0.661872 -0.083146 0.025255
0.657843 -0.084042 0.023749
0.659956 -0.084695 0.023249
0.663770 -0.084657 0.025995
0.662401 -0.083679 0.025411
0.665617 -0.082701 0.023305
0.665197 -0.084499 0.023275
0.672350 -0.082539 0.025121
0.669038 -0.084630 0.024088
0.675782 -0.083641 0.024911
0.672878 -0.083955 0.023660
0.680907 -0.083191 0.026708
0.681307 -0.082696 0.023273
0.684917 -0.083444 0.025499
0.686961 -0.082928 0.023769
0.686962 -0.082930 0.023019
0.692103 -0.082318 0.025503
0.690116 -0.082860 0.023997
0.693710 -0.082077 0.023128
0.696982 -0.083097 0.023082
0.697331 -0.081282 0.023115
0.700656 -0.083185 0.024064
0.703104 -0.083120 0.022859
0.709381 -0.083794 0.024862
0.706654 -0.083319 0.023630
0.708896 -0.083550 0.024167
0.707987 -0.083395 0.024423
0.711549 -0.081787 0.024245
0.708513 -0.083161 0.023729
0.712074 -0.082248 0.024168
0.714778 -0.081486 0.022742
0.718930 -0.081607 0.025686
0.715097 -0.081959 0.022443
0.716951 -0.082239 0.024182
0.715073 -0.079549 0.024572
0.718665 -0.080473 0.024492
0.714233 -0.078889 0.024534
0.715517 -0.078352 0.023341
0.716565 -0.077570 0.023351
0.713530 -0.077162 0.020329
0.716014 -0.073485 0.022695
0.715077 -0.073351 0.022199
0.714420 -0.070313 0.019140
0.714147 -0.066546 0.021937
0.715794 -0.064569 0.022436
0.715507 -0.062472 0.024407
0.713775 -0.060335 0.021687
0.714198 -0.057613 0.022719
0.716556 -0.057382 0.024022
0.714379 -0.053728 0.022542
0.716113 -0.054884 0.022772
0.713845 -0.050042 0.022229
0.717532 -0.051482 0.024448
0.711408 -0.045673 0.020999
0.716416 -0.043938 0.022989
0.713943 -0.040831 0.022281
0.713038 -0.037309 0.020440
0.714449 -0.033778 0.021220
0.713621 -0.031401 0.022206
0.717309 -0.032851 0.024185
0.716105 -0.031397 0.024426
0.714672 -0.026774 0.023002
0.713614 -0.026570 0.021004
0.713131 -0.025907 0.020873
0.713019 -0.026824 0.020869
0.714208 -0.021527 0.022697
0.713240 -0.021377 0.021947
0.713755 -0.018114 0.021774
0.713447 -0.014302 0.020731
0.717332 -0.014954 0.024242
0.713563 -0.009906 0.021772
0.711767 -0.009348 0.020745
0.714700 -0.009855 0.023507
0.716454 -0.011062 0.024519
0.714416 -0.005074 0.023118
0.713711 -0.003922 0.021513
0.712745 -0.003966 0.020416
0.715513 -0.005377 0.022938
0.712284 -0.000593 0.021117
0.715918 -0.003100 0.025149
0.712873 0.002013 0.022971
0.711432 0.005420 0.020839
0.715961 0.002762 0.024622
0.713255 0.008431 0.023334
0.715977 0.007025 0.025350
0.712846 0.011783 0.023474
0.712632 0.009944 0.024230
0.710114 0.009238 0.020984
0.714080 0.009735 0.025159
0.706641 0.011872 0.021395
0.705068 0.009321 0.020779
0.702287 0.009948 0.021896
0.707317 0.010074 0.025646
0.701429 0.010065 0.022396
0.702432 0.010073 0.023989
0.696593 0.011665 0.021898
0.700421 0.010160 0.024892
0.692533 0.012102 0.022744
0.695750 0.010651 0.026166
0.688991 0.012552 0.021681
0.686911 0.010982 0.021677
0.683177 0.010723 0.021742
0.685829 0.009508 0.025406
0.677388 0.009697 0.020905
0.676595 0.010736 0.020910
0.671787 0.011062 0.021455
0.669391 0.009513 0.019202
0.671615 0.007798 0.023157
0.671902 0.008697 0.024410
0.662855 0.010146 0.019684
0.664993 0.008582 0.022783
0.661389 0.010933 0.021279
0.660732 0.007662 0.023973
0.657789 0.008972 0.021465
0.656519 0.006807 0.022730
0.652584 0.007347 0.020717
0.649560 0.008506 0.020302
0.647820 0.008401 0.021594
0.649455 0.005404 0.023632
0.642556 0.008011 0.019939
0.640148 0.005676 0.022693
0.636052 0.006272 0.019400
0.636395 0.007203 0.020639
0.632059 0.007285 0.021511
0.629553 0.007311 0.022075
0.628536 0.007470 0.021314
0.626191 0.004667 0.022630
0.622259 0.006205 0.019322
0.620639 0.005256 0.021734
0.615991 0.006552 0.021199
0.617585 0.004404 0.022245
0.611049 0.006383 0.019299
0.611161 0.005326 0.022686
0.611075 0.006180 0.020670
0.612298 0.004998 0.023999
0.609452 0.006427 0.021446
0.605319 0.006034 0.021851
0.605250 0.006021 0.021350
0.605269 0.004357 0.023451
0.602295 0.004922 0.021412
0.598713 0.005965 0.023729
0.595298 0.005836 0.021991
0.596514 0.006541 0.022739
0.593137 0.005641 0.023096
0.593350 0.006538 0.023084
0.589132 0.005756 0.022058
0.590169 0.005564 0.023067
0.585324 0.006872 0.022687
0.584841 0.005934 0.020696
0.582031 0.005843 0.021496
0.580690 0.004055 0.023736
0.575688 0.005051 0.020206
0.572274 0.005890 0.020073
0.572555 0.006803 0.020568
0.569289 0.005631 0.021357
0.566561 0.005288 0.022147
0.567604 0.005093 0.023150
0.563883 0.005187 0.023502
0.559346 0.005556 0.021098
0.563160 0.003860 0.024114
0.555795 0.005829 0.022246
0.555931 0.005840 0.023246
0.552442 0.005968 0.023753
0.552136 0.005944 0.021502
0.548240 0.004944 0.021421
0.548308 0.004950 0.021921
0.545800 0.003891 0.023308
0.545943 0.004784 0.022806
0.544149 0.005277 0.022463
0.539680 0.005402 0.020732
0.539780 0.005410 0.021482
0.537009 0.005399 0.021291
0.536070 0.005607 0.021040
0.533793 0.005563 0.021586
0.531428 0.006302 0.021704
0.532641 0.006997 0.022454
0.532992 0.004516 0.024179
0.528002 0.005527 0.020421
0.525716 0.005442 0.021374
0.525800 0.006334 0.020373
0.521689 0.005586 0.019914
0.523397 0.004563 0.023056
0.520342 0.005164 0.020303
0.517514 0.005382 0.021412
0.519627 0.005866 0.022163
0.516481 0.006075 0.022634
0.513416 0.005314 0.022414
0.513323 0.005306 0.021664
0.510267 0.005330 0.021758
0.508437 0.005196 0.022126
0.507441 0.005400 0.021375
0.505124 0.005379 0.021183
0.508223 0.005654 0.022685
0.506296 0.005020 0.023747
0.508328 0.006358 0.021996
0.505368 0.006748 0.020507
0.504686 0.006448 0.020650
0.508623 0.005615 0.023908
0.504686 0.006448 0.020650
0.508024 0.005448 0.024379
0.505930 0.010156 0.022653
0.506076 0.011048 0.021900
0.504735 0.013345 0.023315
0.504954 0.014240 0.023313
0.503667 0.014860 0.021055
0.504100 0.016460 0.022550
0.507611 0.016176 0.027445
0.507119 0.015285 0.024196
0.506249 0.019202 0.022776
0.508363 0.019653 0.024027
0.506043 0.027808 0.022831
0.505657 0.031805 0.021620
0.505161 0.033835 0.021116
0.508299 0.033958 0.024282
0.507434 0.038941 0.022025
0.507175 0.041909 0.022893
0.509338 0.042319 0.024297
0.508066 0.045500 0.022808
0.508042 0.046667 0.021170
0.508126 0.050364 0.023445
0.510617 0.051389 0.025324
0.508129 0.053932 0.022854
0.507357 0.057245 0.022678
0.509244 0.059093 0.024389
0.510820 0.056786 0.026353
0.509040 0.061759 0.022118
0.509651 0.059694 0.023087
0.508428 0.065086 0.024027
0.509279 0.064951 0.023272
0.507420 0.069236 0.020527
0.507797 0.072738 0.020491
0.508077 0.073564 0.021749
0.509247 0.074217 0.022753
0.508903 0.078522 0.022329
0.512644 0.080364 0.024755
0.510525 0.079956 0.023004
0.512324 0.085602 0.023378
0.509669 0.092436 0.020936
0.514078 0.089362 0.024932
0.510081 0.095683 0.022970
0.510662 0.093607 0.023969
0.509255 0.098394 0.021653
0.511207 0.097854 0.023656
0.506501 0.102663 0.020221
0.508645 0.106381 0.020327
0.507629 0.105590 0.021577
0.508396 0.108816 0.021951
0.508340 0.108868 0.021201
0.509161 0.110988 0.021498
0.508964 0.110081 0.021497
0.512473 0.107887 0.022162
0.515891 0.107936 0.024974
0.514420 0.110167 0.024232
0.516087 0.111002 0.023151
0.518564 0.110190 0.022576
0.520190 0.108906 0.022568
0.520375 0.110767 0.021362
0.522111 0.109396 0.023354
0.526189 0.108935 0.025481
0.527219 0.109697 0.024233
0.528291 0.110874 0.024091
0.530681 0.108468 0.025329
0.533732 0.110042 0.024832
0.534421 0.108977 0.024078
0.535507 0.109079 0.023793
0.540526 0.109710 0.024190
0.540881 0.106808 0.024684
0.543633 0.109914 0.023761
0.545092 0.107716 0.024758
0.548629 0.109495 0.023922
0.551853 0.108315 0.024910
0.553678 0.107928 0.025910
0.553709 0.109818 0.023549
0.554794 0.110542 0.023301
0.559121 0.109898 0.023696
0.560040 0.109702 0.024445
0.563589 0.111003 0.024950
0.568954 0.110182 0.024933
0.570414 0.108002 0.025924
0.572687 0.111436 0.024000
0.572508 0.110530 0.023996
0.577507 0.111691 0.025796
0.580320 0.111040 0.023962
0.581228 0.110854 0.024463
0.588808 0.108558 0.027990
0.583576 0.110559 0.025478
0.589265 0.108650 0.027345
0.584914 0.110486 0.024083
0.591680 0.109244 0.026218
0.589139 0.110716 0.023709
0.594409 0.108755 0.026043
0.596003 0.110253 0.025537
0.595997 0.110255 0.023787
0.595999 0.110255 0.024287
0.599762 0.110126 0.024172
0.604021 0.110189 0.024981
0.603120 0.110386 0.023974
0.609327 0.107943 0.025777
0.606830 0.109436 0.023500
0.613592 0.107778 0.025261
0.615318 0.109154 0.024189
0.616919 0.107856 0.024955
0.619272 0.110117 0.023100
0.621276 0.110621 0.024105
0.623574 0.110053 0.023683
0.626972 0.109325 0.023876
0.628076 0.110024 0.024376
0.632255 0.110097 0.024281
0.632038 0.109205 0.026037
0.633760 0.109009 0.024336
0.635767 0.109494 0.024839
0.640351 0.109368 0.024807
0.644206 0.108546 0.024751
0.645784 0.107228 0.025518
0.645314 0.109235 0.025249
0.648794 0.108306 0.024240
0.653549 0.108079 0.024457
0.656203 0.107455 0.027223
0.657312 0.107949 0.024197
0.664054 0.106496 0.027131
0.661613 0.108023 0.024611
0.666543 0.105832 0.026955
0.662305 0.107776 0.022181
0.670261 0.107154 0.027200
0.666908 0.108897 0.024183
0.675194 0.107753 0.027246
0.669613 0.108127 0.023734
0.676243 0.110485 0.025345
0.680658 0.110467 0.027374
0.678670 0.109999 0.024868
0.680752 0.113545 0.024462
0.685860 0.115324 0.024364
0.683178 0.115989 0.022334
0.687297 0.116255 0.021221
0.692612 0.114923 0.026549
0.691777 0.118408 0.023094
0.692659 0.118182 0.024112
0.696984 0.119356 0.024023
0.695224 0.119808 0.022229
0.698607 0.119153 0.022862
0.702728 0.119777 0.021922
0.701569 0.119087 0.023643
0.709336 0.118249 0.026127
0.707621 0.118691 0.024063
0.712944 0.118059 0.026921
0.712305 0.121036 0.023151
0.714066 0.120588 0.023970
0.714904 0.118293 0.024088
0.719335 0.115631 0.025668
