0.506605 -0.091200 0.015318
0.509529 -0.092161 0.018074
0.507435 -0.091289 0.017131
0.505503 -0.090332 0.015375
0.507254 -0.090424 0.016687
0.506303 -0.090392 0.016184
0.505047 -0.090611 0.014548
0.506125 -0.090631 0.016551
0.505786 -0.091025 0.015746
0.506531 -0.090731 0.014827
0.507487 -0.092577 0.016587
0.507368 -0.091113 0.014804
0.507428 -0.091105 0.015554
0.508371 -0.090248 0.015302
0.509309 -0.091579 0.015325
0.509305 -0.090675 0.014571
0.511535 -0.090303 0.016425
0.511462 -0.090310 0.015425
0.514545 -0.091739 0.018020
0.515446 -0.092694 0.018777
0.516826 -0.092007 0.019600
0.514999 -0.090092 0.017587
0.517365 -0.091234 0.018538
0.515931 -0.091387 0.016306
0.519679 -0.091634 0.018064
0.516821 -0.090864 0.014718
0.517784 -0.090925 0.015470
0.518813 -0.091441 0.015577
0.518844 -0.090532 0.015073
0.520013 -0.091806 0.017260
0.522913 -0.091085 0.019011
0.519990 -0.089990 0.015004
0.521891 -0.090314 0.016311
0.521938 -0.089403 0.016059
0.524706 -0.092441 0.017324
0.523025 -0.089591 0.016567
0.524075 -0.089765 0.016720
0.523944 -0.089759 0.014720
0.525102 -0.090799 0.015954
0.525979 -0.089944 0.014453
0.526251 -0.089062 0.014449
0.528215 -0.088110 0.014099
0.528138 -0.089023 0.013850
0.531016 -0.090052 0.014491
0.532842 -0.091089 0.015491
0.533366 -0.089220 0.015195
0.534322 -0.089285 0.015946
0.535814 -0.089439 0.016547
0.535785 -0.089436 0.016047
0.537180 -0.089389 0.015994
0.540847 -0.091459 0.018746
0.538051 -0.089446 0.015245
0.539292 -0.089442 0.015802
0.540205 -0.089504 0.015802
0.541497 -0.090237 0.016674
0.540530 -0.090171 0.015674
0.542828 -0.090164 0.016137
0.542919 -0.089256 0.016637
0.544518 -0.090147 0.016099
0.546027 -0.089469 0.015116
0.547882 -0.091427 0.018117
0.547660 -0.089671 0.015385
0.547611 -0.090585 0.015635
0.548650 -0.088823 0.015635
0.550071 -0.089718 0.017087
0.550058 -0.089717 0.016837
0.554495 -0.091691 0.017852
0.551723 -0.090590 0.015851
0.557059 -0.091724 0.018618
0.555204 -0.090688 0.016618
0.555879 -0.090437 0.015861
0.558259 -0.091313 0.015298
0.562000 -0.091564 0.017297
0.560293 -0.091184 0.016975
0.559330 -0.091120 0.015975
0.559279 -0.091118 0.014975
0.561042 -0.091056 0.014811
0.563819 -0.092153 0.016811
0.563547 -0.090185 0.014123
0.564523 -0.090250 0.015373
0.567872 -0.091196 0.015954
0.570671 -0.091372 0.017453
0.571554 -0.092061 0.017498
0.574351 -0.091314 0.017749
0.575147 -0.091124 0.018442
0.572452 -0.088223 0.015699
0.575565 -0.088180 0.016187
0.576428 -0.087937 0.015057
0.577493 -0.087090 0.017558
0.579253 -0.087806 0.015570
0.579337 -0.086902 0.016572
0.582146 -0.087612 0.017749
0.581136 -0.086629 0.014503
0.584318 -0.086351 0.017107
0.585251 -0.086391 0.017606
0.586127 -0.086417 0.016605
0.588107 -0.086745 0.015922
0.588116 -0.086747 0.016172
0.591199 -0.086402 0.016139
0.591222 -0.085485 0.015893
0.597838 -0.086359 0.018972
0.594113 -0.085302 0.015729
0.601030 -0.086223 0.018761
0.596395 -0.085156 0.015770
0.598631 -0.083908 0.015995
0.603268 -0.084970 0.018987
0.601810 -0.084575 0.017231
0.603147 -0.083286 0.014844
0.608731 -0.084360 0.018583
0.605830 -0.082001 0.015662
0.609529 -0.084857 0.018899
0.605813 -0.081995 0.015162
0.609069 -0.081589 0.017018
0.609065 -0.082509 0.017515
0.610798 -0.082970 0.015115
0.614182 -0.081631 0.015607
0.613222 -0.081600 0.014358
0.619659 -0.081460 0.015972
0.618745 -0.080519 0.015475
0.619666 -0.081462 0.016222
0.625860 -0.082141 0.018330
0.625166 -0.081513 0.015391
0.626147 -0.081549 0.017891
0.627811 -0.080084 0.014370
0.627841 -0.081017 0.016118
0.631564 -0.080625 0.015100
0.631590 -0.081554 0.016849
0.634381 -0.081158 0.014960
0.638097 -0.082157 0.017958
0.641064 -0.081855 0.018390
0.636419 -0.080838 0.014893
0.640084 -0.080560 0.015159
0.641003 -0.081498 0.015907
0.643911 -0.080376 0.015219
0.647536 -0.080243 0.015687
0.650306 -0.082135 0.018685
0.650629 -0.079144 0.015111
0.653389 -0.081042 0.017360
0.656096 -0.081802 0.018364
0.656992 -0.082734 0.018363
0.657223 -0.079968 0.015152
0.658152 -0.079989 0.015652
0.660874 -0.079936 0.015915
0.659937 -0.080836 0.015915
0.662804 -0.080005 0.014450
0.663741 -0.080946 0.016199
0.666447 -0.080213 0.014303
0.667422 -0.079321 0.016804
0.670543 -0.080342 0.016405
0.670551 -0.080345 0.016905
0.675498 -0.082100 0.017994
0.672717 -0.080238 0.015500
0.676088 -0.079202 0.016145
0.677915 -0.080124 0.015642
0.683803 -0.081641 0.018244
0.686557 -0.080737 0.019245
0.686300 -0.079509 0.016882
0.688144 -0.081353 0.018377
0.688384 -0.080400 0.015843
0.688394 -0.080403 0.016593
0.691836 -0.079528 0.016436
0.691831 -0.080445 0.016434
0.697765 -0.081461 0.018121
0.694997 -0.080520 0.015872
0.700277 -0.081644 0.018838
0.696599 -0.080690 0.016837
0.698690 -0.080689 0.015879
0.697767 -0.080679 0.015629
0.704652 -0.082760 0.018196
0.704658 -0.082759 0.018696
0.703054 -0.081112 0.015404
0.702112 -0.081103 0.014403
0.708058 -0.083183 0.016543
0.705301 -0.080412 0.015794
0.709872 -0.082362 0.017814
0.707098 -0.081430 0.016565
0.713770 -0.082358 0.018979
0.709130 -0.081416 0.016230
0.711639 -0.081330 0.015066
0.713524 -0.082260 0.017064
0.712773 -0.082210 0.014625
0.716560 -0.082226 0.018875
0.709055 -0.082197 0.013875
0.711381 -0.081266 0.015179
0.710466 -0.082185 0.015428
0.711139 -0.080407 0.015408
0.711275 -0.079398 0.015406
0.708380 -0.078464 0.012909
0.710385 -0.078476 0.016346
0.712340 -0.079397 0.018593
0.709906 -0.078314 0.015285
0.708876 -0.074621 0.014296
0.711294 -0.072532 0.017235
0.710230 -0.069756 0.015748
0.712118 -0.065651 0.016520
0.710148 -0.063817 0.015282
0.709130 -0.061063 0.015047
0.711262 -0.060976 0.016388
0.710917 -0.056033 0.013372
0.710990 -0.055188 0.015127
0.714151 -0.054481 0.018222
0.713131 -0.053555 0.017231
0.711160 -0.051756 0.016498
0.711067 -0.049020 0.015845
0.711011 -0.047203 0.016357
0.712854 -0.047256 0.017494
0.710431 -0.039816 0.014802
0.710659 -0.034178 0.015366
0.710661 -0.033310 0.016121
0.710361 -0.029617 0.015208
0.712292 -0.026202 0.017303
0.714492 -0.029072 0.020280
0.711299 -0.026178 0.016307
0.713424 -0.024655 0.017560
0.709576 -0.023822 0.016073
0.710066 -0.018814 0.015448
0.709870 -0.015118 0.015462
0.710487 -0.011759 0.015526
0.709516 -0.010879 0.015530
0.711965 -0.007774 0.017559
0.709544 -0.002215 0.016698
0.711580 -0.004106 0.018195
0.709982 0.001300 0.015320
0.709018 0.001308 0.014820
0.712679 0.004903 0.018717
0.711742 0.004892 0.018467
0.710227 0.010420 0.016118
0.709160 0.009660 0.013868
0.710352 0.006728 0.016121
0.711399 0.006878 0.015946
0.709455 0.006923 0.014691
0.710769 0.010327 0.015134
0.710806 0.010291 0.015634
0.712331 0.010631 0.017412
0.710432 0.009748 0.016409
0.708915 0.010799 0.015235
0.711431 0.011915 0.016997
0.707518 0.010225 0.013988
0.710762 0.010852 0.016737
0.706096 0.009051 0.015976
0.708998 0.009495 0.018591
0.705046 0.010014 0.016637
0.704025 0.010999 0.015377
0.702236 0.010066 0.016124
0.699998 0.009687 0.015795
0.700007 0.008757 0.016050
0.697321 0.010759 0.014970
0.696580 0.008861 0.017228
0.691348 0.009988 0.014152
0.690059 0.010670 0.014099
0.689106 0.010701 0.013845
0.685515 0.010534 0.013738
0.683582 0.008746 0.013491
0.681017 0.010438 0.013354
0.679194 0.008632 0.014107
0.682012 0.008074 0.017054
0.674146 0.008403 0.013022
0.671847 0.009607 0.012929
0.675980 0.005712 0.017717
0.667532 0.009199 0.014107
0.666468 0.007398 0.013614
0.669711 0.006062 0.018213
0.667842 0.006141 0.017958
0.665956 0.006633 0.019134
0.657945 0.008846 0.013600
0.660784 0.006338 0.017191
0.654958 0.008442 0.014416
0.656479 0.005858 0.018078
0.659459 0.006644 0.019581
0.653315 0.007080 0.017512
0.646109 0.009268 0.011491
0.645868 0.007626 0.014641
0.642920 0.008686 0.013133
0.643867 0.006735 0.017159
0.638841 0.008811 0.013645
0.639444 0.007739 0.017084
0.634440 0.008892 0.014074
0.634178 0.006676 0.017246
0.634141 0.005758 0.017247
0.625253 0.008731 0.012889
0.630417 0.005725 0.017398
0.620576 0.007781 0.012067
0.621912 0.007709 0.014818
0.617662 0.007364 0.013385
0.617884 0.007344 0.014885
0.618388 0.005135 0.018439
0.615136 0.008044 0.014439
0.614074 0.005657 0.016412
0.615074 0.004699 0.017161
0.607504 0.006432 0.014782
0.610517 0.004480 0.016779
0.607991 0.005916 0.018937
0.602566 0.006119 0.013441
0.606324 0.003915 0.017892
0.606348 0.004834 0.017893
0.600593 0.004866 0.017793
0.596664 0.005904 0.016047
0.592904 0.005824 0.014883
0.595012 0.005753 0.016632
0.597138 0.003706 0.019578
0.590199 0.005749 0.015835
0.586614 0.005837 0.015941
0.585540 0.005875 0.014942
0.581740 0.005260 0.015380
0.578881 0.005344 0.014881
0.582511 0.004496 0.019794
0.573186 0.004810 0.013042
0.578473 0.003563 0.019769
0.570289 0.005682 0.014018
0.572293 0.003613 0.016186
0.569609 0.005537 0.016435
0.568393 0.002663 0.018764
0.564161 0.005578 0.014512
0.562549 0.004741 0.016329
0.561440 0.004784 0.015078
0.558610 0.004955 0.016422
0.558464 0.004964 0.015422
0.559883 0.003214 0.018858
0.554959 0.004332 0.016350
0.555738 0.002772 0.017609
0.552355 0.003823 0.019110
0.549165 0.002243 0.017568
0.549513 0.003151 0.019816
0.541663 0.004394 0.014742
0.543790 0.004285 0.016747
0.542833 0.002995 0.017715
0.538747 0.004125 0.014454
0.538270 0.004736 0.016133
0.541264 0.002744 0.018645
0.535388 0.004719 0.015458
0.539378 0.003585 0.018218
0.530915 0.003978 0.013900
0.531991 0.004843 0.014649
0.528768 0.004904 0.015274
0.528818 0.005824 0.015272
0.527464 0.003041 0.017344
0.525342 0.005922 0.014085
0.526744 0.002026 0.017905
0.520844 0.005107 0.013892
0.522723 0.003039 0.018008
0.519710 0.005045 0.015251
0.516355 0.005353 0.015698
0.515300 0.005416 0.014697
0.515139 0.004488 0.017111
0.514090 0.004550 0.016110
0.511638 0.005565 0.015810
0.511831 0.005551 0.017310
0.508317 0.005630 0.014502
0.509367 0.005566 0.015503
0.506146 0.005842 0.015299
0.507068 0.005787 0.015300
0.507195 0.005664 0.017289
0.506064 0.005736 0.015538
0.506958 0.005690 0.017395
0.508738 0.003751 0.017899
0.507896 0.007496 0.016125
0.506078 0.007828 0.015018
0.507911 0.004956 0.016522
0.507210 0.008670 0.016518
0.505078 0.011918 0.014487
0.506312 0.014583 0.015986
0.507173 0.012041 0.017503
0.506382 0.015765 0.016754
0.508798 0.015967 0.019189
0.503946 0.017207 0.015942
0.504138 0.017948 0.015031
0.506230 0.020571 0.016283
0.503944 0.022507 0.014634
0.505033 0.022404 0.016383
0.503640 0.025147 0.015350
0.504589 0.026963 0.014853
0.507409 0.025934 0.018346
0.502170 0.030719 0.014164
0.503243 0.031548 0.015414
0.503290 0.038003 0.014860
0.506292 0.034949 0.018848
0.503351 0.041973 0.014657
0.506234 0.039909 0.016899
0.507557 0.042987 0.017895
0.504706 0.045988 0.015403
0.504268 0.048744 0.015497
0.506106 0.048665 0.015496
0.505698 0.049781 0.015440
0.509541 0.048556 0.018187
0.508340 0.051979 0.017696
0.505346 0.053211 0.014199
0.506077 0.055259 0.015670
0.505729 0.057785 0.015544
0.506746 0.057676 0.016793
0.506723 0.060087 0.017526
0.506719 0.061032 0.017027
0.510443 0.061463 0.020265
0.505589 0.064680 0.015270
0.508299 0.064951 0.018038
0.506456 0.067862 0.016541
0.509013 0.066790 0.019170
0.507111 0.069759 0.016671
0.505210 0.071568 0.016469
0.505971 0.070690 0.014970
0.506180 0.074153 0.016285
0.506143 0.074182 0.015785
0.506119 0.078359 0.015438
0.507003 0.078336 0.014939
0.506947 0.080990 0.014276
0.507921 0.080886 0.015028
0.507963 0.083208 0.014584
0.507972 0.082231 0.015587
0.510696 0.081777 0.016971
0.511785 0.083499 0.017716
0.513019 0.084027 0.020311
0.507401 0.088426 0.014277
0.507539 0.089284 0.015273
0.507951 0.092150 0.014929
0.506996 0.092253 0.014426
0.508414 0.094640 0.015983
0.511527 0.095103 0.019316
0.513487 0.095792 0.020319
0.507927 0.098329 0.016535
0.508310 0.100917 0.017059
0.508157 0.100065 0.016063
0.507242 0.101081 0.015432
0.509983 0.098847 0.017956
0.508539 0.103357 0.017192
0.508696 0.106190 0.015375
0.507624 0.104431 0.015883
0.512480 0.104418 0.020545
0.507902 0.107904 0.015753
0.509784 0.109471 0.016902
0.513315 0.106173 0.019938
0.512161 0.106967 0.018535
0.508399 0.108458 0.015260
0.511178 0.108511 0.017680
0.515477 0.104201 0.020978
0.517122 0.104243 0.019047
0.518295 0.105913 0.019790
0.513579 0.107587 0.014758
0.514839 0.108555 0.016069
0.518417 0.107127 0.017095
0.518565 0.107884 0.015224
0.520424 0.107609 0.015984
0.521026 0.108372 0.015451
0.522836 0.108121 0.015211
0.525407 0.108234 0.017008
0.528190 0.109152 0.017206
0.528036 0.108259 0.016713
0.529079 0.109029 0.016711
0.532079 0.109081 0.016110
0.533754 0.109241 0.017368
0.535436 0.108050 0.017634
0.537939 0.108796 0.018239
0.539736 0.108527 0.017747
0.542756 0.109160 0.017335
0.546004 0.105830 0.019868
0.544782 0.109946 0.016847
0.547895 0.105694 0.019884
0.544645 0.109034 0.017102
0.549487 0.109234 0.017999
0.550403 0.109078 0.018502
0.555837 0.106338 0.021309
0.553510 0.109549 0.017784
0.557770 0.109605 0.018174
0.561433 0.110909 0.018613
0.561279 0.110020 0.017866
0.563911 0.110141 0.018050
0.564806 0.110023 0.017052
0.569028 0.108131 0.018983
0.565495 0.109647 0.016476
0.569196 0.109725 0.018087
0.568265 0.109891 0.016836
0.574422 0.107823 0.019510
0.574159 0.106005 0.019760
0.577353 0.108077 0.019713
0.571972 0.109853 0.016462
0.577254 0.108756 0.019034
0.578968 0.107547 0.021033
0.577303 0.110161 0.018408
0.578883 0.110368 0.016435
0.582448 0.108892 0.018681
0.578877 0.110374 0.016185
0.582562 0.110489 0.017092
0.583622 0.111248 0.018093
0.586895 0.110225 0.017548
0.585967 0.110369 0.016799
0.592992 0.108032 0.019939
0.589650 0.111354 0.015949
0.596538 0.108186 0.019762
0.597008 0.110610 0.018317
0.599513 0.108388 0.019810
0.600893 0.111644 0.018192
0.605090 0.108239 0.020685
0.604777 0.110820 0.018051
0.603846 0.110981 0.016552
0.610236 0.109791 0.019593
0.606690 0.111282 0.016593
0.609607 0.111394 0.016845
0.609620 0.111373 0.017845
0.613023 0.111551 0.015324
0.613042 0.111516 0.017074
0.615291 0.111751 0.015801
0.616215 0.111591 0.016802
0.622316 0.107495 0.018888
0.620003 0.110663 0.017628
0.623999 0.110452 0.017654
0.627481 0.108650 0.018723
0.625798 0.109858 0.017718
0.628151 0.109997 0.016297
0.628159 0.109985 0.017047
0.632120 0.109862 0.018591
0.633664 0.107744 0.020097
0.634545 0.111341 0.017208
0.636866 0.108146 0.019966
0.637553 0.111437 0.016332
0.638331 0.110365 0.017335
0.642250 0.108246 0.017370
0.641623 0.110209 0.017367
0.644788 0.111174 0.017064
0.646200 0.108135 0.018818
0.651777 0.109701 0.019542
0.650090 0.110921 0.017790
0.653128 0.110957 0.018006
0.654671 0.108842 0.019008
0.654037 0.110822 0.017756
0.658801 0.108689 0.019334
0.656343 0.110961 0.017332
0.663830 0.107365 0.020716
0.659697 0.110833 0.017715
0.663177 0.110796 0.017230
0.663180 0.110786 0.017730
0.667199 0.110706 0.018159
0.670698 0.109197 0.020908
0.671760 0.111300 0.018923
0.673967 0.111403 0.017404
0.678112 0.107938 0.020899
0.674878 0.111273 0.017153
0.681809 0.108917 0.019417
0.677511 0.111489 0.015422
0.681502 0.111218 0.016133
0.686135 0.112011 0.017789
0.687046 0.111897 0.017038
0.691452 0.111930 0.016794
0.691585 0.112843 0.016795
0.696053 0.111716 0.015762
0.697092 0.112461 0.017262
0.703098 0.109358 0.019548
0.702596 0.112247 0.018052
0.708947 0.109037 0.020547
0.706509 0.111291 0.018300
0.714486 0.108773 0.020207
0.710365 0.112181 0.019208
0.713518 0.112559 0.017404
0.715805 0.109378 0.019659
0.713933 0.110224 0.018450
0.710298 0.110815 0.017197
0.712024 0.109624 0.017273
0.711108 0.109780 0.016522
0.713540 0.109096 0.016660
0.712640 0.109233 0.017409
0.713243 0.109529 0.015654
0.713252 0.109522 0.016154
0.714321 0.108643 0.016596
0.713427 0.108779 0.017345
0.713639 0.109605 0.015926
0.717961 0.107027 0.018434
0.714234 0.109612 0.016952
0.717786 0.108101 0.018955
0.713619 0.109809 0.015871
0.712807 0.110883 0.014871
0.711268 0.112987 0.015121
0.715845 0.110396 0.018533
