0.508503 -0.095860 0.016716
0.508316 -0.095808 0.017405
0.508278 -0.095827 0.016905
0.511792 -0.096379 0.019299
0.508040 -0.095943 0.017028
0.508085 -0.095041 0.015643
0.508218 -0.094982 0.017393
0.508741 -0.095930 0.017353
0.508760 -0.095921 0.017603
0.508512 -0.095958 0.017147
0.513218 -0.096822 0.021204
0.508494 -0.096260 0.017688
0.508574 -0.095387 0.016929
0.508457 -0.095609 0.016036
0.511352 -0.095939 0.018794
0.508691 -0.095582 0.016698
0.511566 -0.095923 0.019206
0.512461 -0.096296 0.018955
0.508690 -0.095813 0.016446
0.510656 -0.095309 0.016245
0.511860 -0.095395 0.017534
0.512930 -0.094626 0.018031
0.514120 -0.094794 0.018575
0.514051 -0.094817 0.017575
0.514016 -0.094828 0.017075
0.515352 -0.094049 0.017235
0.517077 -0.093269 0.018964
0.517720 -0.094337 0.017219
0.519157 -0.094447 0.016545
0.519126 -0.094457 0.016045
0.521609 -0.094819 0.016600
0.521716 -0.093930 0.016098
0.522857 -0.094116 0.016135
0.526651 -0.094583 0.019889
0.525910 -0.093550 0.017349
0.527033 -0.092760 0.019101
0.526613 -0.094380 0.016060
0.527764 -0.092715 0.015812
0.529588 -0.094422 0.016195
0.533480 -0.093992 0.019697
0.531349 -0.093300 0.015751
0.539272 -0.094111 0.020894
0.534647 -0.093508 0.017641
0.539090 -0.095027 0.019643
0.537149 -0.093661 0.016918
0.537412 -0.091863 0.016919
0.539814 -0.093720 0.017163
0.540076 -0.091921 0.017164
0.543613 -0.092972 0.018558
0.542509 -0.093768 0.016807
0.545201 -0.092154 0.017561
0.545181 -0.092161 0.017061
0.547339 -0.092936 0.018509
0.548385 -0.092159 0.019011
0.548353 -0.092870 0.017133
0.549403 -0.092090 0.017635
0.550270 -0.093039 0.017129
0.553159 -0.092500 0.018630
0.554142 -0.093257 0.018168
0.555150 -0.092491 0.017669
0.556337 -0.093298 0.016890
0.556417 -0.093269 0.018890
0.562861 -0.094953 0.021586
0.563850 -0.094197 0.020587
0.567115 -0.093658 0.021518
0.560683 -0.092860 0.017516
0.562910 -0.091351 0.017609
0.563804 -0.091473 0.017359
0.567618 -0.093570 0.019190
0.567037 -0.090759 0.018450
0.570481 -0.093000 0.020694
0.571638 -0.092950 0.019525
0.570469 -0.090589 0.016408
0.575117 -0.091127 0.020408
0.572456 -0.090568 0.016664
0.577088 -0.091104 0.020162
0.574994 -0.089612 0.016548
0.579488 -0.091052 0.019044
0.577123 -0.089638 0.016383
0.581650 -0.091062 0.019880
0.579494 -0.088747 0.017092
0.583048 -0.090073 0.018338
0.582720 -0.087872 0.017309
0.582694 -0.087874 0.016559
0.587205 -0.089294 0.019557
0.591443 -0.088240 0.021267
0.584972 -0.087520 0.016266
0.589155 -0.086577 0.017275
0.596253 -0.087612 0.020734
0.591834 -0.085290 0.016738
0.599325 -0.087420 0.019572
0.594840 -0.086004 0.017075
0.602002 -0.086343 0.021382
0.596467 -0.085737 0.017132
0.598890 -0.084761 0.016571
0.603431 -0.086163 0.020817
0.602247 -0.084741 0.016731
0.604589 -0.084680 0.015901
0.604612 -0.084680 0.016651
0.606772 -0.084615 0.015609
0.607727 -0.084708 0.017109
0.611058 -0.083551 0.016847
0.615482 -0.085808 0.019334
0.617939 -0.085369 0.019159
0.613462 -0.083122 0.015175
0.616870 -0.082849 0.016016
0.617784 -0.082930 0.016015
0.620525 -0.082492 0.016325
0.625906 -0.084785 0.020308
0.628609 -0.084079 0.019809
0.622315 -0.081716 0.016327
0.626048 -0.082254 0.016868
0.624200 -0.082103 0.016119
0.633175 -0.084074 0.020373
0.627721 -0.082730 0.017382
0.635071 -0.083892 0.020356
0.631495 -0.081786 0.016869
0.639561 -0.083820 0.020431
0.640552 -0.082979 0.021436
0.638544 -0.081515 0.016197
0.638633 -0.080600 0.017202
0.643570 -0.080438 0.018008
0.641653 -0.081215 0.017004
0.646348 -0.081153 0.018212
0.644481 -0.081015 0.016212
0.647984 -0.081819 0.016427
0.647062 -0.081749 0.016177
0.657488 -0.083780 0.021415
0.653728 -0.081340 0.016578
0.651873 -0.081194 0.015577
0.656301 -0.084276 0.020325
0.655450 -0.083040 0.017145
0.654513 -0.082970 0.016145
0.661437 -0.086018 0.020111
0.657817 -0.084822 0.017108
0.665064 -0.086085 0.020228
0.665985 -0.086152 0.021228
0.663976 -0.086765 0.016644
0.663045 -0.086692 0.015893
0.665785 -0.086905 0.016690
0.666809 -0.086063 0.017688
0.668275 -0.087932 0.017379
0.672694 -0.090152 0.019886
0.671391 -0.088144 0.016035
0.670538 -0.087160 0.014782
0.674195 -0.087823 0.016185
0.673442 -0.085913 0.015430
0.676716 -0.085522 0.014714
0.677743 -0.084680 0.015713
0.680695 -0.085016 0.017215
0.685226 -0.086308 0.020717
0.680869 -0.083186 0.017463
0.688477 -0.084616 0.019971
0.684014 -0.082408 0.016220
0.691233 -0.083795 0.019434
0.694984 -0.083805 0.021743
0.689568 -0.081564 0.016249
0.692206 -0.081549 0.016823
0.692196 -0.081549 0.016323
0.695910 -0.081792 0.017080
0.699553 -0.082949 0.020073
0.696592 -0.080774 0.015573
0.702122 -0.082037 0.021063
0.699604 -0.080682 0.015879
0.704198 -0.081868 0.019369
0.702342 -0.081472 0.015701
0.707878 -0.082683 0.020940
0.705392 -0.081334 0.015077
0.710992 -0.081613 0.020821
0.706924 -0.081273 0.014783
0.706924 -0.081273 0.014783
0.716514 -0.081342 0.020954
0.709116 -0.080122 0.015719
0.712654 -0.080941 0.016076
0.717292 -0.082028 0.020313
0.712666 -0.079796 0.016596
0.716413 -0.080843 0.020833
0.712849 -0.075582 0.016445
0.716569 -0.077553 0.019677
0.712586 -0.072177 0.015659
0.714432 -0.073160 0.016401
0.712092 -0.067686 0.015203
0.711135 -0.066710 0.013960
0.717880 -0.067331 0.018260
0.715176 -0.064525 0.018283
0.716989 -0.062974 0.018479
0.710386 -0.059075 0.014518
0.712049 -0.056928 0.015886
0.712068 -0.056015 0.016143
0.715682 -0.055424 0.016985
0.717630 -0.056434 0.019223
0.711881 -0.054408 0.015000
0.710903 -0.052384 0.015144
0.716733 -0.053519 0.020375
0.711241 -0.050338 0.013982
0.711951 -0.047368 0.015672
0.711952 -0.046445 0.015678
0.712925 -0.046478 0.016426
0.715281 -0.044501 0.018457
0.712456 -0.042612 0.017470
0.711790 -0.038595 0.017318
0.711749 -0.036635 0.016735
0.711664 -0.035655 0.015488
0.713726 -0.037656 0.018730
0.711811 -0.033174 0.017222
0.715673 -0.034253 0.019969
0.710481 -0.030749 0.014500
0.715438 -0.031956 0.019500
0.711422 -0.029348 0.016396
0.713447 -0.029490 0.018898
0.710845 -0.026227 0.015765
0.714776 -0.028322 0.019772
0.710193 -0.024600 0.014476
0.714849 -0.024682 0.020434
0.710941 -0.024429 0.017176
0.710020 -0.024396 0.017175
0.710418 -0.022069 0.016728
0.716286 -0.022229 0.020804
0.709717 -0.019013 0.016766
0.710664 -0.018132 0.016513
0.710174 -0.015826 0.017651
0.710164 -0.013929 0.016137
0.714189 -0.012941 0.019249
0.709420 -0.010630 0.015217
0.709865 -0.007317 0.015740
0.708874 -0.006246 0.013977
0.709296 -0.003644 0.014347
0.714011 -0.006988 0.019145
0.708814 -0.001630 0.015489
0.709753 -0.001727 0.015742
0.710488 0.001846 0.017586
0.710378 0.000944 0.017346
0.709756 0.004769 0.015999
0.714491 0.003209 0.019531
0.714378 0.002311 0.019292
0.714942 0.005539 0.021984
0.710221 0.009078 0.015676
0.710424 0.009217 0.017638
0.710171 0.008555 0.017033
0.709799 0.005832 0.016821
0.709115 0.008141 0.016937
0.713842 0.006482 0.020970
0.712633 0.004822 0.020242
0.706497 0.006494 0.015768
0.710063 0.003166 0.019571
0.706065 0.006903 0.016420
0.702948 0.005510 0.015184
0.706376 0.005425 0.019109
0.706220 0.004524 0.018870
0.703634 0.004329 0.020025
0.696702 0.005375 0.014253
0.695793 0.007324 0.015711
0.693716 0.005777 0.015974
0.695815 0.004264 0.019395
0.690953 0.005904 0.015126
0.693859 0.003081 0.019739
0.689325 0.006516 0.015960
0.687446 0.005941 0.017413
0.685261 0.005322 0.015415
0.682052 0.005730 0.016185
0.681168 0.005865 0.016434
0.676864 0.005539 0.014819
0.677106 0.005530 0.016819
0.672402 0.004986 0.015599
0.676991 0.002477 0.018112
0.668948 0.005689 0.014852
0.674669 0.003047 0.019113
0.667695 0.005226 0.016881
0.672194 0.002735 0.018641
0.662942 0.005801 0.014325
0.667555 0.002405 0.017833
0.664477 0.002671 0.019276
0.657787 0.006310 0.014020
0.655912 0.005288 0.015214
0.656043 0.005284 0.016215
0.653427 0.005410 0.016067
0.652242 0.005541 0.014067
0.649484 0.006406 0.013501
0.645824 0.006289 0.013511
0.650657 0.002954 0.018003
0.644799 0.006410 0.012761
0.646564 0.002935 0.017217
0.642898 0.006134 0.014728
0.639128 0.007033 0.014313
0.637173 0.006337 0.014311
0.634974 0.006425 0.014810
0.634123 0.006532 0.015311
0.629925 0.006785 0.013627
0.635815 0.005187 0.017123
0.627492 0.005054 0.015547
0.633321 0.003467 0.018795
0.623094 0.006099 0.014407
0.629949 0.004384 0.018405
0.619080 0.005444 0.013043
0.620249 0.005323 0.014793
0.618870 0.005390 0.014862
0.624899 0.003768 0.019866
0.615323 0.005572 0.015103
0.621191 0.003033 0.019860
0.611965 0.005614 0.014693
0.617614 0.002153 0.018704
0.613220 0.003320 0.017868
0.617020 0.001032 0.021126
0.607986 0.004187 0.016117
0.611493 0.000965 0.017877
0.602279 0.004369 0.013528
0.607105 0.001926 0.017288
0.604014 0.001759 0.018566
0.605114 0.001643 0.020068
0.595437 0.004085 0.014011
0.600261 0.001643 0.017769
0.593379 0.004015 0.015346
0.593152 0.003099 0.014597
0.599098 0.001455 0.019103
0.595819 0.001332 0.020326
0.589917 0.002970 0.016072
0.585822 0.003059 0.016139
0.582423 0.003894 0.015584
0.588368 0.002244 0.020089
0.578957 0.003870 0.014213
0.585981 0.002095 0.019968
0.575421 0.003990 0.014016
0.576481 0.002953 0.016017
0.570304 0.004303 0.013614
0.576313 0.001735 0.019369
0.568124 0.004183 0.016072
0.566966 0.004311 0.014321
0.563865 0.004762 0.015472
0.564753 0.003721 0.016224
0.564650 0.003720 0.015474
0.560814 0.003239 0.015284
0.561798 0.003107 0.015785
0.562488 0.002880 0.018526
0.552719 0.003545 0.014022
0.557951 0.001990 0.020033
0.553979 0.003418 0.016524
0.548510 0.003536 0.015840
0.544981 0.003441 0.016273
0.550688 0.001740 0.019034
0.541480 0.003432 0.016089
0.543512 0.004076 0.016590
0.543515 0.003170 0.017591
0.539626 0.004649 0.016336
0.543481 0.002321 0.019838
0.536023 0.004453 0.015704
0.540702 0.002002 0.018454
0.532180 0.003229 0.015061
0.534308 0.003891 0.016313
0.527700 0.004191 0.012530
0.528952 0.004980 0.014032
0.524511 0.005117 0.013973
0.521131 0.004279 0.013350
0.528126 0.002522 0.018597
0.519646 0.005054 0.015018
0.519443 0.005059 0.013518
0.523205 0.002746 0.016013
0.518597 0.004984 0.017746
0.521287 0.002809 0.019242
0.515944 0.003908 0.016892
0.515051 0.004940 0.016144
0.516519 0.002580 0.019282
0.511778 0.004997 0.016037
0.513019 0.002681 0.018486
0.509025 0.004983 0.013989
0.508058 0.004778 0.016192
0.508115 0.005690 0.015693
0.506381 0.004841 0.014330
0.505527 0.004963 0.014830
0.508361 0.004563 0.016409
0.512217 0.003171 0.019410
0.507377 0.005524 0.016843
0.509309 0.005276 0.017844
0.512224 0.002948 0.019819
0.506467 0.005500 0.014566
0.509035 0.006249 0.016955
0.511645 0.003160 0.019710
0.509522 0.005190 0.017897
0.511257 0.004030 0.018399
0.512450 0.004814 0.020148
0.509174 0.008856 0.018113
0.507054 0.010908 0.016381
0.510608 0.008584 0.018132
0.507307 0.015532 0.016092
0.513055 0.013830 0.020841
0.506453 0.018802 0.014742
0.509812 0.021108 0.017746
0.510900 0.024339 0.018256
0.513343 0.020303 0.020497
0.509949 0.027140 0.017238
0.510941 0.026991 0.018238
0.509933 0.029888 0.016293
0.512727 0.028554 0.018540
0.515375 0.030988 0.022400
0.513651 0.033095 0.020404
0.509484 0.039397 0.016157
0.512618 0.039792 0.019906
0.511424 0.042990 0.018028
0.510551 0.044065 0.017030
0.510126 0.046207 0.018233
0.515710 0.044443 0.021728
0.508753 0.048626 0.017319
0.513577 0.047861 0.021066
0.508634 0.051414 0.015404
0.514396 0.049514 0.021154
0.509660 0.053549 0.018527
0.513385 0.052014 0.021530
0.508507 0.057179 0.015393
0.511306 0.055769 0.017897
0.508581 0.060340 0.016675
0.513178 0.057678 0.020934
0.509571 0.059170 0.019428
0.511290 0.060375 0.019366
0.509401 0.060687 0.018363
0.509274 0.063067 0.017316
0.512978 0.061478 0.020329
0.510077 0.064247 0.018310
0.508843 0.066847 0.017403
0.511499 0.064472 0.020674
0.508916 0.066807 0.018404
0.511401 0.067037 0.020272
0.507749 0.068636 0.017754
0.509609 0.070540 0.019948
0.508383 0.072301 0.019441
0.509427 0.073052 0.019187
0.512900 0.070517 0.021967
0.510224 0.075137 0.018171
0.510268 0.077542 0.018751
0.513737 0.074951 0.022037
0.514690 0.076868 0.022529
0.508665 0.080930 0.018467
0.510753 0.083817 0.019003
0.509030 0.085142 0.017482
0.514058 0.082563 0.021309
0.514799 0.086136 0.021263
0.511762 0.087487 0.019888
0.508625 0.091016 0.018082
0.509034 0.094422 0.017743
0.508769 0.093567 0.016753
0.508899 0.096506 0.017387
0.512080 0.092908 0.020191
0.512356 0.096514 0.019991
0.507921 0.099533 0.014945
0.508965 0.101258 0.017468
0.514000 0.097195 0.021523
0.508329 0.104958 0.016578
0.509522 0.105590 0.017823
0.509491 0.107552 0.017269
0.510164 0.106457 0.017033
0.509822 0.107299 0.018172
0.515939 0.103861 0.022718
0.510032 0.107085 0.016044
0.510766 0.105944 0.016808
0.512615 0.107441 0.017319
0.517851 0.104168 0.022864
0.512894 0.107643 0.014385
0.520969 0.103600 0.023190
0.516258 0.105955 0.016761
0.522066 0.101583 0.021820
0.520686 0.104671 0.018816
0.525901 0.102337 0.021599
0.521991 0.105969 0.016217
0.527929 0.102454 0.020767
0.526219 0.106478 0.014834
0.528387 0.106822 0.018330
0.529383 0.106384 0.017101
0.534329 0.103097 0.020646
0.535776 0.107187 0.018824
0.538386 0.102640 0.021382
0.538067 0.107035 0.019877
0.537982 0.107067 0.017126
0.542602 0.106430 0.019960
0.544884 0.107965 0.019411
0.544603 0.107094 0.018420
0.550915 0.103806 0.022412
0.548061 0.107498 0.018379
0.551463 0.107918 0.018565
0.550572 0.108176 0.018313
0.554119 0.108499 0.018704
0.557844 0.104553 0.022480
0.557432 0.108722 0.019883
0.562034 0.104531 0.024155
0.560772 0.108667 0.019940
0.565358 0.104494 0.022708
0.563172 0.108778 0.019471
0.567771 0.104600 0.022486
0.566871 0.108905 0.019343
0.565989 0.109151 0.019593
0.569175 0.108311 0.020808
0.571860 0.108557 0.017547
0.577637 0.104986 0.022553
0.571860 0.108557 0.017547
0.574651 0.109638 0.017708
0.577589 0.109981 0.017218
0.579160 0.108558 0.019470
0.580842 0.108933 0.017643
0.587511 0.105120 0.023145
0.584436 0.108875 0.017876
0.586243 0.108357 0.019626
0.588935 0.108555 0.017744
0.594709 0.105015 0.022490
0.588042 0.108799 0.017744
0.596873 0.105345 0.022809
0.592882 0.108388 0.018562
0.594651 0.107948 0.019204
0.598436 0.106837 0.018604
0.597773 0.107986 0.017606
0.599482 0.107433 0.018508
0.605268 0.103924 0.022504
0.606427 0.104368 0.021856
0.602662 0.108273 0.018861
0.607079 0.103238 0.022355
0.604364 0.107689 0.017235
0.612121 0.104362 0.021140
0.607196 0.107630 0.017145
0.615012 0.104537 0.022372
0.611231 0.108452 0.018376
0.618953 0.105202 0.022018
0.614729 0.107306 0.020270
0.617569 0.107504 0.020339
0.616660 0.107761 0.019089
0.621364 0.107400 0.019540
0.626882 0.103012 0.024292
0.622371 0.108028 0.017633
0.625822 0.106834 0.017868
0.628920 0.107802 0.017569
0.633547 0.103614 0.022079
0.627778 0.107160 0.017570
0.634486 0.103242 0.020431
0.630751 0.107178 0.017422
0.635399 0.106591 0.018120
0.638228 0.102914 0.020378
0.642072 0.102446 0.020887
0.638596 0.107266 0.017628
0.642256 0.107110 0.018590
0.645961 0.103179 0.021597
0.646050 0.106939 0.017684
0.649001 0.107036 0.017855
0.650783 0.106520 0.018606
0.654128 0.106725 0.017778
0.657765 0.106706 0.018412
0.657761 0.106711 0.017411
0.665617 0.103300 0.021202
0.662628 0.106131 0.018689
0.664613 0.106429 0.017509
0.665228 0.105272 0.019015
0.668818 0.106201 0.018258
0.669700 0.105928 0.018009
0.673954 0.105453 0.018742
0.674231 0.106337 0.017736
0.678360 0.107016 0.018061
0.677812 0.105254 0.017820
0.684577 0.103101 0.021630
0.683587 0.106404 0.018024
0.688309 0.102993 0.020287
0.687034 0.106290 0.019183
0.686150 0.106580 0.016932
0.690865 0.103158 0.021944
0.690763 0.106238 0.018204
0.693177 0.101619 0.020969
0.695994 0.102752 0.020033
0.692691 0.107659 0.017518
0.698364 0.102086 0.021738
0.695338 0.107888 0.016471
0.699174 0.106434 0.019403
0.697686 0.107878 0.018149
0.701072 0.106873 0.018713
0.701070 0.106875 0.018463
0.704406 0.106805 0.019337
0.703525 0.107084 0.019087
0.705873 0.106282 0.018853
0.709730 0.103133 0.021358
0.710488 0.104765 0.020455
0.711093 0.103614 0.020456
0.713150 0.102804 0.020634
0.715182 0.103133 0.021634
0.712668 0.107516 0.019554
0.714245 0.103169 0.021557
0.713838 0.108221 0.017333
0.713851 0.108210 0.018083
0.716184 0.107208 0.017789
0.718948 0.103440 0.021790
0.720800 0.102765 0.020901
0.717182 0.106783 0.018901
0.719027 0.106953 0.019857
0.718123 0.107240 0.018857
0.719899 0.107289 0.019843
0.716923 0.107252 0.017843
0.716056 0.107517 0.018343
0.718194 0.104335 0.019017
0.716079 0.106913 0.018768
0.716363 0.106519 0.018721
0.715449 0.106800 0.017971
0.715614 0.107988 0.019931
0.719966 0.103270 0.023007
0.715269 0.107580 0.018260
0.716006 0.108491 0.018328
0.720721 0.104170 0.023324
0.717059 0.106734 0.020388
