0.516377 -0.074507 0.022847
0.516328 -0.074684 0.021328
0.516702 -0.072908 0.020832
0.516741 -0.072918 0.020086
0.516712 -0.072775 0.021587
0.516696 -0.072799 0.021588
0.518546 -0.073126 0.022092
0.516735 -0.072782 0.021844
0.516724 -0.072629 0.023096
0.518523 -0.072925 0.023844
0.518499 -0.072946 0.023345
0.520319 -0.073338 0.023093
0.518523 -0.072920 0.024115
0.518580 -0.073182 0.021365
0.522550 -0.072050 0.021595
0.522186 -0.073873 0.021591
0.522487 -0.072005 0.022333
0.522556 -0.072095 0.021846
0.524315 -0.072250 0.024094
0.524429 -0.072477 0.020855
0.526199 -0.072680 0.022604
0.527928 -0.072856 0.024602
0.529833 -0.073510 0.021599
0.531571 -0.073779 0.022827
0.533404 -0.074197 0.022582
0.533319 -0.073957 0.025083
0.537324 -0.072979 0.023810
0.540892 -0.073571 0.025305
0.543165 -0.072288 0.023564
0.542727 -0.073940 0.025311
0.545073 -0.072857 0.021567
0.546334 -0.074638 0.025813
0.546796 -0.073057 0.023311
0.548612 -0.073426 0.023308
0.554449 -0.072665 0.023575
0.554086 -0.074485 0.023571
0.558179 -0.073544 0.022319
0.558052 -0.073329 0.024570
0.559816 -0.073738 0.024315
0.561423 -0.073770 0.027814
0.563792 -0.072640 0.024535
0.565450 -0.072771 0.027033
0.567310 -0.073111 0.027317
0.571431 -0.072225 0.025315
0.572720 -0.074230 0.027055
0.573221 -0.072605 0.025058
0.575058 -0.072916 0.025302
0.576727 -0.073095 0.027300
0.578614 -0.073602 0.026050
0.580295 -0.073803 0.027798
0.583840 -0.074399 0.029032
0.582108 -0.074127 0.028035
0.587679 -0.075524 0.025515
0.586244 -0.073359 0.025271
0.589979 -0.074121 0.025034
0.590001 -0.074145 0.024784
0.595373 -0.075174 0.025795
0.601038 -0.074369 0.026506
0.601223 -0.074451 0.025275
0.602994 -0.074774 0.025773
0.602866 -0.074754 0.026771
0.605068 -0.073332 0.026523
0.608476 -0.073827 0.028784
0.610213 -0.074125 0.029532
0.610299 -0.074111 0.029541
0.612086 -0.074458 0.029789
0.614013 -0.075028 0.027772
0.614373 -0.073213 0.027776
0.616162 -0.073574 0.028257
0.617923 -0.073897 0.028755
0.621321 -0.074453 0.030478
0.621464 -0.074575 0.029228
0.621829 -0.074887 0.025993
0.623866 -0.073321 0.027244
0.623507 -0.075119 0.027245
0.635120 -0.073697 0.027488
0.636792 -0.073956 0.028460
0.637080 -0.074173 0.026210
0.644490 -0.073691 0.028488
0.644275 -0.073493 0.030256
0.646299 -0.074011 0.028753
0.648307 -0.072449 0.030005
0.654028 -0.073772 0.027962
0.652310 -0.073470 0.027214
0.657323 -0.074270 0.029950
0.660428 -0.074683 0.033960
0.662855 -0.073358 0.032479
0.664559 -0.073658 0.033227
0.668542 -0.074649 0.030712
0.670604 -0.075169 0.029209
0.672366 -0.073503 0.031694
0.672567 -0.073624 0.030443
0.681151 -0.075118 0.033957
0.680083 -0.075185 0.029458
0.681546 -0.075349 0.031714
0.685518 -0.074249 0.031965
0.686864 -0.074355 0.034713
0.689213 -0.075023 0.031710
0.691308 -0.073642 0.031932
0.690950 -0.075454 0.031929
0.695230 -0.074469 0.030690
0.696877 -0.074747 0.031688
0.698640 -0.075048 0.031936
0.698842 -0.075160 0.030951
0.700612 -0.073503 0.033204
0.704535 -0.074451 0.031943
0.708185 -0.075161 0.031654
0.709844 -0.075450 0.032680
0.716097 -0.074959 0.030676
0.716101 -0.074924 0.030682
0.717483 -0.075080 0.032930
0.717918 -0.075315 0.030939
0.719500 -0.075568 0.032187
0.719347 -0.075495 0.032938
0.719235 -0.075480 0.033153
0.721251 -0.075914 0.032691
0.719827 -0.073749 0.032447
0.719771 -0.073690 0.032409
0.720449 -0.062585 0.030683
0.720078 -0.064379 0.030704
0.720183 -0.062455 0.031958
0.720679 -0.060840 0.031190
0.720988 -0.059004 0.031444
0.719477 -0.052813 0.035478
0.719334 -0.049180 0.030736
0.718416 -0.048832 0.035233
0.719336 -0.047225 0.032485
0.718115 -0.045052 0.031249
0.718122 -0.043118 0.033004
0.716501 -0.041005 0.033491
0.717475 -0.037467 0.032248
0.717120 -0.035431 0.035745
0.717183 -0.029874 0.031757
0.717370 -0.028027 0.032777
0.718205 -0.022536 0.034038
0.718711 -0.020727 0.033541
0.719182 -0.018949 0.032790
0.717674 -0.014875 0.034800
0.717672 -0.014887 0.034788
0.719898 -0.005930 0.032805
0.719558 -0.007769 0.032820
0.720556 -0.000467 0.035084
0.720369 0.005250 0.032335
0.720223 0.007117 0.034840
0.720724 0.016469 0.032618
0.718854 0.018668 0.034625
0.719015 0.018703 0.033639
0.722143 0.021925 0.030893
0.721614 0.021987 0.033635
0.721981 0.023794 0.033639
0.720327 0.025911 0.034093
0.720541 0.027720 0.034846
0.720993 0.027716 0.032864
0.720275 0.027732 0.036365
0.720423 0.027795 0.035908
0.720005 0.025993 0.036155
0.720025 0.025981 0.036161
0.714339 0.025264 0.035415
0.709196 0.026298 0.033397
0.705403 0.027030 0.034151
0.697974 0.026662 0.032892
0.690306 0.026309 0.032890
0.692038 0.025948 0.033387
0.686071 0.025242 0.034168
0.686524 0.027042 0.033672
0.684495 0.025631 0.033167
0.680635 0.026344 0.034433
0.678944 0.026704 0.033685
0.674944 0.025628 0.033686
0.673766 0.027823 0.031679
0.675138 0.025656 0.032173
0.668004 0.027082 0.031160
0.665855 0.025621 0.031176
0.665237 0.025646 0.035177
0.663764 0.026031 0.033182
0.660547 0.026743 0.030436
0.660475 0.026815 0.030414
0.658361 0.027189 0.032417
0.656260 0.025617 0.032185
0.654410 0.025982 0.032437
0.652582 0.024569 0.030175
0.650884 0.026750 0.031931
0.645422 0.027832 0.032196
0.645660 0.027824 0.030446
0.643927 0.028215 0.029967
0.641646 0.026776 0.030716
0.641590 0.026754 0.030714
0.639940 0.027112 0.029466
0.632020 0.026812 0.031974
0.632384 0.028615 0.031978
0.630844 0.029001 0.029453
0.628638 0.027506 0.029960
0.626922 0.027842 0.029211
0.622930 0.026763 0.029212
0.621161 0.027128 0.028705
0.621233 0.027147 0.028751
0.619447 0.027510 0.028503
0.615712 0.028243 0.029508
0.610133 0.027518 0.027251
0.611947 0.027153 0.027248
0.606062 0.026435 0.027499
0.605522 0.026496 0.032737
0.600055 0.025764 0.029490
0.598427 0.026167 0.027486
0.594736 0.026899 0.028241
0.594777 0.026867 0.028245
0.591244 0.027590 0.027250
0.587233 0.026451 0.026730
0.585422 0.026816 0.026733
0.580024 0.027864 0.026498
0.577886 0.026416 0.025996
0.577763 0.026479 0.027504
0.577744 0.026480 0.027754
0.575988 0.026789 0.027252
0.572075 0.025703 0.026253
0.570163 0.026077 0.028014
0.568443 0.026524 0.026765
0.566553 0.026895 0.028018
0.562794 0.025767 0.024519
0.559026 0.026511 0.027024
0.556989 0.025007 0.024252
0.557242 0.026830 0.026255
0.551569 0.026065 0.024278
0.549489 0.024603 0.022277
0.547498 0.025071 0.025019
0.543878 0.025799 0.025024
0.545719 0.025443 0.026042
0.538188 0.025079 0.024297
0.532771 0.026174 0.022807
0.530942 0.026542 0.023309
0.529093 0.026892 0.023788
0.526910 0.025446 0.024037
0.527275 0.027258 0.024040
0.521495 0.026502 0.024567
0.523292 0.026141 0.025065
0.517864 0.027333 0.024320
0.516036 0.027651 0.024309
0.516041 0.027610 0.024297
0.516055 0.027607 0.023547
0.516098 0.027648 0.023579
0.516070 0.027654 0.025079
0.516033 0.027634 0.024313
0.516001 0.027642 0.026063
0.516405 0.029406 0.025811
0.516794 0.031244 0.023561
0.516772 0.031237 0.024310
0.516749 0.031238 0.025560
0.517234 0.033109 0.022841
0.517580 0.034920 0.023845
0.517879 0.036649 0.024093
0.516036 0.037006 0.025845
0.516340 0.038796 0.029099
0.516839 0.040653 0.023842
0.517886 0.046117 0.023602
0.516400 0.048277 0.027625
0.516840 0.050146 0.023629
0.517255 0.051888 0.023895
0.517245 0.051879 0.024395
0.516183 0.055887 0.023405
0.516504 0.057747 0.021616
0.516766 0.059494 0.025859
0.515688 0.063476 0.025869
0.516139 0.065360 0.023151
0.516803 0.068874 0.026658
0.515032 0.069201 0.025906
0.515810 0.072920 0.023163
0.515720 0.072833 0.025902
0.516454 0.076463 0.025659
0.516084 0.074703 0.025910
0.515023 0.078729 0.024919
0.515132 0.078824 0.022454
0.515796 0.082288 0.026211
0.516146 0.084181 0.024193
0.515139 0.088231 0.022964
0.514368 0.093991 0.023957
0.515055 0.097496 0.026232
0.515094 0.097628 0.023982
0.516832 0.097161 0.025185
0.515776 0.101229 0.023945
0.515053 0.107006 0.024458
0.515825 0.110570 0.025750
0.514427 0.112802 0.025029
0.514805 0.114672 0.024283
0.515101 0.116321 0.026006
0.514044 0.120412 0.024766
0.514441 0.122271 0.024543
0.513344 0.126322 0.023781
0.515152 0.125936 0.024029
0.515404 0.127356 0.028778
0.515503 0.127777 0.023256
0.515472 0.127627 0.025006
0.515419 0.127369 0.028005
0.515454 0.127442 0.028041
0.515534 0.127828 0.023541
0.517289 0.127226 0.026027
0.517304 0.127290 0.025277
0.521293 0.128265 0.026537
0.521333 0.128417 0.024787
0.524876 0.127551 0.026785
0.527050 0.129001 0.026786
0.528903 0.128735 0.025025
0.530572 0.127982 0.029522
0.532505 0.127964 0.026012
0.532566 0.128117 0.023765
0.537959 0.126918 0.025008
0.538336 0.128757 0.024761
0.541896 0.127886 0.027020
0.543694 0.127501 0.027268
0.547738 0.128739 0.025505
0.551296 0.127805 0.027252
0.553118 0.127464 0.027000
0.555289 0.128961 0.026750
0.557480 0.130435 0.026502
0.557480 0.130467 0.026506
0.559262 0.130060 0.027004
0.561183 0.129808 0.026019
0.562965 0.129401 0.026517
0.564687 0.128837 0.027751
0.566908 0.130462 0.026502
0.568607 0.129909 0.028251
0.570346 0.129469 0.029248
0.574156 0.128987 0.026494
0.579724 0.129507 0.029211
0.579788 0.129499 0.029247
0.583754 0.130568 0.029496
0.585750 0.130358 0.027513
0.591040 0.129190 0.028736
0.594963 0.130216 0.029485
0.594547 0.128381 0.029453
0.600346 0.129113 0.029449
0.600610 0.129351 0.026706
0.604068 0.128477 0.028451
0.605824 0.128028 0.029460
0.608006 0.129482 0.029461
0.607863 0.129431 0.030443
0.612012 0.130657 0.028942
0.613035 0.128124 0.033206
0.615058 0.127939 0.031204
0.615058 0.127906 0.031199
0.622956 0.128498 0.028967
0.624566 0.127987 0.030715
0.626269 0.127557 0.031195
0.628020 0.127156 0.031693
0.630190 0.128572 0.031652
0.632125 0.128301 0.030650
0.635673 0.127643 0.030898
0.637712 0.127435 0.029145
0.640061 0.128896 0.028675
0.643732 0.128200 0.028420
0.643706 0.128256 0.028434
0.648771 0.128515 0.033930
0.649186 0.128772 0.030649
0.652748 0.128012 0.031144
0.652797 0.128020 0.030901
0.656175 0.127153 0.032646
0.656926 0.129175 0.030439
0.658670 0.128773 0.030937
0.663785 0.127460 0.033435
0.667532 0.126810 0.032681
0.669532 0.128229 0.033399
0.673364 0.127583 0.032148
0.673617 0.129330 0.032901
0.675581 0.129076 0.032179
0.678928 0.128209 0.033925
0.680875 0.127931 0.033164
0.681554 0.129849 0.031117
0.682908 0.129249 0.033864
0.686769 0.128667 0.032890
0.685035 0.129067 0.032392
0.692489 0.129326 0.033382
0.692534 0.129348 0.033132
0.695950 0.128526 0.034377
0.699648 0.129497 0.035836
0.700051 0.129692 0.034143
0.703556 0.127276 0.032885
0.705538 0.128661 0.033883
0.703904 0.129104 0.032885
0.707402 0.128327 0.033621
0.710660 0.127442 0.035616
0.710658 0.127393 0.035605
0.712777 0.127167 0.034102
0.713392 0.129123 0.033151
0.716846 0.128324 0.034146
0.717025 0.128425 0.032845
0.718286 0.127761 0.035865
0.722246 0.128846 0.036395
0.721935 0.128714 0.037895
0.722270 0.128899 0.035864
0.724981 0.128916 0.031611
0.724843 0.130534 0.033832
0.726778 0.130223 0.033330
0.725590 0.128057 0.037599
0.724314 0.130230 0.036559
0.725045 0.130542 0.033059
0.724626 0.130455 0.035107
0.724730 0.130500 0.034607
0.724248 0.128642 0.035103
0.723415 0.128289 0.039093
0.724309 0.128668 0.034877
0.722792 0.129155 0.033380
0.721947 0.127068 0.035880
0.720532 0.127597 0.033883
0.718449 0.127876 0.035136
0.714300 0.128367 0.037640
0.715100 0.128718 0.033640
0.714557 0.128438 0.036379
0.712392 0.127025 0.036111
0.711110 0.127619 0.033363
0.708816 0.127772 0.035617
0.705364 0.128570 0.034622
0.702315 0.126727 0.039121
0.696100 0.128654 0.033363
0.697663 0.128167 0.034592
0.694099 0.127283 0.032094
0.692237 0.127635 0.032623
0.690194 0.127883 0.033875
0.688832 0.128458 0.031104
0.688657 0.128371 0.032104
0.687889 0.126354 0.034650
0.686793 0.128695 0.032656
0.684130 0.127001 0.035131
0.682866 0.127638 0.031883
0.679113 0.128314 0.032644
0.678487 0.127987 0.036394
0.676186 0.126500 0.037154
0.672766 0.127319 0.035909
0.669855 0.128391 0.031389
0.664183 0.127713 0.030405
0.664236 0.127798 0.029917
0.660189 0.128260 0.032915
0.656479 0.127336 0.030916
0.656187 0.127164 0.032916
0.648713 0.126853 0.031682
0.648688 0.126923 0.031413
0.646908 0.127302 0.031166
0.640896 0.126398 0.032918
0.639607 0.127099 0.028921
0.636995 0.125324 0.032432
0.633843 0.126359 0.028687
0.632046 0.126765 0.028687
0.628353 0.127441 0.029192
0.626234 0.127562 0.031445
0.624452 0.127942 0.031198
0.624087 0.126170 0.031185
0.620664 0.127037 0.029440
0.622737 0.128375 0.030706
0.617263 0.127900 0.027710
0.617255 0.127889 0.027693
0.612987 0.126580 0.030194
0.614793 0.126232 0.030205
0.614820 0.126254 0.029955
0.611703 0.128924 0.027639
0.611771 0.128919 0.027705
0.611613 0.128788 0.029205
0.611164 0.126910 0.029951
0.611222 0.126975 0.029984
0.609565 0.127463 0.028487
0.609358 0.127291 0.029938
0.609693 0.127570 0.026688
0.609355 0.127308 0.030191
0.609322 0.127251 0.030453
0.607740 0.127805 0.028206
0.607715 0.127783 0.028456
0.605912 0.128106 0.028698
0.605937 0.128128 0.028448
0.605954 0.128177 0.027958
0.605780 0.128025 0.029707
0.605243 0.127537 0.034948
0.605578 0.127876 0.031455
0.603324 0.127799 0.036212
0.601380 0.129511 0.041713
0.599946 0.130202 0.037966
0.599842 0.130125 0.038166
0.599986 0.128679 0.033201
0.600342 0.129007 0.029451
0.598812 0.129631 0.026454
0.598817 0.129737 0.026451
0.600181 0.128960 0.031198
0.600317 0.129049 0.029972
0.600364 0.129092 0.029472
0.598785 0.129676 0.027235
0.596940 0.130082 0.027209
0.594644 0.128518 0.028458
0.592967 0.128939 0.027456
0.589258 0.129573 0.028461
0.591029 0.129216 0.028463
0.588985 0.129335 0.031215
0.586801 0.127850 0.030964
0.583269 0.128657 0.029969
0.581577 0.129150 0.029233
0.581324 0.128866 0.032482
0.579685 0.129352 0.030208
0.575798 0.129741 0.033962
0.574316 0.130565 0.030031
0.578394 0.131734 0.028485
0.578007 0.129899 0.028731
0.579819 0.129588 0.027958
0.586814 0.127884 0.030948
0.590856 0.129081 0.029967
0.593143 0.130644 0.028719
0.595105 0.130402 0.027473
0.597173 0.131744 0.028724
0.597251 0.131807 0.027948
0.598994 0.131379 0.028696
0.600717 0.130958 0.029731
0.604138 0.130068 0.031182
0.608105 0.131064 0.031703
0.608411 0.131332 0.028703
0.608449 0.131384 0.028731
0.608321 0.131272 0.029981
0.610532 0.132752 0.029442
0.612502 0.132528 0.027940
0.614256 0.132103 0.028724
0.615933 0.131630 0.029972
0.615590 0.129877 0.029978
0.607870 0.127521 0.048479
0.600767 0.127547 0.043707
0.598533 0.129499 0.029206
0.596608 0.129748 0.030458
0.596757 0.129857 0.029471
0.594880 0.130151 0.030223
0.590629 0.127368 0.028712
0.590998 0.129182 0.028716
0.579324 0.127643 0.029724
0.579730 0.129498 0.029228
0.573821 0.127260 0.025980
0.573959 0.128794 0.029233
0.568240 0.128059 0.028757
0.566465 0.128463 0.028259
0.564608 0.128764 0.028988
0.560980 0.129465 0.029243
0.559197 0.129940 0.028243
0.553563 0.129476 0.025247
0.553476 0.129314 0.026999
0.549943 0.130193 0.025254
0.547712 0.128646 0.026532
0.542230 0.129624 0.027788
0.541851 0.127817 0.027503
0.538350 0.128803 0.024508
0.536458 0.129010 0.026781
0.530689 0.128350 0.026034
0.528892 0.128707 0.025254
0.525330 0.129633 0.023009
0.523421 0.129784 0.025768
0.517659 0.129213 0.024022
0.515857 0.129398 0.025782
0.514072 0.129895 0.024285
0.514054 0.130000 0.023510
0.511896 0.128676 0.022010
0.512287 0.130221 0.024771
0.512232 0.130227 0.024797
0.513686 0.128088 0.024291
0.512888 0.124536 0.023747
0.513981 0.120595 0.022988
0.514338 0.112802 0.024736
0.513976 0.111004 0.024482
0.515165 0.107095 0.023512
0.515143 0.107011 0.024762
0.514739 0.105330 0.022734
0.514360 0.103464 0.023480
0.515083 0.097701 0.022217
0.514716 0.095884 0.022213
0.514398 0.093983 0.024224
0.515875 0.091898 0.022469
0.515480 0.090027 0.022702
0.516519 0.085922 0.024942
0.515413 0.080517 0.024925
0.515070 0.078747 0.024942
0.514361 0.075172 0.023685
0.512922 0.067924 0.022676
0.512499 0.066111 0.022400
0.513204 0.060283 0.023137
0.512527 0.056730 0.021643
0.512124 0.054864 0.024139
0.511775 0.053029 0.022386
0.513180 0.050804 0.025130
0.513909 0.044995 0.023591
0.515008 0.041017 0.023844
0.514656 0.039209 0.023091
0.514328 0.037428 0.023614
0.513596 0.033834 0.025356
0.515382 0.033469 0.026604
0.513628 0.033836 0.023356
0.515007 0.031605 0.024086
0.514638 0.029794 0.024332
0.514699 0.029819 0.022089
0.514292 0.028014 0.024586
0.514235 0.027995 0.024573
0.516036 0.027633 0.025071
0.516458 0.029438 0.023070
0.516435 0.029441 0.024320
0.518230 0.028977 0.023545
0.518300 0.029100 0.022835
0.521777 0.028319 0.026554
0.522224 0.030119 0.023057
0.525808 0.029394 0.024552
0.527719 0.029079 0.022558
0.529755 0.030505 0.025543
0.531580 0.030140 0.025041
0.533452 0.029787 0.025821
0.533449 0.029758 0.024555
0.535348 0.029386 0.022053
0.539195 0.030467 0.025793
0.539244 0.030464 0.024543
0.540952 0.030105 0.027041
0.541013 0.030138 0.024289
0.542771 0.029776 0.025537
0.544699 0.029370 0.024049
0.548223 0.028656 0.025272
0.552194 0.029811 0.026299
0.554015 0.029347 0.025521
0.555921 0.028976 0.023769
0.557735 0.028697 0.024541
0.559782 0.030149 0.026793
0.559861 0.030124 0.024769
0.563439 0.029397 0.025514
0.565192 0.029029 0.027298
0.567162 0.028656 0.024796
0.572265 0.027581 0.028769
0.574486 0.028989 0.027501
0.574578 0.029061 0.027512
0.578215 0.028332 0.027257
0.582041 0.029406 0.029009
0.584069 0.029033 0.026256
0.585835 0.028617 0.026515
0.590904 0.027543 0.030759
0.589188 0.027924 0.030017
0.591233 0.027548 0.027265
0.593385 0.028972 0.027487
0.598727 0.027884 0.028480
0.602083 0.027173 0.030988
0.606172 0.028286 0.029973
0.608083 0.027918 0.028970
0.609749 0.027530 0.030746
0.612083 0.028921 0.028724
0.617761 0.027852 0.027252
0.615946 0.028216 0.027254
0.619187 0.027537 0.029949
0.621084 0.027169 0.029197
0.624505 0.026419 0.030959
0.626651 0.027861 0.031210
0.626674 0.027877 0.031208
0.628696 0.027506 0.029455
0.630398 0.027132 0.030218
0.634400 0.028173 0.030470
0.637938 0.025687 0.028464
0.636217 0.026047 0.027716
0.639944 0.027183 0.029447
0.641826 0.026817 0.028944
0.643026 0.026377 0.033711
0.647561 0.027433 0.029710
0.649483 0.027065 0.028957
0.651039 0.026727 0.030432
0.654925 0.025988 0.028677
0.655012 0.026026 0.028728
0.656619 0.025619 0.030210
0.662001 0.026347 0.032672
0.663740 0.025986 0.033169
0.665671 0.025618 0.032417
0.665848 0.025635 0.031161
0.667850 0.025324 0.029915
0.668216 0.027133 0.029919
0.672787 0.024189 0.033409
0.675296 0.025616 0.031410
0.675007 0.025666 0.033439
0.680985 0.026350 0.032153
0.679331 0.026708 0.031156
0.684966 0.025622 0.030157
0.684278 0.025647 0.034158
0.684910 0.025597 0.030682
0.688399 0.026693 0.033681
0.690459 0.026322 0.032145
0.690060 0.026335 0.034395
0.695629 0.025237 0.033642
0.694214 0.025587 0.031394
0.697427 0.026641 0.036153
0.699663 0.026265 0.033900
0.703023 0.025679 0.035144
0.702740 0.025688 0.036644
0.706904 0.024908 0.034153
0.706663 0.024917 0.035403
0.707589 0.026628 0.032387
0.709513 0.026261 0.031885
0.709543 0.026326 0.031914
0.712498 0.025554 0.035145
0.714023 0.025200 0.036643
0.716966 0.026618 0.032894
0.716694 0.026721 0.034125
0.716743 0.026691 0.034154
0.716793 0.026690 0.033904
0.716382 0.024859 0.034409
0.716749 0.026665 0.034413
0.718378 0.026337 0.034886
0.716273 0.024883 0.034634
0.716072 0.024890 0.035634
0.715767 0.021262 0.033379
0.715901 0.019425 0.030875
0.717480 0.019075 0.032123
0.717265 0.017259 0.031355
0.717452 0.013351 0.035846
0.715174 0.010036 0.034326
0.716900 0.009681 0.034824
0.715116 0.006369 0.031085
0.715879 0.004281 0.034580
0.715944 0.002427 0.032328
0.717097 -0.001579 0.032345
0.717685 -0.005493 0.034833
0.717624 -0.007353 0.033329
0.716999 -0.009071 0.034555
0.716988 -0.010946 0.032801
0.716990 -0.011009 0.032810
0.717636 -0.014897 0.035051
0.717712 -0.016768 0.032813
0.716743 -0.018437 0.035810
0.719241 -0.020864 0.030505
0.720192 -0.022918 0.033279
0.718514 -0.022586 0.032531
0.718092 -0.026285 0.031023
0.718414 -0.031958 0.033015
0.718052 -0.033767 0.033011
0.719189 -0.037703 0.032736
0.719215 -0.037809 0.032731
0.718854 -0.039619 0.032727
0.720140 -0.043647 0.032001
0.720685 -0.049382 0.032988
0.719705 -0.052915 0.033942
0.718492 -0.056343 0.036696
0.718235 -0.058190 0.036192
0.718903 -0.060366 0.031214
0.718294 -0.060112 0.034215
0.718902 -0.063876 0.036694
0.719358 -0.066042 0.032689
0.718386 -0.067631 0.035432
0.719856 -0.069814 0.035426
0.718408 -0.071598 0.031927
0.717948 -0.073365 0.032423
0.717583 -0.075148 0.032418
0.717180 -0.074952 0.034419
0.717374 -0.075116 0.033424
0.717222 -0.075042 0.034174
0.716333 -0.075131 0.029140
0.715674 -0.076801 0.030637
0.713768 -0.074404 0.032911
0.713261 -0.076143 0.033658
0.709474 -0.075280 0.034688
0.706539 -0.074897 0.030941
0.706524 -0.074832 0.030924
0.702689 -0.075994 0.029925
0.702681 -0.076033 0.029938
0.699246 -0.075404 0.028693
0.694938 -0.076268 0.030182
0.691366 -0.075567 0.029687
0.691365 -0.075587 0.029699
0.687312 -0.074617 0.031955
0.683828 -0.073977 0.030942
0.681305 -0.075220 0.032942
0.679832 -0.075006 0.030948
0.678103 -0.076718 0.028196
0.675947 -0.076150 0.030226
0.672507 -0.075630 0.028430
0.666869 -0.074409 0.029438
0.664850 -0.075879 0.028960
0.665363 -0.074160 0.027964
0.659367 -0.074715 0.028968
0.657469 -0.074293 0.029470
0.655196 -0.075772 0.030222
0.649926 -0.074789 0.028718
0.651925 -0.075285 0.027465
0.647723 -0.074149 0.031472
0.641650 -0.076689 0.030726
0.640323 -0.074602 0.029731
0.635925 -0.075341 0.033263
0.631031 -0.074669 0.028752
0.630611 -0.076435 0.029249
0.626982 -0.075728 0.029005
0.625077 -0.075252 0.029760
0.619430 -0.076041 0.028508
0.618084 -0.073952 0.027514
0.617685 -0.075808 0.027234
0.615758 -0.075338 0.028237
0.613974 -0.075014 0.028248
0.612211 -0.074691 0.027751
0.610349 -0.074253 0.027734
0.608736 -0.074075 0.025736
0.605180 -0.073450 0.025525
0.605051 -0.073248 0.026769
0.601009 -0.074274 0.027271
0.600985 -0.074249 0.027521
0.595348 -0.075114 0.026034
0.591394 -0.074067 0.029547
0.590002 -0.074200 0.024016
0.587828 -0.073420 0.028270
0.580283 -0.073817 0.027531
0.576407 -0.075039 0.026031
0.574503 -0.074548 0.027284
0.571068 -0.074129 0.024545
0.570975 -0.074002 0.025540
0.568848 -0.075523 0.024789
0.565174 -0.074707 0.025298
0.559666 -0.073505 0.026288
0.554141 -0.074540 0.023070
0.548538 -0.073242 0.025065
0.546533 -0.075055 0.021313
0.542682 -0.073857 0.026554
0.539248 -0.073576 0.021808
0.538854 -0.075350 0.021802
0.535201 -0.074564 0.022307
0.535217 -0.074599 0.022320
0.531535 -0.073718 0.023825
0.531528 -0.073675 0.023825
0.524317 -0.072369 0.022084
0.524338 -0.072377 0.022089
0.522133 -0.073735 0.023088
0.520706 -0.071532 0.022850
0.518562 -0.073152 0.021098
0.518513 -0.073276 0.021083
0.516681 -0.072836 0.021835
0.514890 -0.072096 0.024874
0.514894 -0.072120 0.024624
0.514929 -0.072383 0.022114
0.516726 -0.072655 0.023112
0.516723 -0.072639 0.023100
0.520739 -0.071648 0.022099
0.522434 -0.071760 0.025340
0.524284 -0.072269 0.023837
0.526210 -0.072980 0.020085
0.529781 -0.073503 0.022331
0.531607 -0.073717 0.022835
0.539245 -0.073393 0.022579
0.538745 -0.075052 0.025074
0.542691 -0.073874 0.026073
0.546464 -0.074836 0.023831
0.548583 -0.073266 0.025083
0.552021 -0.073658 0.028304
0.555887 -0.074845 0.024583
0.557646 -0.075117 0.025581
0.561244 -0.075806 0.026077
0.561338 -0.075883 0.024570
0.563469 -0.074361 0.025322
0.566799 -0.074733 0.028546
0.570621 -0.075764 0.025541
0.568788 -0.075428 0.025269
0.574056 -0.076291 0.027762
0.574123 -0.076328 0.027789
0.578369 -0.075595 0.024287
0.582384 -0.074558 0.023780
0.585738 -0.074959 0.027276
0.585894 -0.075169 0.025543
0.587607 -0.075417 0.026791
0.589997 -0.074156 0.024273
0.591795 -0.074503 0.024520
0.595386 -0.075214 0.024764
0.597205 -0.075585 0.024761
0.597271 -0.075560 0.024784
0.601129 -0.074338 0.026284
0.603017 -0.074878 0.025004
0.606431 -0.075366 0.027255
0.609910 -0.075961 0.028751
0.614076 -0.075075 0.027250
0.619219 -0.075878 0.029986
0.623729 -0.075247 0.025483
0.623515 -0.075064 0.027242
0.624653 -0.076979 0.029987
0.629505 -0.074491 0.026257
0.634644 -0.075395 0.028725
0.640595 -0.074795 0.027721
0.642258 -0.075099 0.028737
0.647840 -0.074233 0.030484
0.650231 -0.072863 0.028984
0.652048 -0.073248 0.028962
0.655766 -0.074043 0.028457
0.655833 -0.074102 0.028491
0.661365 -0.073214 0.030488
0.663530 -0.073811 0.027963
0.666757 -0.074292 0.030709
0.669108 -0.072962 0.029728
0.672882 -0.071748 0.030687
0.676819 -0.072662 0.028931
0.678578 -0.075024 0.027174
0.678194 -0.074784 0.029965
0.680380 -0.073343 0.029967
0.682318 -0.073810 0.029203
0.685757 -0.074446 0.030443
0.686116 -0.072631 0.030447
0.689543 -0.073268 0.031689
0.695112 -0.072435 0.033185
0.695147 -0.072369 0.033206
0.699123 -0.073286 0.031451
0.700391 -0.073432 0.034158
0.703158 -0.074292 0.029154
0.704898 -0.074605 0.029939
0.704946 -0.074629 0.029689
0.706205 -0.074712 0.032687
0.711679 -0.073835 0.034419
0.712672 -0.074242 0.029686
0.712229 -0.074024 0.031937
0.717680 -0.075141 0.032190
0.717326 -0.074969 0.033940
0.719589 -0.075618 0.031409
0.719284 -0.075471 0.032910
0.719945 -0.075791 0.029659
0.719962 -0.073858 0.031437
0.719707 -0.073737 0.032687
0.718935 -0.069824 0.031200
0.720409 -0.060667 0.032424
0.719947 -0.062436 0.032921
0.721200 -0.058966 0.030447
0.719681 -0.052852 0.034212
0.719712 -0.052916 0.034195
0.719323 -0.045309 0.034211
0.718919 -0.047077 0.034204
0.719279 -0.045269 0.034207
0.720030 -0.041626 0.034250
0.719381 -0.037783 0.032009
0.719127 -0.037703 0.033260
0.720350 -0.032373 0.032510
0.720854 -0.028665 0.033771
0.719279 -0.028364 0.032523
0.719772 -0.022822 0.035269
0.718148 -0.022504 0.034271
0.719323 -0.017103 0.033484
0.718960 -0.018911 0.033481
0.720034 -0.015409 0.032302
0.719994 -0.011638 0.036060
0.720358 -0.009834 0.036063
0.721017 -0.008014 0.034564
0.720538 -0.002269 0.033327
0.720889 -0.000496 0.033320
0.720078 0.005367 0.034096
0.721239 0.012621 0.035384
0.722169 0.016299 0.034382
0.721526 0.020134 0.032138
0.720960 0.020165 0.034888
0.722618 0.019801 0.035901
0.720793 0.020165 0.035903
0.721106 0.022021 0.035877
0.721731 0.023814 0.034630
0.721433 0.023769 0.036121
0.721542 0.025580 0.037375
0.721558 0.025612 0.037388
0.720154 0.027775 0.037144
0.718560 0.026345 0.034406
0.718357 0.026351 0.035406
0.714664 0.027046 0.035384
0.714297 0.025243 0.035380
0.714129 0.025245 0.036146
0.710976 0.025957 0.033650
0.706876 0.024872 0.034135
0.705148 0.025233 0.033637
0.703392 0.025583 0.033403
0.695640 0.023417 0.031905
0.692121 0.024125 0.031168
0.689766 0.024512 0.034171
0.684603 0.023771 0.030150
0.686578 0.025224 0.031402
0.682281 0.024113 0.033140
0.682111 0.024121 0.034140
0.676778 0.025241 0.033416
0.671215 0.024561 0.031931
0.670896 0.024576 0.033931
0.666122 0.025639 0.029420
0.665928 0.025647 0.030671
0.663793 0.024172 0.030685
0.660559 0.026706 0.030443
0.654688 0.025998 0.030430
0.656323 0.025641 0.031677
0.652713 0.024559 0.029194
0.650655 0.024995 0.030945
0.645210 0.026086 0.030952
0.643309 0.024592 0.028451
0.641326 0.024966 0.029703
0.639586 0.025288 0.029971
0.636148 0.026007 0.028475
0.634300 0.026373 0.028727
0.630649 0.027092 0.028485
0.624668 0.026388 0.029455
0.626452 0.026025 0.029703
0.626556 0.026030 0.029741
0.622902 0.026759 0.029996
0.621120 0.027154 0.029206
0.619278 0.025692 0.026205
0.615402 0.026378 0.028200
0.613669 0.026738 0.027452
0.609676 0.025657 0.027454
0.605492 0.024606 0.029737
0.603805 0.024961 0.028489
0.602046 0.025341 0.027473
0.598375 0.026073 0.027978
0.598344 0.026099 0.028472
0.590784 0.025745 0.027978
0.592606 0.025381 0.028004
0.588975 0.026119 0.028256
0.587207 0.026480 0.027759
0.581344 0.025757 0.028254
0.578091 0.028291 0.028262
0.576137 0.026833 0.025261
0.574151 0.027216 0.028011
0.572536 0.027539 0.025780
0.568483 0.026463 0.026781
0.566787 0.026831 0.024521
0.566498 0.026855 0.029021
0.564724 0.027216 0.028524
0.557281 0.026870 0.026274
0.555484 0.027282 0.025522
0.551851 0.028012 0.025777
0.550029 0.028377 0.026030
0.547944 0.026814 0.025058
0.544323 0.027543 0.025063
0.542428 0.027995 0.025534
0.538907 0.028715 0.023038
0.538832 0.028731 0.025803
0.533181 0.027892 0.022806
0.531352 0.028259 0.023309
0.527664 0.029055 0.023801
0.523689 0.027970 0.023302
0.523657 0.028000 0.024550
0.518268 0.029087 0.022558
0.520124 0.028683 0.022325
0.516086 0.027610 0.024826
0.514284 0.027987 0.023823
0.512466 0.028354 0.024325
0.512487 0.028351 0.023577
0.512498 0.028348 0.022827
0.514245 0.028045 0.025334
0.514988 0.031574 0.025087
0.515357 0.033385 0.024840
0.515689 0.035267 0.022325
0.515940 0.037056 0.028578
0.516005 0.037059 0.028601
0.516471 0.038894 0.023104
0.516464 0.038857 0.023089
0.517545 0.044289 0.023850
0.517139 0.042479 0.023833
0.516049 0.046462 0.024343
0.518263 0.047925 0.025380
0.516852 0.050126 0.023636
0.517232 0.051910 0.023887
0.517212 0.051893 0.024887
0.517577 0.053721 0.024139
0.517937 0.055528 0.024393
0.516474 0.057741 0.024638
0.516507 0.057781 0.022888
0.516881 0.059535 0.024152
0.517177 0.061341 0.025151
0.517877 0.064919 0.026659
0.518657 0.068525 0.025921
0.519011 0.070318 0.026425
0.517282 0.070761 0.023668
0.519077 0.070371 0.024416
0.517917 0.074286 0.027172
0.516490 0.076487 0.026428
0.516452 0.076473 0.026414
0.515330 0.080347 0.028923
0.515345 0.080420 0.028949
0.516484 0.085957 0.026460
0.516149 0.084091 0.026447
0.517245 0.089503 0.025711
0.517991 0.093167 0.024968
0.517964 0.093151 0.024951
0.517939 0.093082 0.026201
0.516898 0.097218 0.024207
0.517263 0.099033 0.024210
0.515461 0.099427 0.023713
0.515801 0.101213 0.024722
0.518002 0.102742 0.023474
0.516435 0.104468 0.030212
0.517309 0.108399 0.026017
0.515496 0.108745 0.026269
0.516220 0.112501 0.024268
0.516160 0.112266 0.027518
0.516930 0.115909 0.026504
0.516848 0.115588 0.030753
0.515403 0.117964 0.028767
0.515731 0.119615 0.030771
0.515798 0.119955 0.026251
0.516501 0.123459 0.027758
0.517290 0.127176 0.027284
0.516528 0.132833 0.028803
0.516893 0.134644 0.028807
0.515824 0.138561 0.029059
0.517629 0.138198 0.029057
0.516150 0.140302 0.029816
0.515814 0.138412 0.031077
0.515900 0.138869 0.026328
0.515519 0.136907 0.027565
0.516244 0.131170 0.026802
0.515811 0.129392 0.026780
0.515434 0.127537 0.026505
0.517223 0.127087 0.027502
0.517314 0.127205 0.026023
0.517334 0.127258 0.026052
0.521330 0.128388 0.025551
0.523090 0.127990 0.026041
0.523167 0.128076 0.024794
0.530694 0.128198 0.027538
0.528788 0.128577 0.027011
0.534798 0.129545 0.024810
0.538333 0.128794 0.024761
0.538323 0.128772 0.025011
0.541916 0.127891 0.027051
0.544113 0.129386 0.026553
0.545845 0.128974 0.027007
0.549597 0.128487 0.024252
0.551288 0.127840 0.026984
0.554840 0.127008 0.028229
0.556563 0.126570 0.029501
0.555312 0.129047 0.026008
0.560663 0.127849 0.027766
0.562457 0.127465 0.028014
0.566207 0.126843 0.026491
0.568255 0.128123 0.028492
0.569947 0.127695 0.029238
0.573876 0.128719 0.029987
0.575927 0.128733 0.025963
0.577369 0.127938 0.030960
0.579637 0.129497 0.029711
0.583247 0.128706 0.029959
0.583399 0.128898 0.028477
0.586978 0.128133 0.028972
0.589091 0.129441 0.030239
0.590726 0.128906 0.032237
0.592541 0.128509 0.032236
0.596932 0.129995 0.027736
0.596907 0.130016 0.027711
0.600367 0.129142 0.029456
0.600343 0.129114 0.029432
0.603915 0.128351 0.029927
0.604436 0.130212 0.029216
0.609768 0.129045 0.030209
0.607866 0.129426 0.030179
0.609677 0.129067 0.030176
0.613722 0.130204 0.029675
0.617394 0.129531 0.029451
0.617476 0.129597 0.028701
0.621060 0.128809 0.029195
0.622795 0.128433 0.029680
0.626451 0.127736 0.029425
0.628300 0.127374 0.029167
0.633773 0.127873 0.031913
0.633764 0.127856 0.031930
0.638179 0.129236 0.028679
0.639488 0.128590 0.032670
0.643785 0.129884 0.030419
0.643356 0.128046 0.030675
0.647497 0.129231 0.029674
0.647515 0.129247 0.029684
0.650940 0.128400 0.031179
0.650944 0.128383 0.031408
0.653204 0.129882 0.030909
0.653156 0.129830 0.030926
0.656644 0.129027 0.031922
0.656555 0.128896 0.032928
0.663997 0.129169 0.034173
0.662221 0.129580 0.033664
0.669577 0.129808 0.035408
0.669965 0.130103 0.032895
0.671742 0.129724 0.033142
0.673251 0.129098 0.035410
0.677970 0.130617 0.030890
0.679416 0.130060 0.033138
0.679421 0.130116 0.032861
0.683435 0.131216 0.032859
0.685184 0.130763 0.033649
0.688604 0.129940 0.034894
0.689435 0.132024 0.032418
0.692631 0.131087 0.034913
0.692577 0.131053 0.034891
0.694772 0.132509 0.034892
0.694803 0.132500 0.034902
0.698258 0.131699 0.035897
0.701632 0.130887 0.036836
0.705604 0.130333 0.035081
0.709353 0.129657 0.034625
0.709255 0.129613 0.035125
0.711559 0.131166 0.034876
0.714762 0.130254 0.036857
0.716871 0.130008 0.035633
0.718593 0.129609 0.036131
0.719147 0.129867 0.033367
0.721508 0.131395 0.032618
0.722767 0.130762 0.035367
0.724907 0.130541 0.033864
0.724950 0.130536 0.033886
0.724218 0.130224 0.037386
0.723212 0.130902 0.033370
0.722335 0.128941 0.035603
0.718787 0.129695 0.035108
0.718618 0.129555 0.035819
0.712524 0.128699 0.037073
0.712548 0.128766 0.037116
0.704608 0.128245 0.038621
0.704600 0.128283 0.038620
0.700641 0.127208 0.038371
0.699546 0.127856 0.034355
0.697632 0.128169 0.034857
0.695925 0.128593 0.034376
0.693504 0.127030 0.035624
0.691846 0.127449 0.034859
0.689540 0.127566 0.037612
0.686451 0.128464 0.034921
0.682612 0.127453 0.033922
0.683006 0.129334 0.033668
0.679536 0.130136 0.032673
0.680769 0.129507 0.035355
0.678663 0.128098 0.034854
0.678784 0.128096 0.034912
0.676927 0.128431 0.035164
0.671975 0.129837 0.031393
0.671775 0.129726 0.032643
0.669903 0.128425 0.031164
0.666032 0.129009 0.032669
0.658068 0.126824 0.032150
0.656285 0.127217 0.032160
0.651063 0.128356 0.030669
0.645134 0.127628 0.031145
0.646846 0.127206 0.031892
0.643150 0.127792 0.032657
0.638078 0.129183 0.029672
0.639796 0.128759 0.030420
0.637686 0.128897 0.032387
0.633944 0.127976 0.030388
0.630380 0.128743 0.030975
0.626905 0.129570 0.029729
0.626509 0.127772 0.028936
0.624603 0.127992 0.030194
0.622819 0.128373 0.029946
0.622774 0.128394 0.029944
0.620591 0.128469 0.033196
0.615551 0.129853 0.029704
0.615557 0.129908 0.029425
0.609978 0.129356 0.027441
0.605962 0.128160 0.028479
0.605837 0.128051 0.029729
0.602129 0.128833 0.029707
0.600044 0.127467 0.028706
0.598339 0.127832 0.027968
0.592771 0.128783 0.029474
0.594518 0.128312 0.030223
0.590468 0.127157 0.030974
0.587124 0.128158 0.027729
0.585193 0.128524 0.028473
0.581704 0.129288 0.027480
0.579893 0.129649 0.027483
0.575800 0.128431 0.028483
0.570451 0.129623 0.027997
0.570485 0.129667 0.027497
0.566440 0.128489 0.027980
0.561102 0.129706 0.026487
0.562384 0.127345 0.029229
0.557062 0.128581 0.027486
0.556929 0.128378 0.029752
0.553567 0.129517 0.025008
0.553451 0.129247 0.028007
0.551340 0.127904 0.026756
0.547671 0.128610 0.026753
0.544107 0.129445 0.025508
0.544180 0.129403 0.025544
0.541950 0.127842 0.026792
0.540126 0.128305 0.026011
0.536102 0.127131 0.027012
0.537876 0.126699 0.027753
0.532480 0.127852 0.027010
0.532517 0.127878 0.027030
0.524971 0.127689 0.025036
0.524862 0.127649 0.025005
0.521274 0.128507 0.023510
0.521301 0.128550 0.023535
0.517649 0.129171 0.024789
0.519496 0.128769 0.025293
0.515861 0.129432 0.026047
0.515818 0.129382 0.026533
0.515916 0.129736 0.022530
0.515495 0.127657 0.025526
0.517335 0.127421 0.024024
0.517330 0.117972 0.024036
0.516945 0.116112 0.024520
0.516186 0.112373 0.026012
0.517602 0.110143 0.025970
0.516938 0.106751 0.022464
0.518345 0.104579 0.023227
0.517534 0.100699 0.027219
0.519010 0.098569 0.026449
0.518295 0.094990 0.025692
0.519748 0.092856 0.024685
0.517197 0.089568 0.025181
0.518670 0.087524 0.024200
0.518629 0.087425 0.026200
0.518317 0.085593 0.025182
0.517572 0.081936 0.025925
0.517236 0.080145 0.022657
0.518662 0.077924 0.023651
0.517892 0.074305 0.025655
0.516816 0.068907 0.024644
0.518335 0.066734 0.024913
0.518015 0.064989 0.022659
0.517196 0.061324 0.023379
0.518992 0.060940 0.024127
0.516471 0.057673 0.023882
0.515028 0.050440 0.022867
0.516839 0.050105 0.023377
0.516469 0.048288 0.023623
0.515753 0.044654 0.024357
0.515410 0.042854 0.023104
0.516806 0.040691 0.024096
0.516422 0.038874 0.025093
0.516472 0.038819 0.023099
0.515681 0.035295 0.025573
0.516046 0.037104 0.025577
0.517178 0.033123 0.022817
0.516799 0.031213 0.024327
0.516411 0.029405 0.025573
0.516373 0.029489 0.025316
0.516387 0.029487 0.024565
0.516062 0.027621 0.023813
0.518236 0.029039 0.024315
0.518242 0.029023 0.023567
0.523620 0.027938 0.025810
0.525866 0.029505 0.024820
0.526279 0.031313 0.023074
0.528010 0.030848 0.024308
0.533712 0.031568 0.027054
0.533367 0.029787 0.027562
0.541158 0.030128 0.022556
0.542857 0.029788 0.024310
0.544977 0.031237 0.025561
0.546807 0.030857 0.025551
0.550359 0.030085 0.026288
0.552155 0.029722 0.026536
0.555867 0.028988 0.024781
0.555844 0.029008 0.024748
0.557866 0.030460 0.027499
0.559842 0.030129 0.025030
0.565215 0.029039 0.026022
0.566846 0.028665 0.028759
0.568834 0.028329 0.027035
0.570957 0.029775 0.027787
0.574564 0.028986 0.027517
0.576560 0.028643 0.025027
0.578317 0.028281 0.025775
0.579977 0.027925 0.027773
0.580067 0.027899 0.026527
0.585723 0.028621 0.028273
0.585799 0.028621 0.027263
0.587121 0.026458 0.028757
0.590949 0.027556 0.030239
0.594899 0.026809 0.026497
0.596575 0.026453 0.027994
0.594787 0.026816 0.027747
0.600301 0.025677 0.026467
0.602505 0.027121 0.026218
0.606195 0.026474 0.026232
0.608068 0.027909 0.028990
0.609669 0.025730 0.027484
0.615267 0.026428 0.029988
0.617464 0.026043 0.026486
0.617286 0.026082 0.027194
0.622590 0.024996 0.028437
0.624587 0.024560 0.027473
0.626739 0.026006 0.027724
0.632101 0.024988 0.028199
0.634350 0.026394 0.027187
0.635850 0.026044 0.029685
0.639394 0.025318 0.030706
0.641706 0.026754 0.029707
0.643589 0.026387 0.029205
0.645693 0.027811 0.030221
0.645864 0.027805 0.028971
0.651140 0.026772 0.030221
0.653029 0.026405 0.029718
0.656302 0.025634 0.032208
0.660697 0.026739 0.029175
0.660435 0.026748 0.030926
0.664244 0.026007 0.029938
0.667729 0.025284 0.030933
0.669489 0.024944 0.031161
0.669697 0.026756 0.032165
0.675112 0.025640 0.032682
0.677542 0.025290 0.028923
0.679117 0.024935 0.030421
0.682155 0.024198 0.033655
0.686462 0.025263 0.031904
0.688257 0.024878 0.032401
0.692025 0.025953 0.033659
0.694252 0.025574 0.031406
0.699569 0.024524 0.032143
0.697928 0.024882 0.031145
0.699523 0.024526 0.032393
0.703371 0.025682 0.033687
0.705385 0.025311 0.032684
0.705405 0.025210 0.032654
0.710960 0.025948 0.033894
0.712786 0.025584 0.033892
0.715203 0.026965 0.032643
0.716528 0.026614 0.035141
0.714861 0.027048 0.034396
0.716610 0.026747 0.034903
0.718638 0.026377 0.033901
0.718892 0.026370 0.032651
0.718455 0.024464 0.032873
0.718695 0.024506 0.031614
0.717616 0.022684 0.034853
0.716436 0.017273 0.035610
0.715525 0.010003 0.032845
0.715136 0.010057 0.034889
0.714489 0.004587 0.032628
0.715625 0.002448 0.034103
0.714696 -0.001133 0.035096
0.716649 -0.003386 0.032824
0.715620 -0.006948 0.034318
0.715606 -0.006941 0.034303
0.715643 -0.008822 0.032299
0.717090 -0.010931 0.032301
0.714946 -0.012382 0.032050
0.715348 -0.016300 0.035836
0.715804 -0.018332 0.031267
0.718449 -0.024485 0.031017
0.716666 -0.024127 0.030769
0.715202 -0.029342 0.032804
0.716982 -0.029699 0.033052
0.716760 -0.033467 0.030543
0.717305 -0.037350 0.033256
0.717195 -0.039241 0.032002
0.718049 -0.043150 0.033250
0.718201 -0.043202 0.032500
0.717204 -0.044829 0.035472
0.716535 -0.048460 0.035215
0.718609 -0.048912 0.034245
0.716880 -0.054006 0.037469
0.716859 -0.059947 0.031952
0.717427 -0.065632 0.032927
0.717370 -0.067581 0.031423
0.717192 -0.067548 0.032443
0.718615 -0.069714 0.032687
0.716726 -0.071293 0.031185
0.716449 -0.071122 0.032426
0.714866 -0.070864 0.031178
0.710838 -0.071903 0.031441
0.712572 -0.072231 0.031939
0.710751 -0.071943 0.031682
0.702615 -0.074021 0.032185
0.702355 -0.073881 0.033701
0.702778 -0.074100 0.031451
0.701005 -0.073758 0.030939
0.693416 -0.074121 0.030445
0.693948 -0.072268 0.029697
0.685923 -0.072393 0.031703
0.685816 -0.072513 0.031669
0.680154 -0.073207 0.031479
0.676345 -0.072371 0.032226
0.672620 -0.071577 0.032731
0.672630 -0.071560 0.032710
0.670730 -0.073165 0.030958
0.668417 -0.072512 0.033958
0.669007 -0.072871 0.030207
0.665530 -0.072216 0.029209
0.661451 -0.073288 0.029446
0.659739 -0.072987 0.028698
0.652109 -0.073300 0.028988
0.653824 -0.073601 0.029736
0.646315 -0.074028 0.028225
0.644594 -0.073727 0.027477
0.642804 -0.073378 0.027229
0.639297 -0.072767 0.026499
0.633212 -0.073183 0.028489
0.631567 -0.070856 0.029996
0.625957 -0.071800 0.027978
0.622120 -0.070892 0.029733
0.620518 -0.070715 0.028006
0.614571 -0.071298 0.029260
0.610487 -0.072318 0.029734
0.608776 -0.072042 0.028736
0.606848 -0.073619 0.027272
0.604982 -0.073200 0.027775
0.601295 -0.072351 0.027769
0.597827 -0.071776 0.026023
0.590320 -0.072194 0.025291
0.592073 -0.072494 0.026039
0.586694 -0.071609 0.025062
0.580980 -0.072327 0.024306
0.573728 -0.070870 0.024065
0.571401 -0.072182 0.025045
0.569436 -0.071599 0.027298
0.565499 -0.072905 0.026048
0.564094 -0.070790 0.025304
0.560038 -0.071554 0.027549
0.558426 -0.071516 0.024051
0.554571 -0.070426 0.028328
0.547217 -0.071327 0.022579
0.539528 -0.071634 0.022819
0.541334 -0.071979 0.023067
0.537685 -0.071084 0.024587
0.535808 -0.070552 0.026340
0.530479 -0.069670 0.024357
0.528324 -0.071191 0.023606
0.528285 -0.071189 0.023600
0.526045 -0.072427 0.025850
0.526186 -0.072575 0.024116
0.522626 -0.072100 0.021370
0.522596 -0.072098 0.020853
0.520722 -0.071494 0.023356
0.520658 -0.071527 0.023344
0.517049 -0.070885 0.022349
0.516736 -0.072785 0.021107
0.514923 -0.072354 0.022111
0.513118 -0.072057 0.021363
0.511288 -0.071697 0.021360
0.513086 -0.071947 0.022608
0.513106 -0.072065 0.021358
0.513119 -0.071974 0.022121
0.518887 -0.071131 0.023604
0.522545 -0.072259 0.019583
0.526160 -0.072675 0.023101
0.528327 -0.071251 0.022847
0.531901 -0.071822 0.024592
0.531990 -0.072164 0.021333
0.535581 -0.072783 0.022579
0.535449 -0.072407 0.025837
0.539602 -0.071726 0.021585
0.541510 -0.072225 0.019830
0.545031 -0.072704 0.022576
0.548997 -0.071633 0.022814
0.550765 -0.071907 0.023812
0.554909 -0.070970 0.022081
0.554559 -0.072816 0.021827
0.559768 -0.073590 0.025542
0.560188 -0.071868 0.024546
0.563792 -0.072551 0.025067
0.563807 -0.072575 0.024817
0.565636 -0.073012 0.024559
0.567452 -0.073382 0.024557
0.571470 -0.072315 0.024306
0.573242 -0.072526 0.025568
0.573365 -0.072693 0.023818
0.579174 -0.072026 0.023566
0.580916 -0.072314 0.023785
0.584394 -0.072865 0.025780
0.586554 -0.071488 0.025777
0.590016 -0.072040 0.027773
0.590116 -0.072098 0.027034
0.595613 -0.073241 0.026527
0.595726 -0.073361 0.025276
0.597487 -0.073671 0.025760
0.603387 -0.073040 0.025551
0.603168 -0.072825 0.027801
0.606902 -0.073608 0.027053
0.610457 -0.074308 0.027527
0.611025 -0.072683 0.025530
0.614549 -0.073308 0.026772
0.619614 -0.074084 0.030266
0.618313 -0.074142 0.025270
0.619713 -0.074151 0.029019
0.623623 -0.073107 0.029509
0.628094 -0.072417 0.025506
0.628122 -0.072381 0.025510
0.631646 -0.073032 0.026505
0.633785 -0.071594 0.026754
0.639499 -0.070821 0.027739
0.641387 -0.071241 0.027236
0.644798 -0.071830 0.029002
0.645225 -0.070062 0.028505
0.649080 -0.070934 0.026733
0.652412 -0.071468 0.028979
0.654250 -0.071843 0.028992
0.661999 -0.071649 0.028228
0.660322 -0.071370 0.027230
0.663729 -0.071862 0.028983
0.665126 -0.071970 0.031985
0.667618 -0.070720 0.029985
0.669639 -0.071211 0.028733
0.672887 -0.071734 0.030950
0.676703 -0.072564 0.029963
0.675040 -0.072286 0.028965
0.678404 -0.072922 0.030444
0.680565 -0.073489 0.028441
0.682465 -0.071849 0.030467
0.684421 -0.072295 0.029715
0.685939 -0.072510 0.031177
0.687338 -0.072609 0.033966
0.690087 -0.073488 0.028712
0.691664 -0.073833 0.029903
0.695776 -0.072815 0.029401
0.695367 -0.072600 0.031652
0.699112 -0.073301 0.031183
0.701222 -0.073821 0.029680
0.704759 -0.074563 0.030441
0.707849 -0.074983 0.033425
0.710329 -0.073692 0.031925
0.708780 -0.073468 0.030694
0.711794 -0.075889 0.032186
0.712171 -0.076100 0.029887
0.715794 -0.076828 0.030132
0.715876 -0.076850 0.029897
0.715134 -0.076478 0.033677
0.715234 -0.076527 0.033176
0.715978 -0.074927 0.031164
0.713895 -0.074429 0.032417
0.714227 -0.072576 0.032416
0.713818 -0.066920 0.030678
0.714074 -0.065073 0.031450
0.714223 -0.065139 0.030699
0.714590 -0.063390 0.030688
0.714552 -0.061403 0.032692
0.715134 -0.059567 0.031721
0.715395 -0.057712 0.032225
0.715895 -0.056017 0.031482
0.716064 -0.052178 0.034240
0.717079 -0.046663 0.034502
0.717433 -0.046789 0.032752
0.717438 -0.046829 0.032744
0.716279 -0.042818 0.033003
0.718400 -0.043337 0.031483
0.716737 -0.039160 0.034244
0.716315 -0.040937 0.034205
0.717701 -0.035607 0.032715
0.717084 -0.029866 0.032531
0.716764 -0.027914 0.035218
0.717689 -0.026148 0.033039
0.718052 -0.024339 0.033043
0.718265 -0.022550 0.033778
0.717842 -0.014845 0.034065
0.719931 -0.013386 0.034566
0.718569 -0.011232 0.034072
0.718606 -0.011337 0.034087
0.718032 -0.005516 0.033085
0.717627 -0.005446 0.035086
0.717546 0.002027 0.033590
0.717181 0.000220 0.033587
0.717288 0.004012 0.036840
0.717804 0.005795 0.036094
0.719255 0.009309 0.032345
0.719112 0.011167 0.034849
0.720072 0.014757 0.033852
0.720439 0.016563 0.033855
0.718280 0.016859 0.035348
0.718646 0.018663 0.035351
0.718653 0.018760 0.035623
0.719313 0.022329 0.035894
0.719354 0.020504 0.033890
0.719602 0.024112 0.036390
0.720839 0.025888 0.032142
0.722687 0.027367 0.033373
0.718663 0.026288 0.033374
0.718212 0.026328 0.036174
0.716476 0.024822 0.033375
0.718519 0.026269 0.034127
0.713106 0.025589 0.032395
0.714735 0.025231 0.033392
0.708889 0.024518 0.033396
0.702933 0.023743 0.033898
0.705075 0.025185 0.034150
0.701141 0.024171 0.033646
0.701460 0.025978 0.033899
0.695907 0.025240 0.032138
0.697745 0.024934 0.032421
0.695922 0.027116 0.034427
0.694021 0.025603 0.032374
0.693886 0.025608 0.033124
0.694041 0.025630 0.032652
0.691107 0.027837 0.040909
0.688591 0.026399 0.042663
0.683756 0.029267 0.041423
0.680288 0.028186 0.038424
0.675885 0.027154 0.041188
0.673838 0.027514 0.042680
0.674779 0.027487 0.036930
0.671113 0.026403 0.034930
0.670765 0.024600 0.034665
0.669268 0.024934 0.032674
0.666731 0.027437 0.028201
0.665764 0.027467 0.034183
0.660588 0.028550 0.032440
0.662570 0.028174 0.031191
0.660527 0.028543 0.032694
0.655720 0.027473 0.038174
0.653589 0.026039 0.037922
0.654129 0.026042 0.034713
0.648770 0.027128 0.034220
0.648743 0.027101 0.034199
0.645762 0.029621 0.032207
0.642294 0.030372 0.030953
0.640349 0.030737 0.031956
0.639548 0.028910 0.035476
0.634686 0.029981 0.030957
0.636338 0.029621 0.032205
0.632514 0.030387 0.033985
0.631015 0.030745 0.031487
0.626885 0.029675 0.032736
0.623472 0.030397 0.030990
0.625181 0.030069 0.032000
0.621649 0.030794 0.031255
0.619391 0.029355 0.032004
0.619435 0.029289 0.031488
0.617706 0.029656 0.030212
0.613469 0.028661 0.032985
0.610023 0.029378 0.031508
0.609634 0.027577 0.031754
0.606712 0.030082 0.028246
0.602021 0.027213 0.031743
0.602615 0.029003 0.029243
0.600805 0.029366 0.029246
0.597998 0.026158 0.031972
0.598431 0.027955 0.031225
0.593264 0.029014 0.028751
0.585277 0.026820 0.029507
0.583869 0.029012 0.027993
0.581676 0.027571 0.028241
0.581358 0.027549 0.032491
0.576119 0.028627 0.030248
0.576165 0.028652 0.030009
0.574378 0.029014 0.029762
0.566830 0.028608 0.029543
0.568602 0.028247 0.030041
0.564845 0.029019 0.032025
0.559615 0.030090 0.030059
0.552134 0.029731 0.027283
0.550352 0.030094 0.026785
0.544710 0.029386 0.025833
0.540464 0.028330 0.032334
0.542532 0.029823 0.032280
0.538826 0.028725 0.025780
0.535159 0.029452 0.027561
0.527207 0.027280 0.026052
0.525406 0.027643 0.025804
0.523655 0.027954 0.026061
0.525078 0.025786 0.026805
0.521404 0.026554 0.027555
0.517710 0.027302 0.031810
0.515963 0.027638 0.029318
0.512439 0.028350 0.026815
0.510657 0.028707 0.025067
0.508863 0.029097 0.026344
0.507054 0.029462 0.026596
0.507051 0.029463 0.026846
0.504837 0.028034 0.025836
0.505203 0.029842 0.025590
0.501624 0.030555 0.029091
0.503038 0.028389 0.026325
0.504829 0.028050 0.028582
0.506249 0.025895 0.030576
0.508474 0.027210 0.026562
0.509891 0.025053 0.028557
0.512124 0.026517 0.024074
0.513922 0.026157 0.024822
0.515664 0.025799 0.026571
0.515677 0.025794 0.025821
0.515679 0.025845 0.025813
0.517438 0.025497 0.028310
0.517516 0.025471 0.024310
0.516090 0.027609 0.023827
0.516035 0.027623 0.026827
0.514290 0.027986 0.023824
0.516078 0.036975 0.025853
0.515709 0.035166 0.026100
0.516440 0.038863 0.025852
0.514911 0.041039 0.026335
0.515284 0.042851 0.025839
0.516135 0.046431 0.023625
0.516495 0.048240 0.023879
0.514989 0.050499 0.024371
0.515376 0.052333 0.023124
0.515386 0.052238 0.023120
0.515698 0.053994 0.026123
0.517217 0.061306 0.026144
0.516094 0.065305 0.024880
0.516048 0.065231 0.027380
0.515359 0.071008 0.026401
0.513923 0.073221 0.025898
0.516091 0.074658 0.026150
0.515071 0.078731 0.024431
0.515076 0.078741 0.024181
0.515449 0.080476 0.024197
0.515810 0.082278 0.024450
0.514386 0.084543 0.024464
0.514295 0.084438 0.025931
0.514660 0.086249 0.025935
0.515029 0.088216 0.024180
0.514631 0.095679 0.025939
0.514996 0.097490 0.025943
0.515816 0.101072 0.026493
0.516138 0.102765 0.028223
0.516502 0.104574 0.028227
0.516898 0.106574 0.025736
0.515423 0.108630 0.027491
0.514985 0.106747 0.027958
0.516504 0.114225 0.024722
0.515109 0.116357 0.026281
0.515506 0.118306 0.024535
0.515867 0.120103 0.024789
0.514325 0.122106 0.026762
0.514346 0.122207 0.025512
0.514681 0.123861 0.027012
0.514698 0.123944 0.026013
0.514732 0.123970 0.026017
0.514723 0.123929 0.026517
0.514732 0.123968 0.026804
0.514419 0.131766 0.024822
0.514402 0.131591 0.026289
0.514407 0.131613 0.026039
0.515894 0.129719 0.022534
0.514017 0.129755 0.026286
0.514013 0.129706 0.026271
0.515818 0.129319 0.026519
0.517648 0.129018 0.026274
0.521610 0.130098 0.026280
0.525289 0.129367 0.027043
0.525316 0.129455 0.026043
0.527140 0.129134 0.025541
0.528840 0.128592 0.026997
0.530649 0.128229 0.026995
0.534513 0.128900 0.032031
0.534417 0.128871 0.031987
0.539978 0.128133 0.027980
0.540060 0.128102 0.028009
0.545939 0.129001 0.026006
0.549312 0.128117 0.029258
0.557027 0.128442 0.028241
0.558742 0.128003 0.029763
0.562766 0.129156 0.029012
0.564484 0.128693 0.029993
0.566274 0.128310 0.030240
0.566547 0.130062 0.031243
0.570409 0.129671 0.027488
0.572092 0.129104 0.029973
0.575705 0.128382 0.029968
0.577598 0.128108 0.028478
0.579890 0.129692 0.026980
0.581206 0.127341 0.029223
0.583264 0.128662 0.030724
0.588800 0.127731 0.028715
0.591047 0.129170 0.028746
0.592968 0.128919 0.027493
0.596481 0.128226 0.028211
0.598107 0.127693 0.030208
0.599964 0.127321 0.029971
0.602288 0.128904 0.028472
0.603461 0.126463 0.031473
0.607395 0.127511 0.031972
0.609400 0.127305 0.029445
0.612677 0.126308 0.032690
0.612917 0.126500 0.030440
0.614634 0.126046 0.031438
0.617088 0.127713 0.028940
0.620624 0.127015 0.029434
0.628034 0.127191 0.031704
0.629927 0.126834 0.031195
0.631676 0.127982 0.034696
0.637141 0.127014 0.033914
0.641352 0.128267 0.032153
0.643503 0.129698 0.032404
0.647173 0.128947 0.032135
0.648889 0.128540 0.032902
0.648750 0.128452 0.033902
0.650737 0.128204 0.032650
0.654503 0.129187 0.034409
0.656198 0.127173 0.032653
0.660115 0.128160 0.033142
0.660180 0.128226 0.033200
0.661730 0.127717 0.034947
0.667596 0.126835 0.032152
0.669611 0.126584 0.030899
0.671124 0.127735 0.034902
0.672817 0.127314 0.035649
0.673644 0.129377 0.032642
0.677157 0.128598 0.033388
0.680146 0.127513 0.037397
0.682799 0.129213 0.034379
0.684660 0.128879 0.034127
0.687983 0.127980 0.036136
0.688027 0.128002 0.035886
0.692336 0.129359 0.034407
0.694111 0.128981 0.034654
0.698553 0.130214 0.032129
0.698277 0.130081 0.033629
0.701518 0.129200 0.035887
0.704141 0.130856 0.033638
0.707102 0.129765 0.037400
0.707392 0.129898 0.035900
0.711272 0.130977 0.036350
0.710895 0.129167 0.036347
0.715296 0.130479 0.034384
0.715195 0.130434 0.034884
0.715480 0.132204 0.035090
0.716473 0.129837 0.037334
0.718737 0.129671 0.035367
0.720366 0.129123 0.036613
0.720571 0.129211 0.035613
0.718590 0.129681 0.035832
0.719201 0.129947 0.032832
0.718137 0.127703 0.036617
