0.517873 -0.079296 0.108640
0.518216 -0.077630 0.107883
0.518312 -0.077758 0.106633
0.519469 -0.079477 0.109371
0.518558 -0.078088 0.103120
0.518420 -0.077800 0.105902
0.519990 -0.078042 0.106627
0.520107 -0.078196 0.105128
0.522108 -0.076719 0.105637
0.521612 -0.078200 0.107887
0.521544 -0.078216 0.108365
0.523435 -0.078773 0.106117
0.527135 -0.077596 0.106881
0.534022 -0.078907 0.106399
0.534338 -0.077195 0.106399
0.535876 -0.077348 0.108643
0.537776 -0.077878 0.106644
0.541105 -0.078453 0.107142
0.540790 -0.080164 0.107143
0.546115 -0.079305 0.108648
0.543989 -0.080584 0.109648
0.549692 -0.078175 0.109366
0.553370 -0.077066 0.109867
0.553358 -0.078928 0.107899
0.554846 -0.079046 0.109900
0.555422 -0.077638 0.107129
0.558445 -0.077929 0.110631
0.560055 -0.078077 0.111908
0.562317 -0.077052 0.109391
0.567736 -0.076296 0.109643
0.571402 -0.077044 0.108155
0.573073 -0.075383 0.110905
0.574741 -0.075617 0.111158
0.577362 -0.077682 0.114908
0.579666 -0.076519 0.112659
0.589490 -0.075101 0.108159
0.594883 -0.076319 0.106674
0.596832 -0.076063 0.116137
0.599225 -0.074887 0.113916
0.605190 -0.074468 0.110650
0.606555 -0.076482 0.110917
0.614795 -0.077871 0.113171
0.623783 -0.077842 0.112683
0.625263 -0.078031 0.113935
0.631096 -0.077547 0.112196
0.637523 -0.076811 0.115644
0.643336 -0.078062 0.112694
0.648752 -0.077319 0.113180
0.655858 -0.076843 0.113687
0.654183 -0.076538 0.113436
0.660064 -0.077339 0.118200
0.662093 -0.077863 0.116701
0.668570 -0.077126 0.119929
0.672057 -0.078281 0.112202
0.675067 -0.078735 0.114204
0.675318 -0.078443 0.120446
0.679348 -0.079365 0.117949
0.682456 -0.079820 0.119737
0.685272 -0.078789 0.116488
0.689340 -0.077873 0.115221
0.696970 -0.077645 0.113725
0.695042 -0.077224 0.114477
0.699240 -0.077804 0.118480
0.700658 -0.076627 0.113937
0.705555 -0.077495 0.115190
0.706456 -0.077432 0.118461
0.709439 -0.078257 0.113713
0.712828 -0.078844 0.114246
0.713790 -0.080704 0.115997
0.713958 -0.079251 0.109968
0.714319 -0.080519 0.120469
0.715563 -0.081029 0.115998
0.716377 -0.082961 0.117972
0.719687 -0.081730 0.119723
0.719675 -0.081705 0.119712
0.719712 -0.079894 0.120711
0.722997 -0.080803 0.115222
0.722935 -0.080442 0.121722
0.721918 -0.078439 0.120511
0.722542 -0.075032 0.120510
0.721919 -0.074875 0.122482
0.720741 -0.071121 0.122730
0.720739 -0.071093 0.122722
0.722841 -0.066411 0.118444
0.723709 -0.064887 0.116444
0.724444 -0.059697 0.117192
0.725301 -0.056305 0.116463
0.726299 -0.053086 0.114936
0.724357 -0.045536 0.120183
0.723954 -0.047173 0.120712
0.723444 -0.041815 0.119710
0.723747 -0.041864 0.118726
0.724183 -0.036654 0.120447
0.724994 -0.035087 0.118703
0.722540 -0.029342 0.118450
0.726852 -0.026660 0.111438
0.723549 -0.024269 0.118185
0.722418 -0.020565 0.118450
0.722143 -0.013399 0.117705
0.723707 -0.011873 0.113205
0.723263 -0.008284 0.117228
0.722890 -0.006494 0.119728
0.721894 -0.004547 0.117921
0.723027 -0.003069 0.121181
0.724010 0.005649 0.117178
0.724085 0.005660 0.117202
0.722808 0.007675 0.116701
0.720148 0.009834 0.121212
0.721456 0.014833 0.119955
0.721686 0.018247 0.121454
0.722280 0.019893 0.120432
0.722997 0.023289 0.120181
0.723697 0.024954 0.118931
0.723185 0.026967 0.115680
0.720021 0.025702 0.119701
0.720296 0.025626 0.118712
0.719404 0.025636 0.121962
0.720596 0.025680 0.117407
0.719567 0.025691 0.121157
0.718388 0.027715 0.120441
0.717671 0.029723 0.117941
0.715544 0.028339 0.118190
0.716165 0.028301 0.115944
0.717292 0.027984 0.118195
0.716636 0.024916 0.111697
0.714064 0.026650 0.122445
0.579194 0.025604 0.112347
0.577825 0.025915 0.109846
0.573563 0.024802 0.114099
0.568515 0.024106 0.111379
0.566818 0.024405 0.111372
0.561147 0.023669 0.113369
0.558066 0.024332 0.110367
0.553034 0.025283 0.109614
0.553030 0.025254 0.109610
0.545767 0.024812 0.110065
0.547313 0.024500 0.111566
0.538418 0.024392 0.112312
0.539968 0.024095 0.114603
0.536720 0.024722 0.113101
0.531702 0.023962 0.109116
0.529844 0.024287 0.110865
0.529706 0.024334 0.112086
0.524550 0.025287 0.112833
0.524588 0.025240 0.111822
0.522685 0.023809 0.111350
0.521185 0.024115 0.108850
0.520629 0.022433 0.111850
0.520950 0.024114 0.111593
0.519096 0.024439 0.113592
0.519269 0.024457 0.111085
0.517590 0.024793 0.111351
0.515998 0.025082 0.109849
0.513689 0.023721 0.113849
0.513889 0.023707 0.111099
0.513661 0.023757 0.113334
0.513537 0.023780 0.115834
0.513206 0.029146 0.110355
0.512971 0.029144 0.113605
0.512233 0.034519 0.113343
0.511947 0.034497 0.117343
0.513635 0.034182 0.117344
0.511392 0.038251 0.109818
0.512431 0.043392 0.108578
0.512607 0.045062 0.110578
0.511815 0.050439 0.111574
0.511939 0.050476 0.109824
0.510652 0.054074 0.113579
0.510970 0.055767 0.113578
0.510405 0.062804 0.114560
0.511253 0.067823 0.116058
0.510198 0.070023 0.111805
0.510854 0.073428 0.111554
0.513047 0.076420 0.113579
0.511088 0.075074 0.112829
0.512077 0.080165 0.112299
0.512196 0.081766 0.115035
0.512081 0.089098 0.110782
0.511939 0.088982 0.112782
0.513983 0.090315 0.113063
0.513616 0.096131 0.107293
0.511871 0.097755 0.112541
0.512993 0.103012 0.110289
0.510997 0.103060 0.114564
0.510964 0.104386 0.119563
0.511345 0.112324 0.108815
0.511024 0.110618 0.108815
0.512323 0.118792 0.112539
0.512002 0.117092 0.112539
0.512666 0.120512 0.112573
0.510931 0.120816 0.113072
0.510935 0.122107 0.117572
0.511829 0.124650 0.108556
0.511768 0.125832 0.113779
0.510429 0.127894 0.113278
0.512542 0.128065 0.108048
0.512702 0.129532 0.110296
0.514283 0.128974 0.112564
0.514242 0.129008 0.112265
0.515883 0.128622 0.113016
0.515865 0.128597 0.113266
0.517640 0.128356 0.112536
0.519259 0.127946 0.113537
0.519281 0.127913 0.113535
0.523302 0.129352 0.109786
0.523280 0.129421 0.109798
0.526835 0.128961 0.108050
0.530148 0.129521 0.113052
0.530088 0.129462 0.113816
0.535297 0.128644 0.112569
0.535719 0.129080 0.108069
0.541001 0.131083 0.112816
0.539448 0.131545 0.111315
0.544508 0.130640 0.111296
0.544589 0.130549 0.111294
0.546617 0.131942 0.111295
0.549573 0.131018 0.115590
0.551461 0.130880 0.113841
0.553318 0.132120 0.115342
0.554696 0.130120 0.114543
0.555078 0.130424 0.111553
0.556783 0.130111 0.111554
0.563002 0.129792 0.119325
0.565542 0.131601 0.115076
0.566950 0.129638 0.114823
0.570581 0.130643 0.115575
0.574787 0.132108 0.111576
0.577865 0.131235 0.114078
0.581564 0.132174 0.114841
0.584438 0.131178 0.118593
0.584390 0.131291 0.118591
0.588330 0.132521 0.117092
0.591381 0.134633 0.110109
0.592870 0.134168 0.111610
0.597602 0.132951 0.114630
0.599972 0.133070 0.110381
0.601343 0.132508 0.112074
0.602976 0.132146 0.112575
0.605958 0.131213 0.115598
0.608036 0.131127 0.113349
0.609743 0.130806 0.113357
0.611490 0.132028 0.115107
0.611476 0.132002 0.115090
0.614610 0.129702 0.114842
0.619697 0.131809 0.118828
0.622080 0.131931 0.115099
0.624736 0.132147 0.109851
0.627318 0.132583 0.116352
0.630535 0.131864 0.117338
0.635661 0.132421 0.119108
0.637379 0.130586 0.117359
0.639774 0.133707 0.117081
0.642902 0.132938 0.118583
0.644013 0.130737 0.120096
0.647558 0.131721 0.121097
0.651493 0.132926 0.120642
0.652669 0.130860 0.121101
0.658516 0.133364 0.120852
0.658560 0.133330 0.120877
0.664251 0.135759 0.121379
0.665630 0.135296 0.122880
0.670017 0.135167 0.118355
0.669237 0.134763 0.122128
0.670252 0.135230 0.117629
0.673316 0.134526 0.119137
0.678339 0.135102 0.121139
0.678318 0.135054 0.121101
0.680330 0.134877 0.119852
0.683925 0.131719 0.125136
0.687062 0.133571 0.120637
0.687817 0.132850 0.124637
0.691989 0.132544 0.121639
0.695092 0.131811 0.122587
0.700358 0.132554 0.123899
0.700659 0.133675 0.115900
0.702316 0.132350 0.122902
0.702359 0.132336 0.122916
0.704665 0.132258 0.120667
0.707525 0.131420 0.122919
0.709198 0.131078 0.122903
0.713115 0.130641 0.121155
0.712923 0.129661 0.128148
0.715634 0.129685 0.124649
0.719906 0.132499 0.124168
0.721214 0.132042 0.125669
0.722483 0.132509 0.121181
0.719707 0.132514 0.124934
0.716742 0.131725 0.121933
0.716016 0.132402 0.118178
0.711214 0.130930 0.121926
0.707973 0.129901 0.119609
0.702804 0.132401 0.120856
0.703550 0.130200 0.123373
0.697872 0.131901 0.118620
0.697135 0.131679 0.121640
0.693755 0.132317 0.121388
0.690127 0.132828 0.122137
0.691536 0.132396 0.123388
0.681936 0.132969 0.119128
0.683034 0.133955 0.123128
0.675974 0.133567 0.122372
0.672352 0.132472 0.121857
0.665873 0.132386 0.118618
0.666206 0.134091 0.118617
0.662661 0.133145 0.117345
0.663940 0.132634 0.119346
0.656153 0.132936 0.114364
0.657355 0.133928 0.118364
0.651911 0.131619 0.116612
0.650167 0.131918 0.116588
0.647303 0.130084 0.120578
0.645119 0.132853 0.116076
0.642861 0.131398 0.117385
0.639387 0.131990 0.117633
0.636039 0.131093 0.115617
0.632093 0.131436 0.118365
0.632329 0.131561 0.117115
0.626560 0.132132 0.120317
0.626048 0.130336 0.121318
0.621039 0.132559 0.111333
0.619429 0.131739 0.120099
0.617193 0.133039 0.113348
0.613539 0.131974 0.112819
0.610272 0.131356 0.122068
0.605871 0.131210 0.115816
0.598762 0.130717 0.115575
0.597499 0.132807 0.115061
0.595656 0.131538 0.113811
0.596013 0.133287 0.113860
0.592457 0.132328 0.112608
0.592419 0.132327 0.112597
0.581495 0.132237 0.115091
0.578976 0.130468 0.118588
0.574417 0.130342 0.112085
0.574440 0.130304 0.112077
0.568553 0.129192 0.115574
0.566716 0.129469 0.116558
0.564970 0.128299 0.114308
0.561460 0.128784 0.115301
0.551763 0.131099 0.110796
0.553408 0.130821 0.111053
0.547631 0.131137 0.117300
0.546578 0.131998 0.111576
0.540798 0.129502 0.111823
0.541141 0.131212 0.111827
0.539757 0.131849 0.108576
0.536581 0.132748 0.105540
0.532196 0.130948 0.112549
0.526539 0.128580 0.111547
0.526731 0.128798 0.109297
0.524823 0.128845 0.111528
0.521034 0.127788 0.112817
0.518748 0.131115 0.102056
0.515828 0.128574 0.113805
0.516352 0.129252 0.106805
0.514346 0.129155 0.111048
0.514686 0.130884 0.110798
0.510789 0.129509 0.113795
0.510929 0.129704 0.111794
0.510438 0.127857 0.113809
0.510464 0.126631 0.108810
0.512969 0.122193 0.112555
0.511074 0.120963 0.110805
0.513100 0.114763 0.116567
0.513789 0.108021 0.112827
0.512633 0.101351 0.111078
0.513566 0.097548 0.112039
0.514504 0.092306 0.109291
0.511997 0.089016 0.111804
0.512501 0.083434 0.115056
0.512015 0.081545 0.118843
0.513501 0.078147 0.112845
0.512804 0.074716 0.112812
0.512077 0.071274 0.114063
0.512120 0.069812 0.108818
0.511903 0.059288 0.108822
0.510598 0.061330 0.107052
0.511540 0.059124 0.113303
0.511227 0.057542 0.113303
0.511720 0.048867 0.107806
0.511709 0.048822 0.107810
0.512451 0.045029 0.112312
0.512499 0.044999 0.112318
0.512959 0.037909 0.111821
0.512309 0.036184 0.116319
0.512102 0.032832 0.110321
0.512038 0.032840 0.110834
0.515230 0.032197 0.113585
0.514033 0.032573 0.106822
0.513651 0.032554 0.112072
0.513798 0.032553 0.110084
0.513362 0.032531 0.116083
0.511814 0.032844 0.115093
0.513723 0.032540 0.112094
0.513918 0.032530 0.108843
0.512075 0.032839 0.110842
0.512065 0.032869 0.110835
0.511479 0.032835 0.119085
0.511918 0.032819 0.113595
0.513620 0.030820 0.109097
0.513543 0.029156 0.105082
0.512487 0.027462 0.115332
0.512376 0.027448 0.116326
0.513525 0.023751 0.115078
0.511922 0.024061 0.113827
0.511938 0.024083 0.114090
0.514234 0.025438 0.109555
0.512713 0.025748 0.107055
0.514342 0.025432 0.109075
0.519076 0.024498 0.113827
0.521312 0.025852 0.110572
0.528106 0.026246 0.114579
0.530998 0.025688 0.119834
0.536579 0.024722 0.114337
0.536607 0.024715 0.114352
0.545664 0.024816 0.111857
0.550706 0.025572 0.115373
0.554182 0.024936 0.114625
0.554154 0.024951 0.114592
0.557926 0.026010 0.114093
0.562554 0.025063 0.118108
0.566934 0.024398 0.110110
0.567208 0.026100 0.110096
0.573419 0.024846 0.114849
0.576904 0.025923 0.116866
0.578739 0.025604 0.115867
0.580351 0.025322 0.116629
0.585984 0.026061 0.115131
0.591229 0.025088 0.114372
0.595127 0.027846 0.115373
0.597980 0.025492 0.116884
0.600237 0.026865 0.115385
0.605708 0.024226 0.111392
0.613664 0.024360 0.116896
0.614308 0.024261 0.112601
0.615592 0.023955 0.115102
0.617508 0.025374 0.116134
0.624527 0.024102 0.115138
0.624893 0.025788 0.114902
0.633508 0.024199 0.114657
0.633511 0.024219 0.114657
0.634987 0.023907 0.115908
0.639186 0.024902 0.113385
0.642525 0.024268 0.113887
0.642517 0.024361 0.113869
0.651025 0.024480 0.115873
0.651044 0.024476 0.115906
0.656630 0.026922 0.116907
0.657782 0.026556 0.119664
0.662972 0.027301 0.120917
0.665347 0.027016 0.117654
0.666844 0.026700 0.118654
0.669649 0.026098 0.121673
0.676741 0.024830 0.120677
0.680038 0.025881 0.122672
0.682527 0.025555 0.119423
0.685333 0.024936 0.121912
0.688285 0.026302 0.118163
0.687378 0.026313 0.121924
0.695518 0.026732 0.118178
0.702004 0.028877 0.122440
0.701977 0.028830 0.122425
0.704282 0.030208 0.121426
0.707550 0.029559 0.122174
0.709929 0.030939 0.120924
0.714996 0.030315 0.114927
0.714990 0.030006 0.121146
0.715987 0.029366 0.130147
0.721344 0.030479 0.124690
0.724998 0.031872 0.118941
0.722654 0.030131 0.126202
0.722907 0.031803 0.126144
0.722838 0.031802 0.126394
0.723186 0.028449 0.122924
0.724521 0.026438 0.123176
0.724174 0.021373 0.120926
0.724531 0.019391 0.124677
0.723473 0.014319 0.125215
0.723578 0.012826 0.117466
0.723764 0.009161 0.120717
0.722825 0.005765 0.121703
0.721435 0.005878 0.126703
0.721807 0.000543 0.128220
0.722992 -0.001281 0.122695
0.722353 -0.004670 0.122696
0.723101 -0.008398 0.123959
0.723715 -0.011962 0.119461
0.723478 -0.020669 0.120696
0.723759 -0.027754 0.121460
0.722499 -0.031018 0.123710
0.722557 -0.036423 0.119922
0.720822 -0.036098 0.119921
0.721463 -0.044855 0.124735
0.721112 -0.048317 0.123736
0.721446 -0.052005 0.120243
0.722345 -0.055674 0.120994
0.721535 -0.057274 0.122736
0.721433 -0.055453 0.124235
0.722515 -0.059120 0.124210
0.721250 -0.064051 0.125469
0.722908 -0.064356 0.125720
0.720459 -0.069223 0.124985
0.722187 -0.069552 0.124986
0.722383 -0.071483 0.122961
0.723213 -0.075109 0.123963
0.720638 -0.074411 0.127232
0.721705 -0.076303 0.128484
0.720276 -0.076046 0.127209
0.718552 -0.075717 0.127208
0.718771 -0.075817 0.126470
0.717114 -0.075514 0.126219
0.713097 -0.076495 0.127204
0.713406 -0.074804 0.127203
0.709795 -0.076202 0.120206
0.709842 -0.074399 0.121206
0.704689 -0.075275 0.119698
0.703022 -0.074970 0.119447
0.699393 -0.074232 0.120226
0.698423 -0.074203 0.117225
0.694168 -0.075032 0.119207
0.690905 -0.072623 0.119716
0.689172 -0.074120 0.118465
0.681880 -0.074490 0.118697
0.678961 -0.075480 0.122446
0.671447 -0.074252 0.117695
0.667749 -0.075417 0.117186
0.660168 -0.075618 0.118909
0.654754 -0.076359 0.118657
0.653635 -0.076276 0.115946
0.651912 -0.077806 0.114445
0.648256 -0.077096 0.115417
0.646180 -0.076588 0.117165
0.642987 -0.076003 0.116201
0.635735 -0.076330 0.116712
0.635235 -0.074778 0.111961
0.631068 -0.073821 0.115419
0.625834 -0.074667 0.114167
0.624621 -0.074539 0.111701
0.617037 -0.074708 0.113947
0.615877 -0.072875 0.112158
0.612339 -0.074051 0.110907
0.609839 -0.073208 0.115933
0.600001 -0.075316 0.109157
0.597939 -0.072859 0.113405
0.597986 -0.072894 0.113452
0.596313 -0.072593 0.113201
0.591161 -0.073516 0.111199
0.582249 -0.073689 0.110646
0.577316 -0.074793 0.106638
0.568174 -0.072672 0.111406
0.567861 -0.074377 0.111407
0.564635 -0.073894 0.109641
0.564818 -0.074042 0.108141
0.557575 -0.074340 0.109156
0.553903 -0.073467 0.111404
0.552130 -0.075073 0.109154
0.546926 -0.075988 0.107159
0.541569 -0.074858 0.108873
0.539570 -0.076268 0.108622
0.532898 -0.075141 0.106634
0.534471 -0.075315 0.108135
0.527742 -0.074115 0.107384
0.527828 -0.074214 0.106384
0.524368 -0.073562 0.106891
0.525573 -0.075370 0.109143
0.520586 -0.072440 0.110875
0.518434 -0.073616 0.112880
0.516962 -0.073591 0.109879
0.516817 -0.073470 0.111612
0.513561 -0.073023 0.109610
0.514889 -0.074975 0.110364
0.515368 -0.073524 0.107862
0.515111 -0.075255 0.108130
0.517228 -0.073993 0.106881
0.519058 -0.072362 0.109381
0.522164 -0.076913 0.104618
0.525164 -0.076937 0.110385
0.527054 -0.075404 0.111886
0.529289 -0.076326 0.105382
0.532330 -0.076544 0.109634
0.535674 -0.077109 0.110640
0.541129 -0.076401 0.110392
0.542836 -0.076742 0.110411
0.549315 -0.077704 0.113665
0.551865 -0.074981 0.110871
0.558456 -0.074100 0.115623
0.560557 -0.072613 0.115646
0.565784 -0.073683 0.114649
0.565521 -0.075478 0.114416
0.575213 -0.076058 0.107921
0.574702 -0.075752 0.111407
0.576927 -0.074522 0.109908
0.586880 -0.076242 0.111896
0.587193 -0.074536 0.111895
0.591787 -0.075001 0.115917
0.592807 -0.073773 0.111167
0.598707 -0.078277 0.113402
0.601285 -0.074586 0.122652
0.605206 -0.074531 0.110398
0.608438 -0.075061 0.111650
0.612683 -0.075461 0.117172
0.612951 -0.073738 0.117421
0.616300 -0.074355 0.117919
0.619371 -0.073579 0.111920
0.623014 -0.074256 0.111203
0.625907 -0.072735 0.115954
0.629415 -0.073535 0.115176
0.634140 -0.074292 0.117428
0.636953 -0.073311 0.113166
0.639534 -0.073523 0.117684
0.645647 -0.073127 0.114437
0.649017 -0.073689 0.114950
0.649784 -0.074062 0.111201
0.653967 -0.072822 0.117169
0.654948 -0.072803 0.120669
0.656947 -0.073131 0.119703
0.664479 -0.074745 0.116707
0.666825 -0.076842 0.120214
0.671576 -0.075796 0.123193
0.672603 -0.076256 0.118693
0.678931 -0.075490 0.122446
0.678941 -0.075909 0.114936
0.686646 -0.075321 0.120190
0.686718 -0.075248 0.120218
0.689313 -0.073762 0.124971
0.693383 -0.075048 0.115474
0.693009 -0.076728 0.115724
0.701869 -0.076264 0.122979
0.701850 -0.076376 0.122964
0.706136 -0.075542 0.120966
0.710461 -0.076405 0.117724
0.714616 -0.076981 0.121739
0.717943 -0.077754 0.121949
0.720432 -0.078372 0.119201
0.719899 -0.078089 0.121499
0.721502 -0.080183 0.120444
0.721814 -0.078479 0.120443
0.721544 -0.076259 0.128959
0.721137 -0.076420 0.124209
0.722035 -0.073137 0.123228
0.720685 -0.071133 0.122976
0.722866 -0.069782 0.122451
0.722793 -0.066151 0.124949
0.724594 -0.061319 0.121992
0.724907 -0.059619 0.121991
0.723373 -0.055799 0.123490
0.723793 -0.054152 0.122951
0.723791 -0.050583 0.125200
0.723832 -0.043597 0.123475
0.722342 -0.039780 0.124977
0.723055 -0.036407 0.124438
0.722090 -0.036257 0.121687
0.722360 -0.032787 0.123235
0.723927 -0.031355 0.118735
0.722157 -0.027485 0.120956
0.722653 -0.024063 0.121455
0.721883 -0.022204 0.125463
0.720987 -0.022031 0.122462
0.720911 -0.016733 0.126210
0.721436 -0.015076 0.125459
0.720755 -0.009765 0.124955
0.721074 -0.008074 0.124955
0.718531 -0.005863 0.129213
0.721279 -0.000953 0.122707
0.719019 0.002865 0.126954
0.721046 0.004361 0.120681
0.722934 0.007474 0.122431
0.721083 0.011261 0.125195
0.721374 0.013122 0.119196
0.720523 0.014880 0.123445
0.721590 0.016287 0.126934
0.721411 0.019951 0.123683
0.721255 0.019984 0.124171
0.723304 0.021359 0.124172
0.721957 0.021601 0.122947
0.723406 0.021291 0.123948
0.722742 0.021329 0.126186
0.722886 0.023010 0.126943
0.723035 0.025042 0.121168
0.723498 0.026739 0.120667
0.721489 0.025136 0.126691
0.721419 0.025137 0.126941
0.721425 0.025432 0.120691
0.719175 0.027377 0.123648
0.718166 0.025691 0.126148
0.717796 0.025977 0.121440
0.712969 0.026945 0.120197
0.710318 0.025572 0.122447
0.707864 0.025938 0.124924
0.704065 0.026876 0.119672
0.701917 0.027105 0.121425
0.700896 0.027418 0.118675
0.698542 0.027766 0.121159
0.694899 0.026704 0.120658
0.694336 0.026709 0.122907
0.689734 0.027644 0.120690
0.685604 0.026663 0.122172
0.684594 0.026867 0.119151
0.681360 0.025799 0.116900
0.679438 0.027865 0.119173
0.674608 0.027122 0.116423
0.671167 0.027763 0.116422
0.668505 0.026388 0.119171
0.667277 0.024962 0.115395
0.665765 0.026981 0.115894
0.665712 0.027026 0.116155
0.660390 0.026278 0.115402
0.658127 0.026560 0.118159
0.656677 0.026875 0.116908
0.653858 0.025837 0.112152
0.649524 0.024781 0.114901
0.646936 0.027145 0.112432
0.641004 0.026358 0.114642
0.640683 0.024659 0.114643
0.635082 0.023921 0.115405
0.632592 0.024536 0.110403
0.629813 0.024907 0.116177
0.625132 0.025851 0.113675
0.623545 0.026158 0.112639
0.621154 0.024783 0.114638
0.614824 0.026014 0.111643
0.616367 0.025698 0.112644
0.610869 0.026644 0.115138
0.605907 0.027594 0.114135
0.606066 0.027626 0.113161
0.604436 0.026239 0.110661
0.602162 0.026517 0.114145
0.595317 0.026085 0.112142
0.595461 0.026100 0.111126
0.594968 0.026108 0.114376
0.591894 0.026738 0.111884
0.588185 0.027376 0.113882
0.583399 0.026611 0.109103
0.581514 0.026932 0.110352
0.579682 0.027218 0.111612
0.575317 0.026166 0.116360
0.572298 0.026868 0.113628
0.570851 0.027182 0.111627
0.567093 0.026085 0.111339
0.563515 0.025017 0.110088
0.561247 0.025380 0.114855
0.559578 0.025696 0.114605
0.556304 0.026353 0.113094
0.552806 0.025285 0.111093
0.552866 0.025211 0.111375
0.549223 0.024145 0.110623
0.539124 0.024380 0.106108
0.533234 0.023646 0.110338
0.527979 0.024605 0.112085
0.526297 0.023157 0.108324
0.521185 0.024225 0.108592
0.519365 0.024549 0.110091
0.514364 0.025407 0.108324
0.515861 0.025099 0.111075
0.514390 0.025394 0.108326
0.512652 0.025713 0.108825
0.512506 0.025762 0.111338
0.512586 0.025726 0.109325
0.512349 0.025774 0.112828
0.512760 0.025757 0.107078
0.513100 0.029093 0.111324
0.511650 0.031103 0.112323
0.512000 0.032876 0.112084
0.512389 0.034576 0.111083
0.511786 0.040004 0.109081
0.513658 0.041314 0.110828
0.512826 0.045125 0.107577
0.513266 0.048477 0.110326
0.513506 0.051714 0.115291
0.512454 0.053828 0.110790
0.511693 0.057699 0.107326
0.510969 0.063107 0.107078
0.511376 0.064854 0.105827
0.511810 0.068147 0.108805
0.511680 0.075458 0.104301
0.511399 0.075279 0.108301
0.514169 0.081608 0.111826
0.512224 0.080275 0.110826
0.513225 0.085430 0.109298
0.513202 0.086864 0.114047
0.514018 0.090390 0.112051
0.513105 0.094227 0.110049
0.513467 0.096029 0.108804
0.514037 0.099369 0.109803
0.512564 0.101229 0.111543
0.512971 0.104390 0.114792
0.513940 0.108136 0.110550
0.514261 0.109839 0.110549
0.514437 0.111376 0.112555
0.514019 0.117207 0.107257
0.513656 0.116781 0.112257
0.513875 0.118339 0.114031
0.512734 0.120640 0.110779
0.511120 0.121079 0.110058
0.511248 0.122534 0.112808
0.511586 0.124277 0.112297
0.511498 0.124161 0.113547
0.511931 0.126025 0.111535
0.510280 0.127654 0.116041
0.510635 0.129399 0.115540
0.510902 0.129695 0.111515
0.510640 0.129329 0.115265
0.511380 0.131595 0.109795
0.511398 0.131620 0.109545
0.513195 0.131517 0.107785
0.512871 0.131070 0.112285
0.514470 0.130637 0.113540
0.516260 0.130447 0.112291
0.515886 0.129884 0.117779
0.516393 0.130549 0.111029
0.519713 0.129782 0.112035
0.527024 0.130451 0.109788
0.527277 0.132095 0.110556
0.533865 0.130633 0.113055
0.537826 0.131959 0.110556
0.540963 0.131017 0.113304
0.544634 0.132044 0.113805
0.542990 0.132366 0.113305
0.549844 0.131165 0.112810
0.549822 0.131183 0.112800
0.555337 0.132025 0.112052
0.556778 0.131554 0.114049
0.558798 0.131516 0.111300
0.564157 0.132219 0.112065
0.565708 0.131782 0.113316
0.572326 0.131838 0.117302
0.576189 0.131567 0.113804
0.577727 0.131091 0.115310
0.581597 0.132272 0.114312
0.587827 0.133602 0.109113
0.588849 0.132810 0.113864
0.591143 0.132938 0.109582
0.595890 0.133232 0.114334
0.599708 0.134251 0.114366
0.597381 0.134151 0.118364
0.600564 0.133401 0.119613
0.606847 0.133210 0.112367
0.609183 0.134910 0.110342
0.610650 0.134445 0.111843
0.613786 0.133605 0.113322
0.616388 0.135338 0.110073
0.620184 0.134936 0.108361
0.621799 0.133268 0.118612
0.625886 0.132989 0.114572
0.627233 0.132477 0.116573
0.633354 0.135201 0.114837
0.636689 0.134531 0.115339
0.634990 0.134788 0.115326
0.640087 0.133835 0.115579
0.640037 0.133839 0.116110
0.645917 0.134826 0.114113
0.650124 0.133401 0.118625
0.650331 0.133503 0.117626
0.654327 0.133156 0.114555
0.654660 0.134866 0.114555
0.659592 0.133868 0.115846
0.665110 0.134728 0.115611
0.665952 0.133898 0.119847
0.667892 0.133694 0.118848
0.675433 0.135876 0.118851
0.677042 0.135590 0.119369
0.683200 0.134019 0.122382
0.688254 0.131500 0.121386
0.688221 0.133049 0.122885
0.692527 0.132790 0.119393
0.695242 0.133447 0.123644
0.699697 0.133279 0.119650
0.702826 0.132539 0.120902
0.706891 0.131156 0.125155
0.708602 0.131810 0.118655
0.709582 0.131195 0.121353
0.711710 0.132619 0.121103
0.712551 0.132042 0.124364
0.717732 0.132742 0.125680
0.721108 0.133049 0.119682
0.721057 0.133039 0.119616
0.725011 0.132603 0.117868
0.723751 0.132070 0.122663
0.723402 0.131944 0.123913
0.725423 0.132642 0.116644
0.722496 0.131010 0.119657
0.717116 0.130920 0.126654
0.717869 0.131197 0.123904
0.718111 0.131232 0.122844
0.715982 0.129810 0.123094
0.710128 0.129819 0.118156
0.706158 0.127712 0.125405
0.701210 0.127136 0.123106
0.700286 0.126818 0.126892
0.696911 0.128414 0.119889
0.695583 0.127936 0.125141
0.692900 0.128841 0.122139
0.691884 0.128405 0.126118
0.687690 0.131265 0.123615
0.683478 0.132644 0.119620
0.681120 0.131092 0.121139
0.677569 0.131655 0.121637
0.676443 0.133715 0.120637
0.672962 0.132753 0.119385
0.669296 0.133304 0.120111
0.667413 0.133534 0.120860
0.662564 0.133019 0.118109
0.662177 0.131289 0.118360
0.657950 0.131550 0.122118
0.655904 0.132821 0.115616
0.654481 0.131721 0.112616
0.653100 0.131106 0.119134
0.649572 0.131671 0.119632
0.646441 0.130804 0.116600
0.641123 0.131573 0.117332
0.635372 0.130794 0.118863
0.634091 0.131327 0.116612
0.634110 0.132784 0.118336
0.632118 0.131416 0.118086
0.625763 0.131426 0.113581
0.621977 0.131845 0.115579
0.616654 0.131139 0.115130
0.611122 0.130381 0.115380
0.602366 0.130148 0.114851
0.596772 0.130862 0.117570
0.595037 0.129665 0.115854
0.590440 0.130942 0.112351
0.588017 0.130744 0.116799
0.582974 0.130246 0.114047
0.579311 0.130739 0.115810
0.577778 0.131174 0.114560
0.572570 0.130548 0.112804
0.569454 0.131348 0.111076
0.566778 0.130889 0.118825
0.560227 0.130936 0.114054
0.558164 0.129529 0.114316
0.553314 0.130687 0.112064
0.550589 0.131917 0.106071
0.546031 0.130070 0.113819
0.540438 0.129190 0.114789
0.537501 0.131658 0.113287
0.533481 0.130260 0.116536
0.530251 0.129719 0.111278
0.524909 0.129052 0.110276
0.520166 0.130355 0.106549
0.519753 0.129841 0.111799
0.517779 0.128547 0.110277
0.515756 0.127156 0.110277
0.512653 0.129455 0.111038
0.510530 0.127874 0.113049
0.511164 0.130094 0.108047
0.510876 0.128433 0.107547
0.512487 0.127991 0.109305
0.512098 0.124862 0.105802
0.513627 0.115335 0.109299
0.513377 0.113711 0.108300
0.513557 0.106326 0.111553
0.514117 0.107020 0.103049
0.513303 0.103337 0.105798
0.514962 0.101573 0.102049
0.513540 0.095945 0.108808
0.513648 0.096042 0.107308
0.514983 0.095403 0.112309
0.514723 0.092371 0.107067
0.513732 0.087282 0.107042
0.514005 0.081519 0.113560
0.512081 0.080201 0.112309
0.513514 0.076711 0.107840
0.511368 0.075245 0.109590
0.512405 0.071559 0.109333
0.512121 0.069878 0.108834
0.512408 0.070016 0.105091
0.511344 0.066382 0.111092
0.513002 0.062914 0.102058
0.512680 0.061202 0.102059
0.511944 0.059370 0.107824
0.511624 0.057668 0.107825
0.513994 0.051884 0.108817
0.512431 0.045019 0.112819
0.513062 0.045119 0.104320
0.512404 0.041701 0.104571
0.513768 0.041295 0.109823
0.512418 0.036160 0.115325
0.512994 0.036270 0.106831
0.512674 0.034566 0.106832
0.511711 0.031225 0.111081
0.513391 0.030907 0.111332
0.513679 0.032480 0.112340
0.513301 0.032521 0.117332
0.511916 0.032853 0.113081
0.511959 0.032816 0.113096
0.513526 0.032493 0.114847
0.512447 0.027434 0.115810
0.512366 0.025707 0.112067
0.511995 0.024016 0.112818
0.512144 0.024058 0.111334
0.512641 0.025747 0.108833
0.514179 0.025502 0.111608
0.516119 0.025174 0.108359
0.517498 0.024804 0.112090
0.521669 0.025849 0.106342
0.521889 0.025856 0.103860
0.524811 0.025237 0.109862
0.524756 0.025204 0.109822
0.530046 0.025954 0.111324
0.530611 0.025956 0.105335
0.532096 0.025645 0.107836
0.539026 0.026084 0.110632
0.544031 0.025135 0.111635
0.546099 0.026509 0.110588
0.552483 0.025257 0.113806
0.554752 0.026629 0.111557
0.558564 0.025985 0.108058
0.559391 0.024001 0.113601
0.562056 0.027069 0.110851
0.561609 0.025344 0.111850
0.569664 0.027464 0.107103
0.567715 0.026060 0.106086
0.568799 0.025755 0.111086
0.574160 0.024807 0.109875
0.576022 0.026194 0.111125
0.579143 0.025546 0.113111
0.579620 0.025535 0.109611
0.582953 0.024999 0.110372
0.588669 0.025697 0.108887
0.592133 0.025031 0.107843
0.593699 0.024716 0.108843
0.595112 0.024406 0.110844
0.596582 0.024119 0.112868
0.600791 0.025172 0.109869
0.604541 0.024457 0.107628
0.604141 0.024467 0.110128
0.609809 0.025233 0.109406
0.610181 0.025225 0.107156
0.612668 0.024686 0.112655
0.617333 0.025708 0.107145
0.617621 0.025415 0.115395
0.623790 0.024476 0.109380
0.625676 0.025831 0.110384
0.629440 0.025187 0.108636
0.633850 0.024277 0.112644
0.634949 0.023974 0.115895
0.641294 0.026372 0.113414
0.641561 0.024659 0.110415
0.644288 0.025813 0.115408
0.645350 0.025506 0.118659
0.647558 0.025082 0.116131
0.651416 0.026143 0.115632
0.652293 0.026186 0.111382
0.654436 0.025861 0.109383
0.655272 0.025555 0.113634
0.659144 0.026606 0.113141
0.662988 0.025894 0.111423
0.663944 0.027288 0.116423
0.666500 0.027030 0.112669
0.665451 0.027038 0.117418
0.668231 0.026639 0.112652
0.671672 0.027708 0.114153
0.673114 0.027392 0.115404
0.678934 0.028153 0.113912
0.682301 0.027578 0.114432
0.685795 0.028628 0.115419
0.683386 0.027246 0.116918
0.685335 0.028596 0.117701
0.689151 0.027960 0.116203
0.689129 0.028002 0.116161
0.692911 0.029068 0.116162
0.693198 0.030738 0.116149
0.697316 0.029781 0.120402
0.699158 0.027804 0.118652
0.703131 0.028868 0.117903
0.702486 0.028893 0.120397
0.705221 0.028260 0.123149
0.708281 0.027904 0.118182
0.707840 0.027822 0.119651
0.707577 0.027823 0.120651
0.712929 0.028965 0.114923
0.714794 0.028309 0.120926
0.718185 0.027675 0.121178
0.717885 0.029427 0.123423
0.720562 0.029062 0.119923
0.719948 0.030830 0.123450
0.719625 0.029137 0.123451
0.720382 0.029138 0.120701
0.721074 0.029050 0.117896
0.721530 0.027426 0.115173
0.721993 0.029133 0.114672
0.721642 0.025350 0.119930
0.721318 0.023650 0.119931
0.723291 0.021603 0.118205
0.722666 0.016239 0.123207
0.722914 0.012781 0.119696
0.722715 0.012876 0.120721
0.723595 0.009175 0.121473
0.722844 0.004081 0.120457
0.722297 -0.001058 0.118959
0.720845 -0.006198 0.120698
0.721234 -0.004508 0.120448
0.721830 -0.009860 0.121219
0.721511 -0.011557 0.121220
0.721515 -0.016716 0.117731
0.722407 -0.020411 0.118483
0.721829 -0.025662 0.123482
0.721512 -0.027356 0.123483
0.722062 -0.032757 0.117973
0.721510 -0.032637 0.119972
0.722840 -0.034687 0.120191
0.723177 -0.038317 0.116693
0.721866 -0.041487 0.119207
0.721993 -0.045089 0.116459
0.721470 -0.046741 0.117209
0.720294 -0.048252 0.120218
0.720330 -0.050018 0.118967
0.721201 -0.050083 0.122215
0.720673 -0.055300 0.120717
0.720692 -0.055378 0.120457
0.720900 -0.058830 0.123708
0.720657 -0.060548 0.123459
0.720617 -0.062340 0.122452
0.722655 -0.064513 0.120499
0.720294 -0.067588 0.120499
0.720963 -0.067914 0.117967
0.721871 -0.071302 0.124969
0.722646 -0.071553 0.122255
0.720982 -0.071247 0.122004
0.720869 -0.072997 0.121236
0.723168 -0.074967 0.124209
0.724042 -0.077104 0.119960
0.722122 -0.076805 0.120457
0.721671 -0.074823 0.123206
0.719759 -0.076139 0.122984
0.718712 -0.076064 0.120484
0.714962 -0.077314 0.120211
0.708923 -0.075871 0.123474
0.708678 -0.077594 0.123224
0.708162 -0.075842 0.119987
0.704568 -0.075130 0.120485
0.699412 -0.076112 0.118970
0.700631 -0.076237 0.120971
0.697221 -0.075581 0.120695
0.693330 -0.074744 0.122443
0.690588 -0.074308 0.119700
0.689540 -0.075702 0.122700
0.684838 -0.074993 0.120699
0.678784 -0.075783 0.115948
0.677434 -0.075666 0.114218
0.674941 -0.074576 0.124967
0.673431 -0.074342 0.123938
0.669776 -0.075866 0.115937
0.667550 -0.075280 0.118455
0.666381 -0.075204 0.115955
0.666064 -0.076947 0.115962
0.662395 -0.076186 0.116960
0.660056 -0.075570 0.119693
0.657897 -0.075521 0.113692
0.654444 -0.076200 0.120446
0.653825 -0.074553 0.116695
0.652610 -0.074429 0.114188
0.650213 -0.075629 0.115937
0.646323 -0.076638 0.116430
0.646635 -0.074935 0.116430
0.643654 -0.076307 0.112967
0.639913 -0.075497 0.114465
0.636723 -0.073115 0.114415
0.636651 -0.074945 0.113166
0.632815 -0.074129 0.115426
0.631472 -0.074001 0.113425
0.627527 -0.074949 0.114423
0.624228 -0.074368 0.113671
0.622790 -0.074196 0.112198
0.619971 -0.072004 0.110445
0.615517 -0.072617 0.114426
0.614951 -0.072952 0.107676
0.612165 -0.072024 0.113908
0.610762 -0.073773 0.110158
0.610717 -0.073813 0.110141
0.603959 -0.072576 0.109388
0.601879 -0.073916 0.110158
0.598815 -0.073506 0.107405
0.596054 -0.074417 0.112154
0.592831 -0.073866 0.110645
0.589306 -0.075070 0.109143
0.583847 -0.075724 0.109665
0.582619 -0.073813 0.108413
0.582248 -0.075571 0.108401
0.577316 -0.074704 0.107421
0.569988 -0.075050 0.108164
0.567679 -0.074250 0.112913
0.557353 -0.074196 0.110887
0.555816 -0.074009 0.109385
0.554440 -0.073982 0.106384
0.550084 -0.074439 0.112147
0.546413 -0.077557 0.108647
0.543549 -0.075420 0.106389
0.542831 -0.076725 0.110389
0.541278 -0.076562 0.108893
0.536459 -0.075917 0.105640
0.536473 -0.075921 0.105648
0.530841 -0.076456 0.107645
0.529641 -0.074588 0.105393
0.527463 -0.075800 0.107143
0.525520 -0.075207 0.109637
0.523774 -0.074834 0.110136
0.523913 -0.075095 0.108636
0.520264 -0.076258 0.107635
0.518715 -0.076100 0.105640
0.518779 -0.074065 0.108889
0.517337 -0.074045 0.105888
0.516775 -0.075430 0.109139
0.515379 -0.073446 0.108625
0.515156 -0.075279 0.107376
0.511495 -0.074323 0.111125
0.511442 -0.074248 0.111875
0.511425 -0.074151 0.111876
0.511513 -0.074276 0.110626
0.511531 -0.074241 0.110625
0.512014 -0.072920 0.108136
0.513404 -0.074952 0.108138
0.515536 -0.073695 0.105852
0.520331 -0.074244 0.110105
0.525837 -0.073567 0.109370
0.525480 -0.075223 0.109871
0.530850 -0.076577 0.107126
0.531188 -0.074891 0.106875
0.535830 -0.075298 0.112402
0.535931 -0.075405 0.110887
0.539828 -0.076560 0.105890
0.549868 -0.076246 0.111383
0.550182 -0.074542 0.111382
0.559249 -0.074631 0.109407
0.561167 -0.075140 0.107638
0.562581 -0.075215 0.110138
0.566683 -0.074426 0.107140
0.572050 -0.073619 0.107893
0.574494 -0.074467 0.102929
0.579237 -0.073191 0.108432
0.578786 -0.074880 0.108650
0.583687 -0.073752 0.112652
0.590854 -0.073321 0.113180
0.594833 -0.074365 0.109431
0.596616 -0.072857 0.110383
0.597445 -0.072617 0.116133
0.600441 -0.071851 0.109884
0.605885 -0.071045 0.110431
0.605279 -0.070683 0.114181
0.612011 -0.073845 0.112909
0.612323 -0.072140 0.112908
0.618096 -0.073466 0.109440
0.617753 -0.073260 0.111425
0.626626 -0.073168 0.111679
0.629866 -0.073765 0.112390
0.636973 -0.073322 0.112893
0.636803 -0.075049 0.112697
0.639011 -0.075630 0.110198
0.649247 -0.073800 0.113968
0.649298 -0.073825 0.113718
0.654459 -0.072979 0.115188
0.656236 -0.073333 0.114939
0.659810 -0.075890 0.112946
0.663255 -0.074690 0.114448
0.668317 -0.075650 0.114669
0.667258 -0.075168 0.119418
0.676448 -0.073441 0.119690
0.675705 -0.073535 0.115440
0.682948 -0.071233 0.116969
0.684087 -0.073204 0.117963
0.687492 -0.072013 0.119464
0.691746 -0.072993 0.116216
0.694664 -0.073386 0.118446
0.694851 -0.071634 0.118945
0.696576 -0.072043 0.118959
0.699400 -0.072456 0.121460
0.704017 -0.073487 0.116953
0.707903 -0.074029 0.121950
0.711829 -0.074866 0.120202
0.710585 -0.076209 0.123702
0.713460 -0.076655 0.125704
0.717143 -0.077727 0.118735
0.718539 -0.077928 0.119986
0.720310 -0.078300 0.119710
0.721632 -0.078475 0.121210
0.723711 -0.078946 0.119960
0.723641 -0.078920 0.120210
0.722970 -0.078610 0.122713
0.721964 -0.076735 0.121212
0.722611 -0.078778 0.118018
0.721326 -0.073151 0.119765
0.720474 -0.069252 0.124704
0.721886 -0.064564 0.116703
0.722174 -0.062797 0.116980
0.722319 -0.059232 0.118729
0.721611 -0.059004 0.121213
0.721925 -0.057304 0.121212
0.723814 -0.050666 0.118965
0.722668 -0.048711 0.117964
0.722592 -0.045207 0.120465
0.723284 -0.041926 0.113964
0.723329 -0.041883 0.113976
0.723352 -0.034761 0.118474
0.723358 -0.034745 0.118477
0.722544 -0.027539 0.119723
0.722495 -0.027653 0.119700
0.723714 -0.026126 0.116450
0.722641 -0.020591 0.117433
0.722215 -0.018673 0.120195
0.724587 -0.015598 0.120194
0.723991 -0.008528 0.120699
0.722604 -0.008251 0.119448
0.724806 -0.001517 0.116173
0.723050 0.003942 0.119694
0.721731 0.004056 0.124443
0.722148 0.007482 0.125463
0.720493 0.007796 0.125212
0.721598 0.007727 0.121209
0.724391 0.010775 0.119709
0.723669 0.014277 0.124436
0.722586 0.017979 0.124434
0.722228 0.017989 0.125688
0.720089 0.018322 0.127187
0.720779 0.019941 0.125943
0.721516 0.021619 0.124443
0.722834 0.023407 0.120666
0.721862 0.023425 0.124165
0.720893 0.023667 0.121433
0.721125 0.027063 0.122931
0.719858 0.029079 0.122417
0.718454 0.027402 0.126414
0.715891 0.028029 0.123180
0.713044 0.028662 0.120929
0.711182 0.028979 0.121428
0.707739 0.029618 0.121126
0.704305 0.030219 0.121439
0.703224 0.028842 0.117689
0.697428 0.029806 0.120188
0.691673 0.027364 0.119936
0.689863 0.027697 0.120172
0.688445 0.028013 0.118921
0.686790 0.028300 0.118669
0.685307 0.028617 0.117668
0.678371 0.028207 0.116706
0.674521 0.028842 0.118453
0.674070 0.027125 0.118648
0.666472 0.028709 0.114144
0.664117 0.027327 0.115664
0.657384 0.025186 0.111912
0.655466 0.027197 0.114412
0.649572 0.026455 0.116409
0.646267 0.027127 0.115655
0.642435 0.025972 0.115882
0.636247 0.027237 0.112379
0.632764 0.026229 0.111142
0.628488 0.026804 0.115366
0.626547 0.025423 0.114866
0.618420 0.027084 0.112390
0.616489 0.027403 0.113639
0.612256 0.028456 0.108920
0.611684 0.026753 0.110421
0.605498 0.025902 0.114380
0.604070 0.026215 0.112629
0.598923 0.025436 0.110893
0.596865 0.025761 0.113142
0.591538 0.025063 0.112375
0.581018 0.025247 0.111600
0.578196 0.025924 0.107358
0.574145 0.026571 0.112106
0.575718 0.026256 0.113107
0.572588 0.026833 0.110846
0.565429 0.026381 0.110832
0.560107 0.025680 0.110110
0.552848 0.025217 0.110834
0.554758 0.026600 0.111834
0.548014 0.026191 0.108589
0.545944 0.026517 0.112088
0.542862 0.027130 0.109094
0.537501 0.026381 0.108342
0.535925 0.026733 0.106860
0.533987 0.027056 0.109359
0.530329 0.025943 0.108069
0.530648 0.027645 0.108068
0.526679 0.026600 0.111339
0.526999 0.026592 0.107590
0.523214 0.025573 0.107827
0.522989 0.025581 0.110577
0.519296 0.024500 0.110580
0.515935 0.025132 0.110078
0.514092 0.025442 0.112332
0.512645 0.025750 0.108319
0.512479 0.025737 0.111337
0.511131 0.026041 0.106336
0.512640 0.025730 0.109087
0.510901 0.026033 0.109059
0.512706 0.027427 0.112314
0.513024 0.029121 0.112314
0.513177 0.030903 0.114317
0.512350 0.034620 0.111065
0.513695 0.041418 0.110063
0.512812 0.045080 0.108347
0.511784 0.048809 0.107845
0.513595 0.048622 0.106338
0.512289 0.052182 0.109843
0.510434 0.061321 0.110344
0.511585 0.066517 0.107592
0.511690 0.066572 0.106092
0.510048 0.068454 0.109061
0.510417 0.070117 0.108552
0.513522 0.078180 0.111300
0.511984 0.078600 0.109057
0.512714 0.082069 0.107806
0.513130 0.085330 0.111055
0.513457 0.087033 0.111307
0.512417 0.089324 0.106556
0.512738 0.091031 0.106555
0.513237 0.094304 0.108321
0.512531 0.099735 0.108321
0.510793 0.100017 0.108820
0.513070 0.103130 0.109034
0.511976 0.106817 0.109532
0.510383 0.107276 0.108316
0.511079 0.110748 0.107565
0.511076 0.110696 0.107569
0.512025 0.115799 0.107818
0.512047 0.117197 0.111794
0.512797 0.120734 0.110293
0.511151 0.121091 0.109287
0.511028 0.120935 0.111037
0.513345 0.123934 0.111538
0.512217 0.126281 0.108036
0.512057 0.126105 0.110259
0.512415 0.129126 0.114258
0.512704 0.137260 0.105065
0.512365 0.136764 0.109815
0.512116 0.136335 0.113297
0.511830 0.134685 0.112798
0.511796 0.134673 0.112771
0.512233 0.135336 0.106773
0.513722 0.134712 0.109774
0.514012 0.136421 0.110051
0.514170 0.137890 0.112300
0.512399 0.139316 0.117799
0.512440 0.139296 0.117803
0.512120 0.137601 0.117803
0.512065 0.135145 0.108528
0.512109 0.135139 0.108531
0.511843 0.134754 0.112281
0.511362 0.132823 0.114532
0.511774 0.133532 0.108286
0.511160 0.131279 0.113050
0.511406 0.131627 0.109550
0.511350 0.131528 0.110558
0.514622 0.130725 0.112310
0.514876 0.132481 0.112291
0.518156 0.131702 0.113793
0.519990 0.131563 0.112044
0.521851 0.131376 0.110289
0.523649 0.131100 0.109799
0.527206 0.131978 0.111800
0.530739 0.131527 0.110040
0.534215 0.132330 0.112791
0.534295 0.132464 0.111534
0.537674 0.131812 0.111785
0.539221 0.131303 0.113820
0.546679 0.132080 0.110574
0.546628 0.132107 0.110555
0.553226 0.130656 0.112558
0.558879 0.131568 0.110796
0.560496 0.131181 0.111547
0.561954 0.130650 0.113560
0.563869 0.130511 0.111811
0.572879 0.132308 0.113077
0.572455 0.130529 0.113827
0.576475 0.131794 0.112090
0.577574 0.131035 0.116591
0.583736 0.132321 0.111077
0.589414 0.134721 0.111833
0.597802 0.133062 0.112785
0.601301 0.132491 0.112286
0.602590 0.131893 0.114812
0.606538 0.133104 0.113563
0.608364 0.131381 0.111089
0.611873 0.132319 0.112590
0.615810 0.133459 0.111558
0.620028 0.131982 0.116807
0.624918 0.132519 0.120077
0.625407 0.131270 0.115577
0.627403 0.132641 0.115828
0.634622 0.133094 0.115322
0.639228 0.133093 0.109614
0.639561 0.134809 0.109614
0.646609 0.134034 0.118866
0.651715 0.133043 0.119101
0.653690 0.132863 0.117852
0.659013 0.133558 0.118594
0.667942 0.134834 0.110866
0.670330 0.135284 0.117116
0.674563 0.133921 0.121110
0.676976 0.133922 0.118111
0.679548 0.134078 0.114349
0.681463 0.132801 0.120850
0.685856 0.134108 0.118354
0.690269 0.134398 0.122877
0.692979 0.134505 0.118878
0.693990 0.133930 0.121608
0.698619 0.133835 0.116840
0.702753 0.132528 0.121157
0.704088 0.132070 0.122658
0.705264 0.132452 0.118115
0.709594 0.131206 0.121368
0.710860 0.130727 0.123151
0.711980 0.130198 0.125402
0.716207 0.129854 0.122658
0.719329 0.129154 0.123342
0.721598 0.129966 0.115092
0.719357 0.129180 0.123369
0.722121 0.129242 0.119620
0.722091 0.129238 0.119894
0.720634 0.129643 0.118893
0.720369 0.129475 0.119872
0.717652 0.131947 0.118369
0.716617 0.130053 0.120884
0.716171 0.130831 0.116134
0.710727 0.131614 0.117117
0.709266 0.129484 0.121367
0.701055 0.131225 0.119320
0.702781 0.130919 0.119321
0.694183 0.132466 0.119628
0.695656 0.132058 0.120629
0.690268 0.132904 0.121654
0.687618 0.133849 0.118403
0.683750 0.134263 0.120149
0.672996 0.132777 0.118838
0.671513 0.133241 0.118142
0.667851 0.133753 0.119140
0.664213 0.135331 0.112117
0.661889 0.135356 0.114866
0.658727 0.133377 0.120107
0.650844 0.132164 0.113604
0.651195 0.133958 0.113372
0.643381 0.133180 0.116368
0.644801 0.132781 0.117582
0.641078 0.133244 0.119080
0.637620 0.132309 0.117579
0.637647 0.132267 0.117585
0.630285 0.130169 0.116832
0.623887 0.131652 0.114338
0.617724 0.130440 0.118313
0.614858 0.131391 0.115616
0.612602 0.131348 0.118875
0.610527 0.132771 0.110873
0.606758 0.133174 0.112591
0.604717 0.131776 0.112590
0.602699 0.133374 0.116851
0.596014 0.133216 0.113848
0.595941 0.133277 0.113817
0.591741 0.133363 0.119065
0.583886 0.133881 0.112302
0.584770 0.131512 0.115804
0.580911 0.131774 0.119329
0.574507 0.133354 0.116062
0.575940 0.132840 0.118063
0.572710 0.132140 0.114312
0.564310 0.132338 0.110799
0.564371 0.132388 0.110299
0.562390 0.131020 0.110081
0.555250 0.131997 0.112828
0.552120 0.132844 0.110555
0.546121 0.130148 0.112803
0.544683 0.130720 0.110040
0.537851 0.130587 0.106786
0.537600 0.131701 0.112786
0.533836 0.130583 0.113053
0.532323 0.131080 0.111555
0.528838 0.130273 0.108804
0.523080 0.129164 0.111772
0.516246 0.130372 0.112268
0.517894 0.130007 0.113270
0.514326 0.129128 0.111268
0.514339 0.129096 0.111281
0.510731 0.129432 0.114279
0.510759 0.129547 0.113280
0.511111 0.129952 0.109048
0.510796 0.129511 0.113548
0.512260 0.126359 0.107542
0.511135 0.121030 0.109794
0.510799 0.119312 0.110043
0.511411 0.113740 0.111796
0.511090 0.112039 0.111796
0.511186 0.103295 0.111555
0.512270 0.098107 0.107562
0.511834 0.088909 0.113780
0.511480 0.087186 0.114280
0.512904 0.085124 0.114039
0.512194 0.081685 0.115040
0.511779 0.079995 0.116816
0.513049 0.076443 0.113818
0.513018 0.074927 0.109818
0.512545 0.073153 0.111577
0.513849 0.071108 0.112051
0.512717 0.064392 0.110053
0.512018 0.060872 0.111563
0.511363 0.057472 0.111814
0.511408 0.057550 0.111594
0.511301 0.048696 0.114598
0.511212 0.047062 0.111348
0.512016 0.041663 0.110079
0.512700 0.036294 0.111080
0.512329 0.034593 0.111830
0.512066 0.032838 0.110821
0.511501 0.031134 0.114322
0.513168 0.030827 0.114564
0.513115 0.030833 0.114816
0.513170 0.030834 0.114066
0.513587 0.032575 0.113605
0.511787 0.032885 0.115104
0.513390 0.030872 0.112108
0.512234 0.027491 0.119358
0.513066 0.027413 0.107070
0.513459 0.023734 0.116322
0.514173 0.023744 0.107354
0.513572 0.023783 0.115604
0.517483 0.024826 0.112578
0.517502 0.024825 0.112328
0.525214 0.026970 0.108579
0.529606 0.028027 0.100832
0.532181 0.027399 0.110334
0.532384 0.027396 0.108084
0.546321 0.028268 0.111866
0.550671 0.025633 0.115869
0.552237 0.025292 0.116589
0.556685 0.026334 0.110091
0.561522 0.025353 0.112075
0.563800 0.026749 0.110876
0.572392 0.026864 0.112881
0.575605 0.026236 0.113859
0.580992 0.025278 0.111862
0.584714 0.024618 0.109606
0.591158 0.023358 0.112359
0.600491 0.025187 0.111917
0.605988 0.025933 0.111670
0.613249 0.026313 0.110590
0.616924 0.027413 0.111383
0.618553 0.027096 0.111884
0.625226 0.027478 0.114626
0.630046 0.024828 0.114630
0.634221 0.025893 0.112386
0.635558 0.025581 0.114386
0.640356 0.024660 0.116136
0.646124 0.025400 0.114638
0.648952 0.026792 0.110898
0.652514 0.025857 0.118650
0.652526 0.025838 0.118653
0.656965 0.026893 0.115405
0.659936 0.026294 0.117390
0.665202 0.025341 0.116892
0.668933 0.028068 0.118655
0.674090 0.027117 0.118658
0.677853 0.026505 0.117146
0.681681 0.027261 0.124148
0.686322 0.026563 0.119149
0.688002 0.026324 0.119432
0.696960 0.029826 0.121936
0.699319 0.029410 0.119430
0.702887 0.030530 0.120151
0.707016 0.030227 0.110903
0.713700 0.028540 0.118411
0.717790 0.029284 0.123662
0.721392 0.030441 0.124422
0.724278 0.031826 0.121423
0.723908 0.030174 0.121404
0.723698 0.030173 0.122154
0.721447 0.028746 0.123205
0.722344 0.023345 0.122707
0.722663 0.021619 0.120168
0.721256 0.018250 0.122918
0.721392 0.014658 0.126448
0.722137 0.011195 0.121450
0.722035 0.002367 0.122187
0.722985 -0.001330 0.122689
0.722592 -0.003089 0.122917
0.722230 -0.006513 0.121919
0.723357 -0.008399 0.122926
0.723374 -0.013628 0.119428
0.723092 -0.015399 0.119437
0.721237 -0.020344 0.122688
0.719798 -0.025289 0.124179
0.720498 -0.030716 0.118181
0.720790 -0.034225 0.121474
0.719937 -0.035853 0.123487
0.720063 -0.039426 0.120738
0.721066 -0.043179 0.120666
0.721371 -0.045040 0.118416
0.722055 -0.052167 0.117971
0.722773 -0.061198 0.115975
0.721281 -0.060988 0.114956
0.721920 -0.067951 0.120709
0.720588 -0.069196 0.124485
0.721621 -0.073184 0.118487
0.723221 -0.073638 0.118686
0.722347 -0.074836 0.126936
0.721287 -0.076394 0.123737
0.721253 -0.078197 0.122737
0.718814 -0.077709 0.125213
0.716107 -0.077335 0.122462
0.716073 -0.077340 0.122445
0.712252 -0.074726 0.124942
0.706706 -0.073922 0.119968
0.704844 -0.073542 0.120467
0.703123 -0.073174 0.120452
0.699329 -0.072727 0.114950
0.696083 -0.071852 0.120687
0.695961 -0.073627 0.119938
0.692765 -0.073122 0.118929
0.691283 -0.072891 0.117928
0.684566 -0.073351 0.115945
0.682538 -0.072897 0.117194
0.679335 -0.072326 0.116224
0.673068 -0.074545 0.118222
0.667105 -0.073755 0.113668
0.666792 -0.075464 0.113669
0.659907 -0.073667 0.121672
0.661247 -0.072440 0.116922
0.655158 -0.074682 0.118705
0.650120 -0.075634 0.116174
0.647589 -0.075431 0.111672
0.641426 -0.075745 0.115174
0.635280 -0.073004 0.112927
0.634967 -0.074710 0.112928
0.628111 -0.073436 0.112656
0.624355 -0.072607 0.114404
0.619749 -0.073784 0.109926
0.616175 -0.073054 0.110674
0.618173 -0.071604 0.110648
0.610747 -0.073759 0.110145
0.610539 -0.073636 0.111395
0.603717 -0.074326 0.109150
0.598506 -0.073253 0.109416
0.595864 -0.074236 0.113415
0.587789 -0.072967 0.110427
0.584325 -0.072289 0.110675
0.580997 -0.073640 0.107674
0.572573 -0.074128 0.103626
0.570702 -0.075589 0.102394
0.567852 -0.074363 0.111392
0.566571 -0.074375 0.108154
0.555438 -0.075639 0.110149
0.553896 -0.075465 0.108648
0.545168 -0.077651 0.104397
0.538254 -0.076426 0.104370
0.533003 -0.075325 0.105897
0.529416 -0.076565 0.104146
0.524046 -0.075267 0.106366
0.522416 -0.075042 0.105365
0.520862 -0.072809 0.107363
0.516680 -0.075456 0.108855
0.515453 -0.073551 0.107629
0.514000 -0.073572 0.104128
0.514030 -0.073601 0.103871
0.511768 -0.072516 0.111620
0.511552 -0.074510 0.109107
0.513489 -0.072927 0.110345
0.513174 -0.074632 0.110345
