0.530257 -0.083642 0.116410
0.626468 -0.086119 0.122625
0.730739 -0.083952 0.126864
0.729476 0.016253 0.127173
0.624761 0.018297 0.123109
0.526579 0.015860 0.116889
0.522928 0.118222 0.114456
0.627659 0.119923 0.121656
0.724239 0.116353 0.126886
0.524360 -0.085171 0.117371
0.627525 -0.084784 0.123237
0.727468 -0.087871 0.126590
0.727306 0.014743 0.122321
0.630008 0.016302 0.121766
0.526343 0.015857 0.119380
0.525459 0.116038 0.114722
0.626334 0.118531 0.122568
0.722991 0.117515 0.126660
0.524390 -0.085259 0.117125
0.627157 -0.086488 0.119160
0.728504 -0.084204 0.126267
0.728836 0.014968 0.125641
0.626097 0.019536 0.121980
0.525485 0.016966 0.113619
0.525195 0.118310 0.115798
0.631827 0.119322 0.119065
0.718620 0.118148 0.128977
0.523338 -0.084425 0.114113
0.624709 -0.082521 0.124455
0.729478 -0.085149 0.127514
0.732111 0.023538 0.124564
0.625040 0.020650 0.120448
0.524472 0.018052 0.109608
0.525344 0.118566 0.113046
0.622259 0.118448 0.118918
0.729819 0.119559 0.123718
0.524203 -0.082781 0.117459
0.629807 -0.086556 0.117248
0.731955 -0.084336 0.122632
0.729367 0.016187 0.127668
0.630633 0.009224 0.121544
0.526601 0.015882 0.115882
0.525313 0.115836 0.116975
0.623062 0.117095 0.121899
0.725715 0.119373 0.120509
