0.510894 -0.070121 0.021517
0.614221 -0.071777 0.027282
0.716047 -0.071652 0.031773
0.717962 0.028243 0.030696
0.613709 0.028057 0.029400
0.514327 0.029823 0.023174
0.514243 0.131844 0.024553
0.616182 0.131969 0.027308
0.718268 0.130428 0.031352
0.512686 -0.072075 0.021763
0.614315 -0.073634 0.026038
0.716616 -0.071789 0.029286
0.717335 0.028084 0.033435
0.613877 0.028111 0.027912
0.510693 0.030061 0.022693
0.512493 0.133882 0.024334
0.615898 0.130083 0.028327
0.717781 0.131875 0.034090
0.510911 -0.070085 0.022802
0.614350 -0.069890 0.027304
0.716213 -0.073601 0.030803
0.717387 0.028155 0.033171
0.613771 0.029896 0.029683
0.510709 0.031859 0.023946
0.512617 0.134209 0.021844
0.616150 0.132002 0.027577
0.716143 0.132230 0.032538
0.512663 -0.070109 0.023516
0.614503 -0.070032 0.025784
0.716214 -0.071670 0.031292
0.715932 0.030110 0.031676
0.614107 0.030020 0.027193
0.510631 0.030005 0.022918
0.510792 0.136053 0.022825
0.614201 0.131976 0.028337
0.715979 0.130325 0.033080
0.510909 -0.070068 0.022801
0.614561 -0.069999 0.025800
0.716250 -0.069850 0.031269
0.713783 0.030159 0.032929
0.616033 0.029916 0.026693
0.514316 0.029809 0.022911
0.512446 0.132215 0.023058
0.614284 0.130271 0.026822
0.714537 0.130564 0.031339
