0.509342 -0.099272 0.008741
0.507839 -0.097283 0.007872
0.509365 -0.099093 0.010294
0.509396 -0.097276 0.009686
0.509495 -0.098342 0.010410
0.510839 -0.097545 0.010844
0.510178 -0.097138 0.009993
0.510179 -0.098293 0.009829
0.510785 -0.098873 0.009948
0.511408 -0.098251 0.009943
0.510737 -0.099096 0.008811
0.511969 -0.098255 0.009080
0.510764 -0.099311 0.009742
0.511634 -0.099072 0.010227
0.511000 -0.099690 0.010057
0.512587 -0.099149 0.010315
0.513805 -0.099182 0.011021
0.514192 -0.098904 0.011096
0.514744 -0.099530 0.011201
0.515960 -0.099477 0.011998
0.517501 -0.099579 0.011399
0.518942 -0.098676 0.010631
0.519612 -0.097980 0.011587
0.520130 -0.098763 0.010691
0.522150 -0.097618 0.011421
0.521500 -0.098196 0.011202
0.523792 -0.098754 0.012010
0.525973 -0.097698 0.012368
0.527129 -0.097985 0.010938
0.527053 -0.098946 0.012776
0.529173 -0.098132 0.012206
0.528623 -0.097577 0.011384
0.530387 -0.097199 0.011543
0.530378 -0.097254 0.011044
0.532628 -0.097500 0.012325
0.532052 -0.097083 0.010015
0.535345 -0.096427 0.011483
0.534140 -0.096412 0.010425
0.535197 -0.096665 0.010544
0.535854 -0.096104 0.010796
0.537106 -0.096326 0.011415
0.538289 -0.096458 0.011222
0.541239 -0.096141 0.011779
0.543705 -0.096355 0.012784
0.543696 -0.096392 0.012284
0.543687 -0.096428 0.011784
0.545540 -0.096179 0.013123
0.548088 -0.095335 0.011957
0.549821 -0.096167 0.012573
0.550471 -0.095626 0.012586
0.551048 -0.095280 0.012664
0.552540 -0.095206 0.012197
0.553737 -0.095297 0.012488
0.555644 -0.095040 0.012639
0.555625 -0.095077 0.011888
0.558715 -0.094832 0.013393
0.559321 -0.094630 0.011231
0.560563 -0.094651 0.013015
0.559997 -0.094039 0.012248
0.560663 -0.094873 0.011683
0.561333 -0.094292 0.012450
0.562203 -0.094063 0.012781
0.564095 -0.093885 0.012886
0.565559 -0.094175 0.012320
0.565598 -0.094138 0.013322
0.566756 -0.094602 0.012405
0.566735 -0.094620 0.011904
0.568159 -0.093921 0.011761
0.566950 -0.093844 0.011492
0.569196 -0.094389 0.011492
0.569220 -0.094370 0.011993
0.568023 -0.094286 0.011976
0.570622 -0.093766 0.012690
0.572877 -0.094413 0.011930
0.573544 -0.093838 0.012443
0.574213 -0.093809 0.011950
0.574283 -0.092620 0.011710
0.575401 -0.093242 0.011742
0.575358 -0.093267 0.010991
0.576525 -0.092427 0.011673
0.577127 -0.093040 0.012422
0.578906 -0.092857 0.012102
0.579502 -0.092322 0.011359
0.581077 -0.093594 0.011955
0.582930 -0.093524 0.011563
0.583628 -0.092928 0.012570
0.585509 -0.092961 0.013243
0.585338 -0.094212 0.011735
0.585467 -0.092383 0.011358
0.586058 -0.093003 0.011856
0.585993 -0.094191 0.012099
0.587427 -0.093468 0.011768
0.588113 -0.094028 0.013767
0.590368 -0.093423 0.013734
0.592098 -0.093575 0.012523
0.591474 -0.094124 0.012771
0.593437 -0.094003 0.012411
0.596016 -0.093510 0.013125
0.595377 -0.094068 0.013124
0.595345 -0.092941 0.011377
0.596471 -0.093500 0.011470
0.595812 -0.094069 0.011219
0.597753 -0.092759 0.011249
0.597702 -0.093938 0.011747
0.599439 -0.093839 0.011309
0.602557 -0.093876 0.012325
0.601967 -0.093257 0.011826
0.602703 -0.093241 0.011019
0.602738 -0.093220 0.011519
0.605864 -0.093313 0.011467
0.608883 -0.092130 0.010679
0.609488 -0.092742 0.011428
0.609720 -0.092998 0.010759
0.611526 -0.093695 0.011508
0.614253 -0.092949 0.011463
0.613591 -0.093516 0.011214
0.617072 -0.092283 0.010950
0.615812 -0.093372 0.011453
0.618743 -0.092671 0.011518
0.617462 -0.092637 0.010269
0.620044 -0.093141 0.010088
0.621431 -0.091964 0.011586
0.621670 -0.092282 0.011459
0.621546 -0.093504 0.010961
0.623156 -0.092670 0.011600
0.624276 -0.092815 0.010349
0.626351 -0.092742 0.010414
0.627047 -0.092154 0.011162
0.629367 -0.091997 0.011411
0.629289 -0.093185 0.011663
0.630690 -0.093547 0.010845
0.633763 -0.092772 0.011135
0.633794 -0.092749 0.011635
0.636263 -0.092388 0.010560
0.635677 -0.092896 0.011561
0.637893 -0.092862 0.011538
0.636579 -0.093980 0.011291
0.639845 -0.092837 0.010816
0.638610 -0.093896 0.011819
0.641370 -0.094412 0.011147
0.642963 -0.093677 0.012145
0.642848 -0.093762 0.010395
0.645183 -0.095157 0.011653
0.645214 -0.094004 0.010652
0.646375 -0.094179 0.010824
0.646916 -0.094837 0.010574
0.649224 -0.094578 0.010159
0.649945 -0.093960 0.011413
0.651884 -0.096131 0.013147
0.650057 -0.095474 0.012138
0.652838 -0.096142 0.011039
0.650453 -0.097184 0.012257
0.652485 -0.097438 0.011307
0.651940 -0.097969 0.012544
0.654219 -0.098408 0.011740
0.655449 -0.098407 0.012262
0.657085 -0.098204 0.012374
0.659075 -0.097787 0.011072
0.659685 -0.097162 0.011606
0.660589 -0.097673 0.012818
0.663026 -0.097710 0.012523
0.662996 -0.097717 0.011771
0.663788 -0.097701 0.011578
0.664343 -0.097047 0.012131
0.666100 -0.099002 0.011830
0.666432 -0.097143 0.010944
0.668296 -0.098318 0.012057
0.669310 -0.096967 0.013191
0.671784 -0.098658 0.012144
0.672045 -0.096813 0.013289
0.673333 -0.098052 0.010921
0.674261 -0.096683 0.013079
0.677099 -0.097755 0.012999
0.676361 -0.097296 0.011993
0.678635 -0.099088 0.011986
0.679111 -0.096509 0.013232
0.682163 -0.097240 0.013679
0.681788 -0.096089 0.013259
0.683109 -0.097162 0.013913
0.683466 -0.096392 0.013748
0.685147 -0.097416 0.014302
0.685481 -0.096623 0.013888
0.686549 -0.096245 0.013560
0.687334 -0.096589 0.014064
0.688413 -0.096420 0.013990
0.687609 -0.096056 0.012735
0.689211 -0.095926 0.012141
0.689223 -0.095980 0.013142
0.689564 -0.096224 0.011156
0.689829 -0.095420 0.011240
0.692145 -0.096294 0.013030
0.693212 -0.095765 0.013613
0.695050 -0.095530 0.013750
0.695042 -0.095505 0.013250
0.697346 -0.096491 0.014023
0.699504 -0.095322 0.013155
0.703609 -0.096402 0.013413
0.702557 -0.096203 0.012412
0.705244 -0.096036 0.013486
0.705479 -0.095991 0.013057
0.708162 -0.095799 0.014378
0.708161 -0.095706 0.012193
0.708996 -0.095912 0.012694
0.708461 -0.095773 0.011849
0.710143 -0.096176 0.013100
0.710647 -0.095380 0.012829
0.708792 -0.095836 0.012020
0.708799 -0.092322 0.013108
0.708628 -0.093152 0.013055
0.708992 -0.091111 0.013055
0.708126 -0.090912 0.012055
0.710119 -0.090047 0.013024
0.708386 -0.087341 0.012021
0.707605 -0.087217 0.013271
0.707368 -0.086538 0.012988
0.708203 -0.086696 0.012988
0.707042 -0.084117 0.011952
0.707091 -0.081647 0.012449
0.708255 -0.080397 0.012203
0.706848 -0.078409 0.011767
0.707181 -0.075703 0.011239
0.705467 -0.075396 0.010739
0.706521 -0.073642 0.010528
0.706583 -0.073674 0.011528
0.707273 -0.073742 0.011692
0.706522 -0.072740 0.010969
0.706307 -0.070861 0.011254
0.706645 -0.069210 0.012304
0.707423 -0.068189 0.012342
0.706040 -0.066260 0.012890
0.707697 -0.064275 0.011788
0.707973 -0.062177 0.013348
0.707846 -0.063018 0.013328
0.707485 -0.058598 0.011181
0.708326 -0.055622 0.012044
0.707319 -0.056317 0.011527
0.706821 -0.054522 0.011336
0.707848 -0.053838 0.012101
0.707430 -0.052719 0.011488
0.706659 -0.048975 0.012434
0.707367 -0.049949 0.012423
0.706487 -0.049799 0.011923
0.707267 -0.047236 0.012394
0.706683 -0.045832 0.011888
0.706819 -0.044991 0.011895
0.706471 -0.042164 0.011640
0.706629 -0.041331 0.011895
0.706311 -0.038242 0.012121
0.707273 -0.037535 0.011875
0.705941 -0.035329 0.011722
0.706926 -0.035533 0.013473
0.706665 -0.030591 0.012336
0.706830 -0.029304 0.012229
0.706426 -0.026628 0.011972
0.706961 -0.028457 0.011977
0.706489 -0.027672 0.011550
0.706371 -0.028523 0.012055
0.706968 -0.027204 0.013060
0.706342 -0.025330 0.011541
0.706210 -0.024369 0.013479
0.706976 -0.024534 0.012732
0.706797 -0.023540 0.013215
0.705903 -0.023338 0.012460
0.707761 -0.021654 0.013316
0.706187 -0.020406 0.011779
0.706526 -0.015915 0.011409
0.707341 -0.016158 0.011420
0.705939 -0.015358 0.011200
0.705963 -0.015354 0.011450
0.706965 -0.009969 0.011402
0.706518 -0.011533 0.012752
0.706572 -0.008026 0.010533
0.706013 -0.006951 0.009706
0.706938 -0.003848 0.010849
0.706078 -0.008048 0.011442
0.705530 -0.006981 0.010353
0.706781 -0.005128 0.011023
0.705782 -0.007377 0.011979
0.705348 -0.004313 0.010045
0.706493 -0.001674 0.011077
0.704240 -0.000469 0.010709
0.705343 -0.002003 0.011113
0.705271 0.001192 0.010971
0.704757 -0.001368 0.011743
0.705462 0.001020 0.012096
0.705618 -0.001942 0.013166
0.703778 -0.000745 0.013411
0.703492 0.000359 0.012539
0.701135 0.000853 0.011997
0.699886 -0.002273 0.013092
0.697237 -0.001094 0.012105
0.696321 -0.002328 0.013245
0.695176 -0.000001 0.012414
0.694266 -0.001192 0.013797
0.690502 -0.000815 0.012187
0.691343 -0.001210 0.013734
0.688913 -0.000133 0.012918
0.687990 -0.002520 0.013910
0.686130 -0.000854 0.014336
0.684763 0.000064 0.014393
0.684215 -0.001769 0.014313
0.682092 -0.000539 0.013037
0.681544 -0.001133 0.013341
0.680818 0.000446 0.014349
0.679481 -0.000891 0.013207
0.679645 -0.001090 0.012595
0.679034 -0.000501 0.012544
0.677366 -0.000240 0.012793
0.678002 -0.000812 0.013092
0.675706 0.001003 0.012092
0.675950 -0.000022 0.014178
0.677513 0.001986 0.015274
0.674887 0.000676 0.013596
0.675446 0.003670 0.013885
0.672035 0.001695 0.010987
0.671951 0.005453 0.010763
0.671980 0.004289 0.011341
0.670809 0.004490 0.013093
0.670045 0.005003 0.011550
0.667132 0.005262 0.011702
0.663595 0.005962 0.010066
0.663123 0.005464 0.011340
0.661377 0.006711 0.012225
0.661416 0.005561 0.013035
0.658768 0.007207 0.011872
0.659627 0.005549 0.014715
0.657367 0.006743 0.013931
0.655308 0.006139 0.012178
0.652907 0.006492 0.011950
0.651635 0.006530 0.011430
0.649759 0.006821 0.012330
0.648988 0.006205 0.011341
0.645866 0.007640 0.011225
0.645215 0.005904 0.011774
0.643359 0.006395 0.014215
0.642563 0.006946 0.012436
0.640695 0.007068 0.012980
0.640119 0.006533 0.013487
0.637397 0.007406 0.013519
0.637246 0.006188 0.013046
0.635218 0.007221 0.012999
0.634555 0.005491 0.013528
0.633408 0.006190 0.015485
0.630770 0.006284 0.013697
0.628659 0.006037 0.013764
0.627826 0.006597 0.011743
0.625357 0.006276 0.011697
0.625949 0.005644 0.011964
0.621896 0.005852 0.010507
0.621966 0.005871 0.011007
0.619708 0.005590 0.011697
0.619686 0.004410 0.012209
0.617485 0.005110 0.013606
0.613491 0.004426 0.012301
0.614189 0.003821 0.013313
0.611602 0.005042 0.012435
0.612401 0.004461 0.014197
0.608427 0.003758 0.012865
0.609005 0.004297 0.012369
0.606404 0.004162 0.013652
0.607607 0.004077 0.013663
0.605676 0.003773 0.012177
0.603045 0.003729 0.012263
0.602501 0.003196 0.013010
0.599417 0.003075 0.010516
0.598716 0.003688 0.009511
0.597045 0.003213 0.012409
0.597184 0.003244 0.013410
0.593038 0.003509 0.012965
0.590924 0.002843 0.013025
0.587234 0.003373 0.013003
0.587126 0.003351 0.012253
0.582769 0.003347 0.011128
0.583636 0.003948 0.012632
0.583438 0.002727 0.011880
0.581049 0.003320 0.012204
0.579107 0.003916 0.012459
0.578550 0.004558 0.012458
0.576050 0.003943 0.010485
0.573752 0.004508 0.010128
0.570930 0.004443 0.009344
0.568581 0.004402 0.009720
0.570146 0.004383 0.012222
0.567506 0.004306 0.012678
0.567364 0.004278 0.011678
0.565477 0.004784 0.012209
0.565512 0.004791 0.012459
0.560658 0.004294 0.010693
0.561274 0.004843 0.010444
0.559358 0.004168 0.011207
0.557660 0.004015 0.012065
0.554970 0.004021 0.012013
0.554533 0.003511 0.013513
0.551019 0.004105 0.012219
0.548503 0.004051 0.012110
0.549401 0.004652 0.013860
0.545768 0.005271 0.012483
0.541302 0.004823 0.012261
0.544762 0.004091 0.015761
0.538931 0.003961 0.011362
0.539584 0.004515 0.011362
0.535673 0.004005 0.012628
0.536360 0.004565 0.012878
0.532133 0.004392 0.011589
0.527475 0.004879 0.009975
0.528185 0.004257 0.010975
0.525585 0.004014 0.011268
0.524123 0.005251 0.009018
0.521457 0.004867 0.009886
0.522745 0.004795 0.010388
0.520651 0.004951 0.009212
0.519905 0.004285 0.010619
0.519910 0.005480 0.010126
0.516899 0.003800 0.009727
0.518281 0.004955 0.010498
0.515634 0.004420 0.010458
0.514136 0.005065 0.010004
0.512690 0.005091 0.008235
0.511524 0.004604 0.008152
0.511093 0.005219 0.009408
0.508482 0.004669 0.009010
0.509832 0.005859 0.010064
0.508012 0.006126 0.009304
0.508044 0.006123 0.009555
0.506589 0.005983 0.008983
0.506559 0.005987 0.008732
0.506580 0.006246 0.007647
0.506870 0.006206 0.010155
0.506499 0.006161 0.010379
0.506358 0.006183 0.009125
0.507363 0.007646 0.009721
0.508002 0.008254 0.010257
0.509037 0.010167 0.011755
0.507082 0.010556 0.011695
0.508221 0.011795 0.011506
0.507146 0.011922 0.011377
0.508073 0.015598 0.009748
0.508265 0.016573 0.011176
0.509442 0.017800 0.011222
0.508270 0.020451 0.010875
0.509577 0.020445 0.011888
0.508677 0.021852 0.009581
0.509378 0.020036 0.010305
0.510014 0.021699 0.011921
0.509937 0.021711 0.011171
0.509254 0.023087 0.011344
0.509805 0.022492 0.010839
0.508968 0.022912 0.010337
0.510229 0.022902 0.010837
0.510486 0.023700 0.011919
0.511019 0.024300 0.011172
0.510536 0.025586 0.010853
0.509933 0.027404 0.010608
0.510247 0.028190 0.011742
0.510442 0.030367 0.012597
0.510212 0.033137 0.012625
0.510799 0.032520 0.012624
0.509819 0.036211 0.010714
0.510090 0.036985 0.010729
0.510024 0.035779 0.010485
0.511976 0.040673 0.012657
0.511320 0.041303 0.011906
0.511164 0.044390 0.011485
0.511839 0.046174 0.011470
0.511674 0.048289 0.010387
0.511773 0.050438 0.010454
0.511871 0.050424 0.011454
0.511190 0.049855 0.010961
0.511261 0.052481 0.010341
0.510794 0.055282 0.011027
0.511429 0.055855 0.011020
0.511703 0.058237 0.012248
0.511791 0.059437 0.012487
0.511319 0.063642 0.011147
0.510655 0.063078 0.010904
0.510772 0.064275 0.011392
0.510253 0.066512 0.011018
0.509664 0.065934 0.011525
0.509043 0.070467 0.009845
0.508639 0.075250 0.010741
0.510471 0.074518 0.011244
0.509569 0.077930 0.010381
0.509155 0.078671 0.010802
0.509797 0.078011 0.011556
0.510541 0.081555 0.013141
0.510218 0.085727 0.012252
0.509769 0.087354 0.011933
0.509475 0.086204 0.009690
0.509843 0.088508 0.010293
0.509267 0.086703 0.011802
0.510319 0.091558 0.009743
0.510407 0.090307 0.011499
0.510081 0.094298 0.010160
0.510718 0.093636 0.010913
0.510849 0.096075 0.011009
0.511336 0.097793 0.011559
0.511419 0.100226 0.010803
0.511286 0.102583 0.010559
0.511929 0.103149 0.010559
0.510663 0.106777 0.009117
0.511301 0.106108 0.009869
0.511359 0.108232 0.011122
0.511427 0.110890 0.010144
0.510634 0.107905 0.010146
0.511318 0.109466 0.010564
0.511409 0.109440 0.011564
0.511106 0.109131 0.010849
0.511487 0.107306 0.009600
0.512131 0.107874 0.009601
0.514124 0.107612 0.010309
0.518033 0.106355 0.010554
0.518581 0.105716 0.010305
0.520034 0.106354 0.009414
0.520169 0.106339 0.011165
0.521250 0.107453 0.010489
0.522461 0.106164 0.011491
0.523361 0.107123 0.009266
0.523191 0.104701 0.009017
0.526005 0.106621 0.009410
0.526659 0.104767 0.011661
0.527783 0.105217 0.011595
0.527765 0.105217 0.011345
0.529908 0.105322 0.010125
0.529962 0.105323 0.010875
0.532083 0.106307 0.010916
0.535551 0.104859 0.011811
0.539026 0.105617 0.012234
0.540216 0.105540 0.011984
0.541486 0.105473 0.011509
0.545122 0.105247 0.011760
0.547020 0.105644 0.011738
0.548279 0.105573 0.012738
0.550235 0.105758 0.011920
0.551428 0.105683 0.011670
0.553105 0.106703 0.011165
0.553092 0.106702 0.010915
0.555386 0.106691 0.010821
0.556631 0.106620 0.011571
0.558323 0.106351 0.011617
0.560755 0.106447 0.011736
0.561357 0.107013 0.010988
0.563785 0.107219 0.011071
0.564412 0.106585 0.012321
0.568135 0.106666 0.013189
0.569111 0.106895 0.011727
0.569749 0.106265 0.013227
0.571433 0.106989 0.011569
0.573730 0.107147 0.012392
0.573672 0.107144 0.011142
0.575529 0.107753 0.011196
0.575517 0.107752 0.010946
0.579653 0.108264 0.011221
0.580248 0.107630 0.011719
0.583501 0.107194 0.012675
0.584093 0.107764 0.011677
0.586575 0.107819 0.011690
0.587821 0.107762 0.012691
0.590447 0.107584 0.011028
0.591692 0.107528 0.012029
0.596247 0.108190 0.011836
0.599316 0.108584 0.012481
0.599332 0.108585 0.012981
0.602049 0.108594 0.012569
0.602680 0.109168 0.012571
0.605104 0.108720 0.012481
0.605734 0.109295 0.012483
0.608686 0.109652 0.012623
0.608086 0.110282 0.011874
0.610358 0.108588 0.011030
0.611620 0.109744 0.011035
0.614364 0.108790 0.010784
0.615010 0.109369 0.011286
0.619772 0.108841 0.011900
0.622667 0.109165 0.011294
0.623272 0.108541 0.012292
0.625829 0.109400 0.011647
0.628804 0.109493 0.012104
0.633363 0.109546 0.012239
0.637060 0.109085 0.012929
0.637054 0.109084 0.012679
0.639742 0.109818 0.012673
0.643652 0.109370 0.012197
0.643658 0.109371 0.012447
0.646982 0.109602 0.011895
0.647587 0.108982 0.012894
0.650840 0.109349 0.013358
0.650817 0.109343 0.012358
0.654479 0.109779 0.012558
0.654468 0.109776 0.012058
0.658125 0.110214 0.012283
0.658146 0.110218 0.013283
0.661649 0.109084 0.012251
0.660445 0.109126 0.012501
0.662308 0.109353 0.013279
0.662903 0.108733 0.013778
0.665649 0.109333 0.011248
0.667589 0.109315 0.012421
0.669985 0.108030 0.013170
0.668116 0.107474 0.011919
0.672007 0.107931 0.012226
0.670812 0.107979 0.012726
0.672107 0.107687 0.011933
0.672787 0.109484 0.012185
0.675214 0.108760 0.011643
0.675842 0.109344 0.011643
0.677289 0.109351 0.011028
0.679924 0.110099 0.011288
0.683528 0.109578 0.012043
0.686782 0.110746 0.012130
0.687381 0.110122 0.012629
0.691030 0.110656 0.011452
0.690431 0.111283 0.010952
0.693561 0.111281 0.011752
0.693595 0.111287 0.012752
0.697472 0.111020 0.012376
0.696883 0.111647 0.012126
0.700696 0.111023 0.012231
0.703136 0.111689 0.011664
0.702497 0.109911 0.012917
0.705363 0.110636 0.012522
0.704813 0.111272 0.013272
0.707177 0.110723 0.013034
0.709991 0.110538 0.012480
0.708728 0.110578 0.011231
0.708707 0.110573 0.010731
0.709683 0.108818 0.011811
0.709694 0.108822 0.012061
0.712666 0.108904 0.012038
0.714542 0.108224 0.012203
0.713262 0.107063 0.011957
0.715406 0.107779 0.011069
0.715482 0.107802 0.012569
0.715437 0.107998 0.012049
0.711713 0.106940 0.011552
