0.501531 -0.098359 0.020457
0.501474 -0.098376 0.019707
0.501433 -0.098277 0.019724
0.501352 -0.098105 0.020659
0.502300 -0.097311 0.021202
0.502046 -0.098065 0.020955
0.502167 -0.097240 0.020439
0.501096 -0.098451 0.020058
0.502034 -0.098422 0.020446
0.502141 -0.097601 0.019682
0.502266 -0.097512 0.020009
0.501442 -0.096987 0.019402
0.502277 -0.097156 0.019407
0.504860 -0.098302 0.019811
0.506036 -0.098053 0.021182
0.505133 -0.097893 0.020177
0.507140 -0.097921 0.020780
0.509681 -0.098444 0.021545
0.510180 -0.097520 0.021340
0.512718 -0.096813 0.019692
0.513594 -0.096985 0.020446
0.515053 -0.098573 0.019726
0.515155 -0.098546 0.021476
0.516557 -0.097631 0.019624
0.516400 -0.098453 0.020135
0.518733 -0.097586 0.019752
0.520146 -0.097466 0.019889
0.520773 -0.098488 0.019651
0.523580 -0.097761 0.020786
0.525293 -0.097854 0.020596
0.527001 -0.098224 0.021601
0.530699 -0.097468 0.022304
0.530617 -0.097483 0.020554
0.532808 -0.098647 0.020340
0.535766 -0.098332 0.020455
0.537632 -0.097877 0.020954
0.540284 -0.098174 0.020826
0.540461 -0.097345 0.020573
0.542551 -0.097567 0.020522
0.548204 -0.097582 0.021932
0.548188 -0.097582 0.021432
0.552404 -0.097635 0.022669
0.551548 -0.097452 0.021669
0.555447 -0.097832 0.022107
0.555453 -0.097832 0.022357
0.558049 -0.097731 0.022739
0.561576 -0.096860 0.021829
0.561582 -0.096861 0.022079
0.565189 -0.097064 0.022773
0.565166 -0.097060 0.021773
0.566801 -0.096657 0.021756
0.569278 -0.097084 0.022117
0.569253 -0.097080 0.021117
0.572539 -0.097197 0.023839
0.571692 -0.097026 0.023089
0.573378 -0.097690 0.021694
0.575597 -0.097672 0.023029
0.574902 -0.096672 0.022035
0.578306 -0.096657 0.025051
0.578860 -0.096334 0.021837
0.579680 -0.096490 0.021337
0.578664 -0.097161 0.020581
0.581988 -0.097176 0.023076
0.584513 -0.096891 0.022527
0.587499 -0.097959 0.023592
0.587660 -0.097129 0.023848
0.588951 -0.097023 0.021417
0.592220 -0.097340 0.023419
0.590488 -0.097029 0.021170
0.592632 -0.097046 0.021124
0.591656 -0.097737 0.021368
0.594979 -0.097910 0.022313
0.598032 -0.098020 0.022064
0.596314 -0.097724 0.020565
0.599740 -0.097975 0.022179
0.598752 -0.098663 0.021924
0.601099 -0.098562 0.020400
0.601245 -0.097725 0.020405
0.603686 -0.097817 0.021472
0.606767 -0.098176 0.022157
0.607624 -0.098319 0.022906
0.610026 -0.098365 0.023733
0.609990 -0.098363 0.022483
0.612009 -0.098372 0.021650
0.615338 -0.098338 0.023675
0.615460 -0.097502 0.023181
0.618494 -0.097394 0.021160
0.617669 -0.097259 0.021660
0.620982 -0.098301 0.023234
0.619984 -0.099002 0.022230
0.622354 -0.099116 0.022910
0.622502 -0.098280 0.023415
0.624095 -0.099061 0.023513
0.625561 -0.099155 0.022390
0.627786 -0.099055 0.024220
0.629474 -0.098937 0.022412
0.631494 -0.098704 0.022766
0.630748 -0.097732 0.021015
0.632082 -0.098477 0.021293
0.632123 -0.098467 0.022543
0.634171 -0.098336 0.022639
0.634146 -0.098342 0.021889
0.636205 -0.098326 0.022723
0.638414 -0.098089 0.022736
0.638588 -0.097252 0.023232
0.640464 -0.097977 0.022863
0.641319 -0.098128 0.023613
0.642640 -0.097802 0.022116
0.644380 -0.098098 0.024618
0.645516 -0.097726 0.023320
0.646399 -0.097870 0.025070
0.648736 -0.097637 0.024472
0.648025 -0.096658 0.022967
0.649966 -0.098147 0.023677
0.651298 -0.097761 0.022136
0.651148 -0.098587 0.022640
0.653267 -0.098597 0.022201
0.656480 -0.098535 0.022198
0.658514 -0.098492 0.022019
0.658539 -0.098483 0.022769
0.660930 -0.098325 0.022551
0.661808 -0.098474 0.024051
0.663005 -0.098111 0.023207
0.663654 -0.099115 0.022710
0.666289 -0.098857 0.023079
0.667484 -0.098492 0.021735
0.668394 -0.098629 0.024235
0.670865 -0.097584 0.025098
0.670665 -0.098425 0.024100
0.672298 -0.098307 0.023475
0.676266 -0.098479 0.025637
0.679017 -0.098542 0.024655
0.679196 -0.097715 0.024651
0.682040 -0.097664 0.026138
0.681190 -0.097498 0.025137
0.684188 -0.097552 0.023512
0.687259 -0.097698 0.022915
0.689577 -0.098515 0.023814
0.689752 -0.097696 0.023309
0.692128 -0.098569 0.023615
0.692944 -0.098328 0.021708
0.692983 -0.098305 0.023208
0.695474 -0.098945 0.022823
0.695434 -0.098970 0.021323
0.697989 -0.098851 0.021944
0.698837 -0.099025 0.022694
0.699842 -0.099349 0.021926
0.701359 -0.100059 0.023342
0.703712 -0.100084 0.022806
0.702728 -0.100717 0.023557
0.705412 -0.099717 0.023350
0.704205 -0.100389 0.023324
0.704387 -0.099564 0.023323
0.705558 -0.099820 0.024309
0.706633 -0.099447 0.022794
0.708598 -0.099161 0.023907
0.708404 -0.099989 0.023658
0.707208 -0.098967 0.022531
0.706591 -0.097951 0.023030
0.707225 -0.098563 0.023750
0.706221 -0.098619 0.021889
0.705632 -0.097599 0.022889
0.705734 -0.097372 0.023745
0.706605 -0.097536 0.024494
0.705991 -0.096222 0.023059
0.705715 -0.095931 0.022181
0.706195 -0.094263 0.024693
0.706612 -0.093392 0.024840
0.706757 -0.089720 0.023567
0.705857 -0.089568 0.022571
0.705974 -0.087621 0.023131
0.705841 -0.088455 0.023119
0.704843 -0.087114 0.023060
0.704788 -0.087101 0.022310
0.705237 -0.086620 0.022209
0.705177 -0.081493 0.023044
0.704902 -0.079159 0.021557
0.704309 -0.078265 0.020645
0.705226 -0.078406 0.021640
0.705085 -0.075836 0.022320
0.704866 -0.076626 0.020806
0.704496 -0.074440 0.022326
0.703965 -0.070938 0.021395
0.704579 -0.066935 0.022316
0.703747 -0.065950 0.021338
0.703602 -0.060640 0.021337
0.703539 -0.060044 0.021282
0.703975 -0.055854 0.021866
0.703989 -0.054102 0.021840
0.704345 -0.049739 0.022451
0.704542 -0.045497 0.021314
0.703933 -0.041586 0.021862
0.704019 -0.039854 0.021394
0.704062 -0.037308 0.022741
0.704493 -0.032303 0.023576
0.704343 -0.030755 0.023373
0.703965 -0.021562 0.022058
0.703457 -0.015095 0.022171
0.703495 -0.014222 0.021932
0.703805 -0.006242 0.022679
0.702979 -0.006207 0.022931
0.703784 -0.003498 0.022992
0.702657 -0.002526 0.021701
0.702531 -0.004224 0.021688
0.703980 0.001044 0.023247
0.703018 0.004978 0.021529
0.703794 0.004054 0.021525
0.703109 0.005981 0.021684
0.704752 0.003098 0.023928
0.703897 0.006125 0.022755
0.703977 0.008372 0.022184
0.701839 0.005259 0.020941
0.703830 0.006461 0.022726
0.703592 0.003903 0.023237
0.702464 0.004232 0.023433
0.701547 0.003478 0.023686
0.702799 0.005869 0.025959
0.700670 0.003653 0.024223
0.699487 0.003547 0.025172
0.700227 0.006582 0.026445
0.696461 0.004575 0.025458
0.691128 0.004708 0.021485
0.691337 0.003762 0.024745
0.689441 0.004886 0.025032
0.685374 0.004438 0.025399
0.685253 0.003604 0.025407
0.681280 0.003847 0.024680
0.679054 0.004561 0.024105
0.677133 0.003135 0.024114
0.675747 0.004491 0.025748
0.670675 0.002675 0.021505
0.669351 0.003833 0.021689
0.668542 0.002243 0.023947
0.664885 0.003399 0.023256
0.663315 0.003431 0.024936
0.661260 0.002867 0.022937
0.659455 0.003693 0.024058
0.658622 0.002969 0.025061
0.655894 0.003972 0.024943
0.653970 0.002553 0.024949
0.650848 0.004131 0.024339
0.646900 0.004248 0.023841
0.642334 0.004585 0.026199
0.639002 0.004348 0.024636
0.636940 0.004627 0.021882
0.636881 0.003787 0.022386
0.632875 0.004347 0.023718
0.628007 0.003775 0.022857
0.627278 0.003894 0.023607
0.622551 0.003971 0.020122
0.621895 0.004079 0.021373
0.620210 0.003478 0.023837
0.615845 0.003454 0.021868
0.613913 0.004545 0.019625
0.611838 0.004046 0.022271
0.608249 0.003607 0.022198
0.608288 0.003603 0.022448
0.604218 0.003985 0.021633
0.599710 0.002751 0.021521
0.599880 0.003584 0.022030
0.597518 0.003101 0.023024
0.598099 0.003899 0.020782
0.596431 0.002333 0.023429
0.596173 0.004069 0.020701
0.595116 0.003489 0.024540
0.593326 0.002604 0.026394
0.594347 0.003352 0.027153
0.588846 0.003474 0.024749
0.588665 0.002648 0.023989
0.585143 0.002566 0.024894
0.585285 0.003396 0.025404
0.580106 0.003393 0.024955
0.575147 0.003107 0.023123
0.569207 0.003792 0.023181
0.563578 0.003730 0.022068
0.563559 0.002882 0.022309
0.561362 0.002953 0.025663
0.557331 0.002996 0.026376
0.557014 0.003024 0.024377
0.552322 0.003196 0.023742
0.553406 0.003117 0.025241
0.550291 0.003113 0.025546
0.547549 0.003153 0.025618
0.546473 0.003229 0.024119
0.543593 0.004115 0.025010
0.543534 0.003278 0.025005
0.539928 0.003273 0.024936
0.539813 0.003281 0.024186
0.534121 0.003484 0.023870
0.528598 0.003691 0.022357
0.529725 0.003615 0.024106
0.523756 0.003669 0.022078
0.520334 0.003479 0.023057
0.519219 0.004400 0.021060
0.517780 0.005155 0.021386
0.518707 0.005088 0.021886
0.515007 0.004376 0.022290
0.513723 0.004462 0.019540
0.513081 0.004417 0.023365
0.513248 0.003568 0.024865
0.510658 0.003493 0.025453
0.505573 0.003696 0.023067
0.507338 0.003563 0.023568
0.503988 0.003783 0.023625
0.505711 0.003648 0.023876
0.503001 0.003837 0.023807
0.499575 0.005044 0.023681
0.503009 0.003083 0.025189
0.499852 0.004374 0.025272
0.502196 0.003321 0.024528
0.500844 0.003361 0.024967
0.500445 0.003922 0.024980
0.500507 0.003921 0.025480
0.500302 0.004612 0.024372
0.501112 0.004537 0.024124
0.500181 0.004729 0.022174
0.500099 0.005044 0.025266
0.499822 0.005050 0.022766
0.502319 0.006041 0.026617
0.503204 0.005961 0.027118
0.501389 0.006444 0.027195
0.502400 0.006797 0.027414
0.504099 0.007474 0.026914
0.502877 0.009668 0.025960
0.501999 0.012937 0.025463
0.502072 0.014624 0.024458
0.503115 0.015395 0.026195
0.502253 0.016335 0.024941
0.502990 0.016515 0.025628
0.502884 0.016535 0.024378
0.502704 0.019449 0.025567
0.503622 0.019340 0.026569
0.503216 0.023086 0.025514
0.502339 0.023193 0.025011
0.502615 0.024583 0.024037
0.503210 0.025909 0.025068
0.503190 0.025914 0.024818
0.503746 0.027225 0.025307
0.503588 0.029431 0.025107
0.503634 0.030283 0.024350
0.504670 0.030979 0.025596
0.504726 0.033133 0.027206
0.503867 0.034122 0.025446
0.505636 0.037324 0.026283
0.504866 0.040105 0.025202
0.504345 0.043625 0.023423
0.505509 0.046237 0.026067
0.505291 0.048162 0.024905
0.504804 0.050780 0.024883
0.505164 0.055593 0.025153
0.504510 0.057423 0.024387
0.504832 0.060543 0.026514
0.504497 0.058951 0.025277
0.504571 0.062001 0.025309
0.505231 0.060159 0.026326
0.505058 0.061225 0.026590
0.506467 0.063438 0.029320
0.505831 0.068095 0.027159
0.506957 0.070377 0.027443
0.507188 0.077179 0.026608
0.507433 0.079842 0.026501
0.506347 0.087919 0.025677
0.507188 0.091950 0.026866
0.509127 0.095233 0.028724
0.509159 0.102900 0.026583
0.507401 0.109563 0.024571
0.507583 0.111243 0.026558
0.507292 0.110559 0.025075
0.507634 0.111961 0.025831
0.506634 0.112133 0.025487
0.507274 0.111052 0.026284
0.507513 0.112953 0.025353
0.508090 0.113762 0.023211
0.508050 0.111153 0.022343
0.509663 0.112293 0.022775
0.512030 0.116296 0.020718
0.514293 0.112728 0.021476
0.516467 0.113383 0.021654
0.516858 0.112285 0.020736
0.519478 0.113936 0.019648
0.524922 0.113737 0.022459
0.525233 0.112583 0.021309
0.529733 0.111681 0.020936
0.530499 0.111307 0.021727
0.535097 0.110314 0.021795
0.539121 0.113132 0.022673
0.544938 0.110518 0.023624
0.547769 0.110216 0.023399
0.549162 0.109337 0.024746
0.551980 0.111253 0.023823
0.556530 0.108883 0.025615
0.558805 0.109942 0.025733
0.559424 0.109319 0.024539
0.562494 0.109643 0.025360
0.562484 0.109604 0.024862
0.566340 0.109259 0.027028
0.569279 0.108974 0.024469
0.573071 0.109450 0.024900
0.574895 0.109100 0.027188
0.576762 0.111096 0.025568
0.577978 0.109935 0.025419
0.581348 0.111071 0.025436
0.585238 0.110047 0.024696
0.585840 0.109514 0.025493
0.589407 0.110411 0.024444
0.590004 0.108653 0.024833
0.594591 0.108159 0.025938
0.598291 0.108680 0.025992
0.598294 0.108601 0.024745
0.601932 0.109294 0.025122
0.601329 0.108653 0.024160
0.605804 0.108710 0.025425
0.608683 0.108684 0.024474
0.612854 0.109216 0.025224
0.612238 0.108644 0.025250
0.615934 0.109045 0.025292
0.615318 0.108437 0.024567
0.618623 0.108182 0.024072
0.623190 0.109337 0.025825
0.622569 0.108761 0.025593
0.626183 0.109764 0.025014
0.626749 0.109121 0.024545
0.630375 0.109412 0.025239
0.634528 0.108591 0.025558
0.635155 0.109152 0.025546
0.638385 0.108854 0.025481
0.642395 0.108950 0.025761
0.641767 0.108375 0.025270
0.645547 0.108579 0.026141
0.645550 0.108545 0.024892
0.650100 0.108269 0.026278
0.653357 0.108040 0.024535
0.658028 0.109023 0.025422
0.657394 0.108475 0.025925
0.660499 0.108020 0.025470
0.659383 0.109293 0.025939
0.663278 0.109440 0.025963
0.666140 0.108915 0.025773
0.666698 0.108284 0.025786
0.669499 0.108690 0.026768
0.669496 0.108678 0.026018
0.671829 0.108853 0.024867
0.675619 0.108826 0.024958
0.675631 0.108846 0.026458
0.677960 0.108767 0.024308
0.680977 0.109275 0.024241
0.684490 0.109284 0.024370
0.683852 0.108721 0.024118
0.686887 0.109277 0.025173
0.687514 0.109833 0.024675
0.689781 0.109976 0.024376
0.689812 0.109987 0.026126
0.692978 0.109428 0.026187
0.696206 0.110450 0.024970
0.695006 0.110522 0.024713
0.698699 0.110541 0.024370
0.700582 0.110693 0.025582
0.703978 0.110743 0.025309
0.703363 0.110185 0.026057
0.706343 0.110134 0.025650
0.709258 0.111005 0.027015
0.708588 0.110443 0.025763
0.710906 0.109865 0.025706
0.709719 0.109940 0.025953
0.712913 0.109786 0.026429
0.715219 0.110282 0.025842
0.713909 0.109157 0.024839
0.712690 0.109230 0.024336
0.713333 0.109313 0.024789
0.714150 0.108959 0.023852
0.712501 0.110874 0.024600
0.715683 0.110069 0.024396
