0.506197 -0.096435 0.117238
0.507034 -0.096610 0.117495
0.507004 -0.096192 0.117578
0.507777 -0.096390 0.117085
0.509544 -0.096540 0.117682
0.510436 -0.096700 0.118688
0.510978 -0.095728 0.117225
0.510104 -0.095556 0.116470
0.512188 -0.096400 0.115950
0.512553 -0.094777 0.115677
0.514696 -0.095743 0.116511
0.514020 -0.094753 0.115745
0.516385 -0.095803 0.114657
0.518509 -0.094533 0.116148
0.518886 -0.093407 0.113917
0.520360 -0.094601 0.114433
0.522366 -0.094634 0.114218
0.526525 -0.094297 0.115477
0.524674 -0.094737 0.114977
0.527953 -0.094983 0.115211
0.528783 -0.095168 0.115463
0.530922 -0.095155 0.114409
0.532784 -0.094706 0.115160
0.534390 -0.095603 0.114976
0.536434 -0.094340 0.115725
0.538350 -0.094218 0.115333
0.541313 -0.094412 0.116159
0.542163 -0.094590 0.116911
0.544179 -0.095487 0.116497
0.547265 -0.095060 0.116384
0.547424 -0.094252 0.115883
0.549146 -0.094035 0.114968
0.550070 -0.094202 0.117219
0.552450 -0.093283 0.116395
0.552254 -0.094097 0.116145
0.555452 -0.093893 0.116155
0.554579 -0.093717 0.114905
0.557623 -0.093736 0.115447
0.559314 -0.094098 0.116948
0.560121 -0.093774 0.115800
0.560932 -0.093964 0.115801
0.564027 -0.094117 0.116844
0.564027 -0.094117 0.116844
0.565728 -0.093709 0.114329
0.565774 -0.093696 0.115329
0.568800 -0.093683 0.113969
0.569528 -0.094654 0.116726
0.571130 -0.094166 0.116385
0.570983 -0.094953 0.117640
0.572381 -0.094466 0.116507
0.573234 -0.094655 0.117509
0.575591 -0.095196 0.116935
0.572860 -0.095417 0.114935
0.577206 -0.094938 0.116243
0.575314 -0.095346 0.114996
0.577654 -0.095957 0.114121
0.582206 -0.094461 0.115676
0.582004 -0.095254 0.116187
0.583000 -0.094694 0.115430
0.585631 -0.094247 0.114164
0.588118 -0.094678 0.114365
0.588354 -0.093885 0.114098
0.589796 -0.095113 0.116126
0.592132 -0.095593 0.115369
0.594588 -0.095101 0.115376
0.594313 -0.095891 0.115402
0.596967 -0.095310 0.116016
0.596640 -0.096134 0.115300
0.599082 -0.095566 0.115373
0.597931 -0.096112 0.114150
0.601835 -0.096515 0.116638
0.601444 -0.097374 0.115435
0.603704 -0.096457 0.115660
0.602944 -0.096107 0.115639
0.604891 -0.095861 0.114759
0.606749 -0.096872 0.114418
0.607969 -0.096385 0.115877
0.609456 -0.097152 0.116183
0.611010 -0.095792 0.116533
0.611708 -0.096263 0.116068
0.615049 -0.096168 0.117601
0.613078 -0.096217 0.115611
0.615170 -0.095456 0.114076
0.616111 -0.097081 0.114227
0.618932 -0.097374 0.116330
0.619413 -0.096688 0.116259
0.622054 -0.096162 0.116451
0.622017 -0.096251 0.115706
0.625522 -0.094816 0.116101
0.628487 -0.094676 0.117029
0.628095 -0.092668 0.113810
0.631054 -0.092421 0.116216
0.632860 -0.092932 0.115510
0.632211 -0.092396 0.115457
0.634888 -0.092865 0.116463
0.636696 -0.092743 0.116729
0.637255 -0.092115 0.116667
0.639066 -0.092032 0.116667
0.642620 -0.092536 0.117359
0.642628 -0.092509 0.117608
0.645690 -0.092135 0.118507
0.647351 -0.091153 0.117877
0.649512 -0.091244 0.117404
0.652036 -0.090765 0.116648
0.653714 -0.090680 0.116113
0.655444 -0.090624 0.115416
0.656651 -0.090593 0.115934
0.659026 -0.089597 0.116526
0.659007 -0.090766 0.116852
0.660751 -0.090597 0.117232
0.660740 -0.090638 0.116733
0.664646 -0.090915 0.118035
0.664048 -0.090383 0.116992
0.666394 -0.089801 0.114488
0.667587 -0.090883 0.116569
0.670332 -0.090001 0.117118
0.670903 -0.090621 0.117159
0.673568 -0.090022 0.117106
0.675279 -0.091851 0.117720
0.677712 -0.090564 0.116865
0.678857 -0.091741 0.117936
0.681875 -0.090940 0.118700
0.681239 -0.091538 0.118213
0.684404 -0.090963 0.118655
0.683757 -0.091592 0.117668
0.686875 -0.090980 0.118587
0.688943 -0.091581 0.117166
0.687713 -0.092576 0.118929
0.689541 -0.092310 0.116525
0.693953 -0.091266 0.116866
0.693331 -0.091794 0.117367
0.695072 -0.092056 0.118087
0.695078 -0.092042 0.118337
0.693333 -0.091347 0.118291
0.696439 -0.091890 0.118089
0.697070 -0.091314 0.118346
0.699507 -0.092361 0.118377
0.697718 -0.091749 0.117079
0.701142 -0.092289 0.117043
0.703630 -0.092418 0.119648
0.703017 -0.091854 0.118383
0.706039 -0.091488 0.115847
0.706643 -0.090890 0.116127
0.707716 -0.091143 0.115661
0.705970 -0.092934 0.116306
0.707330 -0.093439 0.116672
0.706747 -0.094052 0.116378
0.709000 -0.095492 0.118546
0.708140 -0.097789 0.116221
0.706874 -0.096681 0.115967
0.708703 -0.097360 0.116454
0.711595 -0.096746 0.117001
0.708434 -0.095267 0.115938
0.709814 -0.095226 0.121525
0.708016 -0.094709 0.118933
0.710606 -0.095685 0.118830
0.706557 -0.092707 0.118356
0.707019 -0.092875 0.119180
0.706297 -0.092368 0.118433
0.704987 -0.090199 0.117835
0.703260 -0.091030 0.115655
0.704119 -0.089373 0.116827
0.704458 -0.089040 0.116394
0.704228 -0.088010 0.118003
0.703128 -0.086932 0.116233
0.704632 -0.083910 0.115624
0.703942 -0.083410 0.115972
0.705466 -0.080491 0.117113
0.704297 -0.082372 0.116351
0.704184 -0.076894 0.117966
0.702995 -0.078408 0.117636
0.704985 -0.073843 0.118209
0.703510 -0.073071 0.115873
0.705039 -0.072025 0.117793
0.704289 -0.069435 0.116102
0.703733 -0.069752 0.115947
0.705308 -0.068781 0.119102
0.703913 -0.067378 0.115880
0.704972 -0.066104 0.117560
0.704393 -0.064977 0.116905
0.704392 -0.063943 0.117009
0.704339 -0.061261 0.116751
0.705728 -0.058734 0.116938
0.705041 -0.058626 0.118442
0.705382 -0.056264 0.118349
0.705875 -0.054677 0.118483
0.704885 -0.053463 0.117860
0.704529 -0.051581 0.117497
0.704594 -0.049789 0.118012
0.703674 -0.049414 0.116524
0.704207 -0.048619 0.116755
0.704882 -0.047643 0.117561
0.702965 -0.047911 0.116523
0.702843 -0.047788 0.115026
0.704732 -0.046382 0.117354
0.704006 -0.046240 0.118357
0.705250 -0.043709 0.119081
0.704541 -0.042572 0.117636
0.704455 -0.041430 0.117456
0.704859 -0.039800 0.117294
0.703872 -0.038058 0.116061
0.704791 -0.036789 0.117697
0.703838 -0.036457 0.115954
0.705044 -0.034547 0.117205
0.705207 -0.034684 0.119202
0.704826 -0.032001 0.117413
0.705090 -0.031244 0.118194
0.704372 -0.028761 0.117330
0.704951 -0.026316 0.117168
0.704492 -0.023634 0.117213
0.704649 -0.022787 0.116741
0.705041 -0.020102 0.118061
0.705364 -0.017501 0.117820
0.704819 -0.015573 0.116366
0.703229 -0.013090 0.115513
0.705054 -0.013649 0.117758
0.704250 -0.011002 0.115377
0.704658 -0.008895 0.117088
0.702719 -0.009225 0.115828
0.703773 -0.008012 0.115678
0.703642 -0.008869 0.116415
0.704368 -0.005584 0.116522
0.703533 -0.005365 0.116272
0.703140 -0.002898 0.115456
0.703277 -0.002044 0.114712
0.703216 -0.000204 0.115159
0.703980 -0.000395 0.114659
0.704485 0.001133 0.114870
0.703699 0.001345 0.115120
0.703955 0.004227 0.114417
0.704836 0.003963 0.115168
0.705025 0.004013 0.115222
0.705085 0.006406 0.114006
0.704601 0.006592 0.117005
0.705910 0.007505 0.115353
0.704998 0.007027 0.115405
0.704868 0.005467 0.119470
0.702702 0.005260 0.116744
0.703270 0.004850 0.118608
0.703059 0.007854 0.119227
0.703633 0.006100 0.123073
0.700848 0.005099 0.120086
0.699532 0.003987 0.121182
0.699710 0.005838 0.122291
0.698798 0.004304 0.121165
0.696926 0.006529 0.120119
0.697081 0.004768 0.121755
0.696773 0.007077 0.122116
0.695897 0.003851 0.122895
0.695054 0.004919 0.123407
0.693494 0.002693 0.121871
0.691562 0.005864 0.120987
0.690155 0.003774 0.120946
0.688145 0.006144 0.121520
0.689116 0.006261 0.120232
0.687548 0.008271 0.121487
0.686831 0.007491 0.120064
0.686291 0.009314 0.121092
0.685379 0.006793 0.120823
0.682815 0.009160 0.120891
0.681591 0.007761 0.119782
0.679653 0.009273 0.119554
0.678677 0.008018 0.120180
0.677625 0.008133 0.122027
0.675621 0.007170 0.122906
0.674987 0.007709 0.122876
0.672941 0.008280 0.121725
0.673914 0.006698 0.123582
0.670623 0.007065 0.122353
0.667745 0.008034 0.122460
0.666857 0.008466 0.120688
0.664314 0.008135 0.121993
0.663506 0.008612 0.120719
0.661343 0.007694 0.122371
0.658013 0.007757 0.123209
0.656767 0.006523 0.122799
0.654086 0.007659 0.122517
0.654057 0.006462 0.122338
0.650691 0.006862 0.121958
0.650575 0.005626 0.121278
0.647863 0.006659 0.120293
0.647824 0.006642 0.120044
0.644687 0.006810 0.120309
0.642420 0.007008 0.120958
0.643143 0.005289 0.122039
0.640557 0.006255 0.122919
0.641179 0.005671 0.123193
0.638007 0.006197 0.122127
0.637820 0.006119 0.120880
0.637008 0.006116 0.122598
0.636172 0.006619 0.120829
0.633932 0.006773 0.122252
0.634474 0.006149 0.122024
0.632549 0.007339 0.123313
0.628926 0.007423 0.121395
0.628855 0.007396 0.120895
0.625296 0.007433 0.120894
0.625391 0.006297 0.121928
0.621687 0.006480 0.121686
0.621939 0.006570 0.123435
0.619637 0.006592 0.123787
0.619743 0.006630 0.124536
0.616408 0.007143 0.124518
0.615679 0.006542 0.123780
0.611839 0.007698 0.122793
0.611996 0.006585 0.124317
0.608020 0.006716 0.123934
0.607322 0.006128 0.123442
0.604017 0.006661 0.123296
0.603883 0.005453 0.122817
0.600380 0.006064 0.122813
0.600452 0.006087 0.123313
0.596962 0.005323 0.121356
0.593875 0.004874 0.121200
0.590653 0.005144 0.121046
0.591320 0.005720 0.121292
0.591779 0.005061 0.120551
0.589000 0.004756 0.121152
0.588294 0.005335 0.120143
0.584685 0.005198 0.120965
0.585178 0.004550 0.120473
0.581742 0.004902 0.120926
0.581110 0.004340 0.120928
0.577545 0.005163 0.119942
0.577763 0.005229 0.121442
0.573955 0.006067 0.122624
0.573322 0.006670 0.122118
0.563946 0.005329 0.120001
0.560735 0.005604 0.120239
0.560255 0.006255 0.120734
0.559345 0.005623 0.118987
0.555839 0.006103 0.119608
0.553876 0.005329 0.120681
0.553082 0.004730 0.119684
0.549668 0.005069 0.119471
0.549551 0.005035 0.118721
0.547842 0.005137 0.121042
0.547611 0.005070 0.119542
0.544177 0.005161 0.119089
0.542015 0.006006 0.120247
0.541501 0.006651 0.120494
0.538059 0.006703 0.120106
0.537905 0.006662 0.119106
0.534803 0.006818 0.118994
0.536038 0.006744 0.119245
0.532760 0.006898 0.119211
0.532308 0.006398 0.120462
0.529413 0.006584 0.121673
0.527756 0.006546 0.118671
0.525721 0.006630 0.119833
0.523214 0.006771 0.119081
0.520813 0.007376 0.118324
0.521107 0.007842 0.116073
0.518105 0.006948 0.117639
0.518713 0.007491 0.117388
0.515749 0.007756 0.117311
0.516225 0.007096 0.116812
0.513371 0.007406 0.117942
0.515991 0.007288 0.119444
0.513866 0.008140 0.120091
0.514890 0.006845 0.119594
0.512006 0.007242 0.119976
0.513198 0.007152 0.119977
0.510566 0.007187 0.119921
0.510972 0.006507 0.118923
0.509573 0.006718 0.120943
0.509468 0.006686 0.120193
0.507774 0.006228 0.121742
0.506948 0.006779 0.119742
0.506217 0.005937 0.120238
0.506455 0.006014 0.121988
0.505627 0.006829 0.121077
0.505459 0.006963 0.122462
0.503327 0.007709 0.122139
0.505359 0.008248 0.123898
0.506141 0.008842 0.125153
0.505836 0.010529 0.123569
0.504580 0.011670 0.122780
0.506361 0.013299 0.121790
0.506327 0.014456 0.120793
0.508306 0.016991 0.124565
0.508149 0.020011 0.123404
0.507545 0.020632 0.122904
0.506476 0.022120 0.122563
0.507030 0.022657 0.121814
0.507115 0.023839 0.121815
0.506516 0.027911 0.121952
0.507783 0.029180 0.123843
0.507192 0.030980 0.122593
0.506513 0.034128 0.120018
0.507095 0.036850 0.122680
0.507784 0.037398 0.123180
0.507280 0.039157 0.122304
0.506602 0.039790 0.121055
0.506387 0.042145 0.121478
0.507120 0.043873 0.121476
0.505508 0.044894 0.119898
0.506879 0.044803 0.121646
0.506602 0.047153 0.120337
0.504959 0.047922 0.119730
0.505444 0.048465 0.118229
0.506285 0.051302 0.120642
0.506389 0.051302 0.121642
0.505581 0.053671 0.120316
0.506223 0.054215 0.120315
0.506248 0.056234 0.120189
0.506216 0.057422 0.118937
0.505572 0.056877 0.118939
0.505571 0.058657 0.119064
0.506221 0.058014 0.120064
0.506343 0.061251 0.120986
0.504909 0.064463 0.118259
0.505578 0.065007 0.118508
0.505418 0.069450 0.118910
0.505334 0.070662 0.117160
0.505513 0.070635 0.118910
0.505331 0.072531 0.120398
0.504795 0.074726 0.118910
0.505000 0.074695 0.120910
0.505943 0.077927 0.120823
0.505834 0.079148 0.118823
0.505023 0.082330 0.118202
0.504938 0.085589 0.119317
0.505568 0.087351 0.118319
0.505063 0.091682 0.118830
0.505013 0.091698 0.118330
0.504126 0.093727 0.116339
0.503988 0.092546 0.115838
0.503197 0.093272 0.116790
0.502539 0.093939 0.115790
0.502915 0.095368 0.116864
0.505431 0.102128 0.117634
0.506774 0.103987 0.121456
0.506539 0.104070 0.118956
0.506714 0.105482 0.120383
0.505712 0.107992 0.120059
0.505641 0.108017 0.119309
0.505658 0.109193 0.118450
0.505643 0.106764 0.119944
0.506283 0.107110 0.119207
0.506955 0.106446 0.120456
0.508314 0.107108 0.119827
0.508959 0.106454 0.120827
0.509824 0.107395 0.119785
0.510304 0.106784 0.118785
0.511596 0.107459 0.120541
0.512098 0.106844 0.119790
0.513362 0.108614 0.118108
0.514378 0.108782 0.117858
0.516001 0.108123 0.115860
0.516762 0.108715 0.116647
0.516745 0.108719 0.116397
0.518287 0.108585 0.116386
0.518182 0.108611 0.114886
0.519925 0.109364 0.114264
0.519942 0.109359 0.114514
0.521883 0.108850 0.115294
0.523726 0.108146 0.116295
0.526250 0.108234 0.116344
0.531164 0.107799 0.119830
0.532954 0.107114 0.120331
0.534488 0.107224 0.119195
0.535722 0.107161 0.119947
0.539509 0.106456 0.119968
0.542009 0.107095 0.120645
0.543515 0.106534 0.119814
0.544076 0.105914 0.119563
0.546843 0.106414 0.119833
0.548091 0.106354 0.121085
0.551082 0.107160 0.119451
0.551092 0.107158 0.119701
0.554313 0.107052 0.118403
0.554935 0.107629 0.118406
0.557430 0.107750 0.118438
0.560376 0.107212 0.118588
0.561005 0.107787 0.118841
0.560385 0.107209 0.118838
0.563471 0.107579 0.118693
0.565938 0.107539 0.118568
0.565947 0.107536 0.118818
0.568778 0.107441 0.119503
0.571831 0.107958 0.118887
0.574624 0.107867 0.120089
0.575225 0.107243 0.120838
0.577547 0.106984 0.119390
0.578140 0.107570 0.118642
0.580914 0.107621 0.118245
0.580309 0.108248 0.117496
0.584085 0.108057 0.118462
0.585303 0.108011 0.119213
0.589270 0.107722 0.119494
0.589866 0.108313 0.118746
0.593043 0.107504 0.119090
0.593618 0.108110 0.117342
0.597786 0.108183 0.118322
0.601018 0.108780 0.118230
0.600985 0.108808 0.116480
0.604217 0.109116 0.118033
0.604811 0.108497 0.118532
0.607651 0.108580 0.118565
0.608241 0.107967 0.118815
0.611465 0.108110 0.118776
0.611457 0.108117 0.118276
0.614992 0.107385 0.117148
0.615616 0.107961 0.118152
0.618363 0.107380 0.117594
0.617770 0.107992 0.117345
0.620867 0.106697 0.117636
0.621472 0.107290 0.117390
0.624736 0.105719 0.118247
0.624750 0.108133 0.116755
0.628002 0.108044 0.116927
0.628603 0.107426 0.117677
0.632218 0.108544 0.117680
0.632214 0.108547 0.117430
0.635916 0.107748 0.117384
0.635328 0.108350 0.117635
0.638870 0.107126 0.117693
0.638860 0.107136 0.116943
0.642490 0.106352 0.118391
0.643112 0.106925 0.119894
0.645825 0.107211 0.118910
0.647034 0.107182 0.120162
0.650367 0.107232 0.120392
0.650338 0.107270 0.117642
0.654906 0.106932 0.120439
0.654294 0.107566 0.118190
0.658008 0.107644 0.118743
0.657415 0.108247 0.118743
0.662294 0.108121 0.119780
0.665496 0.107927 0.120590
0.664891 0.107342 0.120087
0.667130 0.107001 0.119587
0.665919 0.108236 0.117838
0.669816 0.107246 0.118960
0.669209 0.106655 0.118708
0.672087 0.106957 0.117239
0.675801 0.108106 0.118710
0.676412 0.107480 0.119960
0.679153 0.106224 0.119415
0.677937 0.107463 0.117665
0.681721 0.106311 0.118456
0.682351 0.106872 0.120207
0.684487 0.106284 0.119185
0.686317 0.105617 0.122184
0.689410 0.106377 0.118800
0.690040 0.105717 0.121800
0.692928 0.104594 0.122199
0.692910 0.105827 0.119949
0.696872 0.106016 0.121265
0.696875 0.106011 0.121515
0.700348 0.105527 0.122549
0.703529 0.105224 0.122966
0.702931 0.105841 0.122216
0.701753 0.105837 0.122966
0.704658 0.105014 0.123149
0.703464 0.105031 0.122899
0.705809 0.105210 0.122203
0.705207 0.104621 0.122203
0.706933 0.105298 0.121421
0.706331 0.104708 0.121421
0.708733 0.105077 0.120377
0.711645 0.104467 0.120378
0.711068 0.105059 0.120878
0.712386 0.104606 0.118704
0.710000 0.105828 0.118704
0.712403 0.104784 0.119247
0.710573 0.104222 0.118496
0.711240 0.104380 0.117836
0.710009 0.104411 0.117086
0.711072 0.107675 0.114436
