0.504732 -0.094099 0.112764
0.504571 -0.094446 0.111732
0.504672 -0.094491 0.112982
0.505232 -0.093984 0.111984
0.506190 -0.093524 0.112070
0.507095 -0.093542 0.112826
0.506200 -0.093868 0.112381
0.506100 -0.093831 0.111131
0.507013 -0.093259 0.110808
0.507959 -0.093288 0.112062
0.508793 -0.093326 0.111107
0.509709 -0.092279 0.106535
0.509076 -0.092088 0.098035
0.511227 -0.092525 0.110898
0.511504 -0.092370 0.102900
0.512296 -0.091456 0.103279
0.513107 -0.092307 0.102520
0.514375 -0.092301 0.102875
0.514983 -0.092244 0.099128
0.515839 -0.092180 0.099127
0.515511 -0.092113 0.094376
0.519712 -0.093384 0.112925
0.520382 -0.093356 0.110177
0.522522 -0.093276 0.113228
0.524006 -0.093169 0.111123
0.524886 -0.094023 0.111619
0.524811 -0.092312 0.110380
0.526334 -0.093922 0.111465
0.525468 -0.093919 0.111214
0.527135 -0.094025 0.111259
0.527985 -0.094025 0.111260
0.527921 -0.094043 0.110634
0.530683 -0.094210 0.110736
0.533054 -0.094312 0.110376
0.533163 -0.093471 0.112128
0.534831 -0.094319 0.110939
0.535618 -0.095168 0.109937
0.537130 -0.094213 0.109405
0.538101 -0.094219 0.111405
0.539924 -0.094992 0.111561
0.541591 -0.094996 0.111062
0.543044 -0.094305 0.107646
0.544047 -0.094312 0.110397
0.546118 -0.094200 0.110589
0.547020 -0.094203 0.111589
0.548992 -0.094272 0.110687
0.548130 -0.094270 0.110437
0.550383 -0.094342 0.110852
0.550408 -0.095189 0.111351
0.552305 -0.095378 0.109851
0.553258 -0.096224 0.111851
0.554432 -0.096202 0.108613
0.554542 -0.096196 0.110613
0.557484 -0.096211 0.110565
0.557507 -0.097055 0.111065
0.559696 -0.096184 0.111039
0.559779 -0.095336 0.112539
0.560906 -0.096240 0.111799
0.561713 -0.095399 0.111049
0.563079 -0.094588 0.110034
0.563090 -0.095436 0.110284
0.564937 -0.096202 0.110702
0.564078 -0.095355 0.110452
0.566901 -0.096118 0.109075
0.566969 -0.096116 0.110325
0.568048 -0.095837 0.109732
0.568956 -0.097527 0.110728
0.570585 -0.096545 0.109221
0.569708 -0.096552 0.108720
0.573148 -0.098071 0.110656
0.573213 -0.098069 0.111907
0.575773 -0.098145 0.110154
0.574924 -0.097314 0.110409
0.577467 -0.097204 0.110963
0.578320 -0.098030 0.110707
0.582758 -0.099644 0.111962
0.581827 -0.098823 0.110468
0.585285 -0.098480 0.110636
0.583525 -0.097682 0.109640
0.585502 -0.098315 0.109406
0.586487 -0.099976 0.111391
0.587062 -0.099893 0.111054
0.587825 -0.099023 0.109814
0.590081 -0.099119 0.110326
0.590103 -0.099118 0.110826
0.592909 -0.101054 0.113252
0.591881 -0.100260 0.109758
0.594799 -0.100059 0.109439
0.596385 -0.100287 0.109430
0.596329 -0.099439 0.108937
0.599504 -0.099338 0.109645
0.601137 -0.099405 0.108892
0.600366 -0.100289 0.109883
0.604247 -0.100311 0.109786
0.605117 -0.100268 0.110287
0.607055 -0.099361 0.108840
0.609270 -0.100276 0.109523
0.610939 -0.098483 0.110786
0.613139 -0.100124 0.110556
0.614835 -0.100048 0.110309
0.618715 -0.098943 0.111350
0.619566 -0.098906 0.111351
0.619609 -0.099755 0.111598
0.622334 -0.098710 0.110342
0.625472 -0.098467 0.112770
0.626313 -0.098439 0.112271
0.625858 -0.097582 0.111004
0.628479 -0.098328 0.112005
0.626668 -0.096697 0.110505
0.629927 -0.096708 0.111869
0.631457 -0.096634 0.109867
0.633269 -0.098271 0.111117
0.637075 -0.097950 0.111710
0.637070 -0.097953 0.111460
0.639709 -0.098002 0.111183
0.638816 -0.097178 0.111184
0.641578 -0.097310 0.111909
0.642435 -0.097274 0.111910
0.644211 -0.096377 0.112499
0.643342 -0.096419 0.111999
0.645131 -0.096539 0.112213
0.645167 -0.097399 0.111959
0.647810 -0.097505 0.111596
0.646989 -0.098411 0.111341
0.648956 -0.098478 0.110841
0.651513 -0.097589 0.110930
0.651570 -0.097577 0.112931
0.651501 -0.096724 0.112185
0.654820 -0.097215 0.112479
0.657352 -0.096212 0.112787
0.656498 -0.097126 0.111283
0.659002 -0.096267 0.111832
0.661733 -0.097108 0.112153
0.662611 -0.097057 0.112903
0.663503 -0.097031 0.111583
0.664377 -0.096983 0.112083
0.666841 -0.097079 0.112594
0.665992 -0.097118 0.112844
0.668381 -0.096924 0.112532
0.668444 -0.097772 0.113282
0.671673 -0.096787 0.112190
0.672592 -0.097595 0.112940
0.675427 -0.097664 0.113651
0.674575 -0.096833 0.115151
0.676811 -0.096741 0.112254
0.676906 -0.096704 0.115504
0.678531 -0.096680 0.115057
0.679301 -0.095802 0.113557
0.680405 -0.095745 0.112844
0.681329 -0.096551 0.113844
0.683944 -0.096320 0.114030
0.684445 -0.096211 0.113034
0.685328 -0.097038 0.112786
0.687881 -0.096873 0.112715
0.687849 -0.096015 0.112712
0.691119 -0.097515 0.114296
0.691088 -0.096659 0.114292
0.691021 -0.096696 0.112042
0.693385 -0.096509 0.112787
0.694237 -0.095610 0.113532
0.696712 -0.096350 0.115030
0.695804 -0.096407 0.113281
0.699888 -0.096877 0.114933
0.700740 -0.096145 0.113876
0.702494 -0.096073 0.115373
0.703728 -0.095780 0.114980
0.702874 -0.096666 0.114487
0.704009 -0.096347 0.114404
0.703075 -0.096367 0.113738
0.702263 -0.096353 0.114988
0.702339 -0.095717 0.112744
0.700606 -0.095747 0.112495
0.700503 -0.094996 0.112736
0.698836 -0.094140 0.113980
0.699056 -0.094063 0.111895
0.698137 -0.093225 0.111140
0.698305 -0.092081 0.111458
0.696387 -0.092142 0.108458
0.698250 -0.091687 0.111891
0.697995 -0.091185 0.110894
0.698420 -0.090763 0.110519
0.698507 -0.090757 0.111769
0.697573 -0.089927 0.111021
0.698877 -0.089399 0.110299
0.697219 -0.087739 0.111803
0.697491 -0.087198 0.110058
0.698375 -0.086314 0.110811
0.699666 -0.085374 0.111091
0.698732 -0.083694 0.110846
0.699640 -0.081605 0.110813
0.698873 -0.080795 0.112316
0.698788 -0.079248 0.111784
0.698899 -0.078416 0.113536
0.699635 -0.076894 0.113201
0.699586 -0.076043 0.112953
0.699344 -0.074486 0.113052
0.699323 -0.074483 0.112802
0.699907 -0.073199 0.111410
0.700418 -0.072681 0.111716
0.700159 -0.070874 0.112177
0.700117 -0.070870 0.111677
0.700066 -0.070019 0.111429
0.698925 -0.066881 0.111300
0.699775 -0.066854 0.111300
0.700230 -0.065291 0.110812
0.700605 -0.062756 0.112072
0.698911 -0.061948 0.112320
0.698021 -0.061116 0.112066
0.698215 -0.058682 0.110389
0.698384 -0.057781 0.110685
0.699297 -0.055242 0.111662
0.698544 -0.053566 0.111465
0.698641 -0.054427 0.112474
0.698760 -0.052346 0.112259
0.696897 -0.051474 0.110504
0.697832 -0.049764 0.110360
0.697007 -0.048916 0.110602
0.697426 -0.046128 0.110605
0.697497 -0.046141 0.111355
0.697698 -0.043493 0.111261
0.697674 -0.043488 0.111011
0.697900 -0.040364 0.112531
0.696818 -0.041152 0.110296
0.697765 -0.039170 0.110880
0.696938 -0.037447 0.110602
0.697182 -0.035059 0.110511
0.697235 -0.034216 0.110746
0.697392 -0.032126 0.111193
0.697224 -0.032090 0.109442
0.697356 -0.029743 0.111273
0.698238 -0.028934 0.111256
0.699254 -0.026816 0.111726
0.698446 -0.025931 0.111712
0.699468 -0.023369 0.112376
0.699449 -0.024218 0.112642
0.698525 -0.019916 0.110467
0.697797 -0.018182 0.110686
0.696832 -0.014463 0.104938
0.697442 -0.012941 0.110158
0.697888 -0.008783 0.104283
0.696768 -0.008616 0.101532
0.698463 -0.005338 0.107600
0.697247 -0.004238 0.103079
0.699221 -0.001833 0.111115
0.698306 -0.001729 0.110367
0.698377 0.001251 0.107494
0.697920 0.002043 0.110728
0.697360 0.004176 0.101645
0.697289 0.003937 0.109653
0.698310 0.004184 0.109346
0.698605 0.006801 0.109749
0.698798 0.006730 0.111750
0.699698 0.007662 0.111560
0.698039 0.008726 0.110791
0.699862 0.009275 0.110624
0.699772 0.010181 0.108600
0.700061 0.010134 0.110885
0.698882 0.008598 0.109681
0.698370 0.010187 0.111198
0.698116 0.008517 0.110994
0.696271 0.009543 0.110646
0.696084 0.007860 0.111192
0.696048 0.007393 0.111778
0.691898 0.005417 0.108105
0.691789 0.007493 0.111517
0.690893 0.007630 0.111018
0.689578 0.005217 0.110473
0.688666 0.006107 0.111325
0.686816 0.005556 0.111102
0.683933 0.005163 0.111956
0.682174 0.005947 0.110516
0.684099 0.004831 0.113783
0.681640 0.005340 0.112888
0.678199 0.003647 0.112130
0.678168 0.003643 0.111880
0.676677 0.004923 0.112710
0.675386 0.004221 0.110486
0.675284 0.003389 0.111008
0.671671 0.004368 0.109984
0.668664 0.003562 0.110114
0.667719 0.003727 0.109367
0.666702 0.002838 0.110371
0.665337 0.002925 0.111777
0.663971 0.004846 0.109705
0.662694 0.003403 0.109774
0.661165 0.004359 0.108743
0.661214 0.003619 0.110778
0.657936 0.003304 0.108888
0.656482 0.001870 0.108230
0.655288 0.004058 0.108392
0.652497 0.005269 0.108804
0.652639 0.003319 0.108433
0.649809 0.005375 0.108307
0.648596 0.004696 0.110084
0.646453 0.004483 0.108889
0.644901 0.006161 0.107945
0.645024 0.004284 0.108624
0.645148 0.002411 0.109303
0.641265 0.004682 0.106433
0.642995 0.002095 0.107920
0.638797 0.004883 0.107365
0.643557 0.003906 0.110630
0.639201 0.005648 0.109109
0.642613 0.006400 0.107928
0.638744 0.008539 0.106531
0.638588 0.007885 0.109776
0.636968 0.007353 0.107366
0.637339 0.004897 0.107152
0.636941 0.007809 0.110137
0.635094 0.007944 0.110514
0.634973 0.007847 0.109774
0.631164 0.007864 0.107984
0.631090 0.006255 0.110203
0.627913 0.007668 0.106389
0.629030 0.007481 0.109158
0.625651 0.006664 0.108003
0.624921 0.005878 0.107106
0.623544 0.006086 0.107469
0.624782 0.004743 0.110879
0.621487 0.004916 0.109958
0.622033 0.005516 0.109628
0.618075 0.006579 0.105360
0.617908 0.005054 0.108049
0.616714 0.006034 0.109597
0.617339 0.005441 0.109655
0.614409 0.004914 0.110122
0.613763 0.004272 0.109943
0.613097 0.004509 0.111677
0.612143 0.002411 0.109633
0.611139 0.004726 0.109097
0.611871 0.003024 0.110264
0.609069 0.004281 0.108581
0.607280 0.004952 0.108772
0.605332 0.006030 0.108836
0.603813 0.004652 0.107198
0.602873 0.005594 0.107324
0.602694 0.005459 0.106080
0.600426 0.006582 0.106276
0.601137 0.004863 0.107669
0.599180 0.005861 0.108363
0.599155 0.004674 0.108702
0.596048 0.006156 0.109112
0.596256 0.006299 0.110608
0.593636 0.006891 0.108813
0.593530 0.005658 0.108641
0.590917 0.006354 0.108564
0.589662 0.006403 0.108297
0.587811 0.006488 0.108589
0.588212 0.005740 0.107383
0.585601 0.006521 0.108088
0.586968 0.005376 0.109916
0.583639 0.006328 0.108578
0.585161 0.005275 0.111651
0.581206 0.004913 0.108004
0.582713 0.005001 0.110274
0.580226 0.005588 0.111543
0.580684 0.006043 0.110031
0.577741 0.005192 0.110583
0.577646 0.005141 0.109832
0.575057 0.005450 0.109951
0.574930 0.005386 0.108951
0.571600 0.005197 0.108886
0.568614 0.005094 0.110700
0.567963 0.004536 0.110703
0.567702 0.004415 0.108701
0.565192 0.004687 0.110155
0.563948 0.004760 0.109885
0.561126 0.004784 0.109461
0.561227 0.004825 0.110211
0.557057 0.005143 0.108590
0.554678 0.004775 0.108676
0.553983 0.005375 0.107659
0.554057 0.004231 0.108925
0.550970 0.004449 0.109166
0.547169 0.003918 0.108153
0.545953 0.004012 0.108138
0.546682 0.004593 0.108641
0.545302 0.003940 0.108728
0.544886 0.004637 0.109718
0.542038 0.004915 0.109860
0.542729 0.005479 0.110113
0.538651 0.004858 0.107907
0.536896 0.005635 0.110794
0.538070 0.005527 0.110555
0.534822 0.005403 0.109321
0.533574 0.005489 0.109060
0.531652 0.006401 0.110044
0.534107 0.006220 0.110315
0.531597 0.006747 0.109525
0.532353 0.006154 0.111032
0.529737 0.006102 0.111430
0.525889 0.005785 0.110151
0.526646 0.006367 0.110905
0.524558 0.005803 0.110821
0.521049 0.006540 0.110051
0.519210 0.005929 0.109997
0.517686 0.005941 0.107740
0.516311 0.007175 0.108519
0.516868 0.006522 0.108521
0.516242 0.007158 0.108019
0.513861 0.007368 0.107534
0.512814 0.007574 0.109077
0.512088 0.007000 0.108574
0.513337 0.006913 0.108828
0.511142 0.007035 0.109288
0.509858 0.005736 0.109943
0.510514 0.006291 0.109945
0.508881 0.007010 0.109147
0.508224 0.006453 0.109144
0.509073 0.005888 0.111395
0.506767 0.005691 0.110301
0.506031 0.006815 0.110963
0.505250 0.006222 0.109960
0.503165 0.006571 0.111241
0.502810 0.005290 0.109237
0.501831 0.006238 0.112320
0.502161 0.005522 0.110569
0.499189 0.005847 0.112447
0.500105 0.004492 0.110945
0.497916 0.005054 0.110933
0.497500 0.004921 0.107682
0.496609 0.005178 0.108003
0.498629 0.005707 0.109261
0.499969 0.007467 0.110442
0.499346 0.008091 0.109942
0.497689 0.007404 0.108397
0.499719 0.009150 0.109425
0.501291 0.011968 0.111404
0.501320 0.013165 0.111167
0.501529 0.015820 0.110227
0.502599 0.017894 0.111671
0.502828 0.021789 0.110758
0.503527 0.023569 0.112064
0.502697 0.024092 0.112515
0.502542 0.023969 0.111315
0.503559 0.027626 0.110971
0.503298 0.028657 0.110893
0.502596 0.029262 0.109894
0.501812 0.029575 0.111334
0.502400 0.030184 0.112137
0.501693 0.030957 0.110563
0.502145 0.032728 0.111936
0.500925 0.035840 0.110737
0.501828 0.038256 0.112444
0.500467 0.037251 0.111768
0.501954 0.039236 0.112995
0.501453 0.044168 0.111738
0.501310 0.047411 0.110248
0.501825 0.046858 0.112980
0.501933 0.048797 0.112664
0.502142 0.050675 0.113450
0.502528 0.053562 0.111749
0.501275 0.053455 0.111878
0.499680 0.052565 0.109934
0.499017 0.052063 0.111575
0.499405 0.052727 0.112425
0.498831 0.054942 0.111959
0.497003 0.057208 0.111292
0.497829 0.056785 0.112041
0.497030 0.058603 0.111946
0.497575 0.057375 0.112836
0.497652 0.059493 0.112985
0.498201 0.061117 0.112948
0.497340 0.063586 0.112568
0.497606 0.064386 0.112672
0.496600 0.065479 0.112873
0.497256 0.068180 0.111189
0.496736 0.070165 0.109939
0.496080 0.071973 0.109274
0.496490 0.072350 0.112596
0.496830 0.074045 0.111574
0.496006 0.074271 0.111571
0.495957 0.077024 0.111888
0.496175 0.077845 0.111970
0.495825 0.080209 0.109630
0.496441 0.079167 0.109557
0.496326 0.080982 0.111423
0.496922 0.083515 0.111136
0.496222 0.086826 0.111565
0.497082 0.086558 0.112065
0.497060 0.089108 0.111804
0.496132 0.089485 0.110308
0.495863 0.091307 0.109078
0.497706 0.090600 0.111823
0.496578 0.092854 0.110722
0.495746 0.093057 0.110720
0.496809 0.095405 0.110561
0.496942 0.096334 0.109608
0.497288 0.098226 0.110666
0.496271 0.097581 0.110876
0.497265 0.099286 0.110780
0.498790 0.103543 0.110384
0.498895 0.103417 0.111882
0.497977 0.104629 0.112303
0.498803 0.104418 0.112304
0.499175 0.107285 0.111952
0.499000 0.106424 0.112434
0.499512 0.107978 0.113719
0.499852 0.109988 0.112328
0.498114 0.111061 0.100081
0.500397 0.111433 0.112489
0.501147 0.114682 0.108782
0.500703 0.115623 0.110780
0.502385 0.116045 0.113398
0.502197 0.116162 0.110896
0.501621 0.116250 0.111281
0.502473 0.115980 0.111787
0.503334 0.117000 0.112861
0.502131 0.115762 0.111580
0.502995 0.115476 0.112340
0.503790 0.115595 0.106874
0.504412 0.113753 0.112220
0.504983 0.115674 0.109846
0.505470 0.111947 0.112322
0.506645 0.114964 0.112105
0.505382 0.109973 0.112464
0.506273 0.112723 0.112354
0.507003 0.110411 0.111533
0.506233 0.110773 0.111508
0.507998 0.110982 0.112011
0.509930 0.111507 0.109547
0.509558 0.110804 0.110121
0.514063 0.111191 0.110884
0.513588 0.110420 0.110465
0.514957 0.112085 0.110210
0.515443 0.109698 0.109957
0.517629 0.109107 0.111769
0.516904 0.109557 0.111477
0.518813 0.108575 0.110362
0.520024 0.108796 0.110574
0.522018 0.109144 0.110959
0.522625 0.107096 0.107911
0.524871 0.109072 0.107936
0.525253 0.108224 0.111297
0.528270 0.107234 0.111479
0.528811 0.107889 0.111400
0.529235 0.107433 0.108548
0.532130 0.107018 0.110335
0.532743 0.106833 0.110255
0.531446 0.106638 0.109028
0.532237 0.106310 0.111318
0.534657 0.106623 0.111350
0.537032 0.105806 0.110976
0.538257 0.105861 0.111215
0.540752 0.106118 0.112116
0.540621 0.105888 0.109878
0.545447 0.106277 0.112144
0.547271 0.106906 0.112334
0.549946 0.107027 0.113267
0.551099 0.105720 0.112376
0.554308 0.106399 0.113659
0.554872 0.105719 0.112963
0.557984 0.106888 0.112507
0.557945 0.105661 0.112353
0.560806 0.107017 0.114254
0.561358 0.106311 0.113306
0.564443 0.105988 0.112944
0.565063 0.106546 0.112657
0.568639 0.107192 0.114188
0.567979 0.106517 0.112976
0.571242 0.107412 0.114204
0.570581 0.106746 0.112988
0.573138 0.107126 0.113693
0.573740 0.107589 0.112168
0.576615 0.107971 0.111764
0.576572 0.106850 0.113076
0.578820 0.107787 0.113373
0.579365 0.107085 0.112412
0.581870 0.108107 0.113160
0.581212 0.107499 0.112429
0.584088 0.107811 0.112494
0.585772 0.107096 0.111898
0.585801 0.107163 0.113146
0.588378 0.107312 0.113117
0.589028 0.107885 0.113357
0.592664 0.107212 0.114278
0.592036 0.106690 0.115035
0.594684 0.106854 0.114217
0.594033 0.106285 0.113973
0.597528 0.105727 0.113151
0.596317 0.105804 0.112883
0.599514 0.106444 0.114822
0.598790 0.105756 0.111576
0.601717 0.105830 0.113443
0.602364 0.106388 0.113442
0.604311 0.105857 0.112305
0.605967 0.105990 0.112918
0.605974 0.105998 0.113168
0.609103 0.105412 0.110866
0.606650 0.105556 0.109833
0.611115 0.105112 0.112996
0.614168 0.104409 0.112807
0.614821 0.104978 0.113061
0.616244 0.105243 0.111925
0.616272 0.105270 0.112925
0.618788 0.105333 0.112496
0.619344 0.104682 0.112255
0.622550 0.105487 0.110038
0.625634 0.104877 0.111688
0.628821 0.104269 0.112625
0.628859 0.105443 0.111125
0.631513 0.104433 0.112043
0.633224 0.104390 0.111157
0.635696 0.104297 0.113181
0.637030 0.104349 0.112055
0.636431 0.104967 0.111052
0.640207 0.104489 0.112140
0.640152 0.103290 0.112635
0.641095 0.103927 0.111235
0.640530 0.104572 0.111483
0.644004 0.103920 0.111592
0.644601 0.103300 0.112344
0.646615 0.104078 0.112492
0.645396 0.104135 0.112234
0.647880 0.104144 0.112395
0.651342 0.104090 0.113378
0.650734 0.104704 0.112378
0.654693 0.104665 0.114887
0.654015 0.104064 0.113632
0.653929 0.104009 0.111131
0.656853 0.104376 0.112099
0.658107 0.104342 0.113354
0.660152 0.103657 0.112497
0.660798 0.104238 0.112751
0.663548 0.104131 0.114568
0.664145 0.103514 0.115318
0.666249 0.103924 0.112530
0.666895 0.104506 0.112783
0.670010 0.104827 0.114928
0.669413 0.105447 0.114179
0.672900 0.105859 0.113042
0.672869 0.105841 0.112042
0.675395 0.105608 0.114017
0.677750 0.104963 0.114034
0.680408 0.106024 0.113210
0.681695 0.106000 0.115459
0.684548 0.105835 0.112642
0.683973 0.105299 0.114643
0.686719 0.105033 0.114576
0.686061 0.104449 0.114076
0.688967 0.105342 0.114701
0.688326 0.104770 0.114702
0.691654 0.105297 0.114198
0.693954 0.104703 0.115272
0.693403 0.105353 0.115773
0.692813 0.105984 0.115273
0.695301 0.105950 0.113389
0.695369 0.105983 0.115138
0.698114 0.105988 0.114712
0.697533 0.106626 0.114462
0.700121 0.106472 0.113698
0.702852 0.106357 0.113738
0.705383 0.106317 0.114082
0.707313 0.106806 0.113358
0.707987 0.107391 0.114106
0.707299 0.106925 0.110903
0.708589 0.105689 0.114153
0.711223 0.105576 0.115019
0.709964 0.105628 0.114019
0.708628 0.104309 0.114062
0.707342 0.104354 0.112812
0.709155 0.103455 0.112301
