0.506505 -0.094055 0.020297
0.503113 -0.090796 0.018591
0.505943 -0.092082 0.019495
0.504145 -0.090906 0.018994
0.504223 -0.091903 0.018835
0.504243 -0.091909 0.019335
0.504424 -0.091970 0.018178
0.504556 -0.091030 0.018679
0.503918 -0.091032 0.018592
0.504864 -0.091144 0.018592
0.504015 -0.090856 0.017748
0.505807 -0.092031 0.017998
0.504135 -0.090942 0.018608
0.504125 -0.090938 0.018358
0.503243 -0.091947 0.017422
0.504243 -0.092074 0.018672
0.507013 -0.093656 0.019492
0.504474 -0.090478 0.018494
0.503647 -0.090577 0.018878
0.504447 -0.091624 0.018128
0.504853 -0.091898 0.018854
0.503942 -0.091789 0.019605
0.507128 -0.093452 0.020926
0.504559 -0.090221 0.018171
0.505285 -0.094444 0.018656
0.501776 -0.092029 0.018649
0.504513 -0.094807 0.020084
0.502828 -0.092622 0.018072
0.502851 -0.093037 0.018093
0.503061 -0.092446 0.018510
0.503049 -0.092445 0.018260
0.505088 -0.093015 0.018240
0.503018 -0.093567 0.018003
0.503255 -0.092638 0.018989
0.505220 -0.094390 0.018094
0.504313 -0.094178 0.018592
0.506141 -0.095022 0.019243
0.505187 -0.094913 0.018786
0.507297 -0.094495 0.019264
0.505298 -0.094186 0.017836
0.505286 -0.094188 0.017586
0.505099 -0.094273 0.018139
0.506010 -0.094557 0.018142
0.504804 -0.095185 0.017920
0.508129 -0.096441 0.019600
0.505373 -0.095563 0.018591
0.509637 -0.097973 0.020466
0.506190 -0.096194 0.018947
0.508007 -0.096819 0.019455
0.505723 -0.097312 0.018935
0.506973 -0.096729 0.019654
0.509098 -0.096455 0.021069
0.509069 -0.096465 0.020319
0.506343 -0.096095 0.019896
0.506321 -0.096100 0.019396
0.508855 -0.095520 0.019849
0.505850 -0.095426 0.019868
0.506276 -0.095135 0.019608
0.506244 -0.095138 0.018858
0.507704 -0.095160 0.018620
0.508319 -0.096373 0.019644
0.508894 -0.095960 0.019278
0.507406 -0.094434 0.019008
0.509165 -0.094229 0.019144
0.505252 -0.093900 0.018903
0.509448 -0.092415 0.019602
0.506427 -0.092421 0.019107
0.507312 -0.091746 0.018751
0.510361 -0.091716 0.020000
0.512612 -0.092387 0.020475
0.509484 -0.089486 0.019747
0.509398 -0.088323 0.019294
0.508732 -0.087162 0.019312
0.512235 -0.087038 0.020218
0.508731 -0.085130 0.018750
0.512255 -0.084803 0.019615
0.512883 -0.088173 0.021260
0.509701 -0.084569 0.020124
0.511004 -0.087752 0.020514
0.507713 -0.085396 0.019744
0.510213 -0.087842 0.020909
0.509272 -0.088202 0.020939
0.507544 -0.086927 0.020485
0.508087 -0.084644 0.020109
0.507040 -0.085256 0.019120
0.507212 -0.084369 0.019914
0.508650 -0.089235 0.020158
0.507240 -0.085189 0.019594
0.507613 -0.084834 0.019080
0.510154 -0.088117 0.020688
0.506804 -0.083790 0.019376
0.506940 -0.085208 0.018888
0.509226 -0.087346 0.020656
0.507474 -0.085119 0.018748
0.509845 -0.088327 0.019641
0.506213 -0.085885 0.017977
0.506329 -0.084943 0.018019
0.506799 -0.085969 0.018639
0.507559 -0.088020 0.019559
0.511055 -0.090489 0.021213
0.509060 -0.090144 0.018966
0.505793 -0.089801 0.017364
0.507824 -0.090166 0.019859
0.507550 -0.091068 0.018857
0.507489 -0.091034 0.017857
0.507649 -0.090515 0.018436
0.508617 -0.090682 0.018933
0.507364 -0.092034 0.019073
0.511894 -0.093772 0.019290
0.508882 -0.092860 0.018512
0.511936 -0.092456 0.020015
0.507766 -0.092999 0.018752
0.511829 -0.094069 0.020980
0.507050 -0.093184 0.018993
0.507220 -0.092251 0.019001
0.512200 -0.093767 0.021662
0.507327 -0.092856 0.017913
0.507398 -0.093649 0.018106
0.509448 -0.093059 0.018367
0.507142 -0.092744 0.018714
0.508784 -0.093118 0.018652
0.506935 -0.092803 0.018874
0.508917 -0.091348 0.018617
0.508755 -0.092273 0.018363
0.605436 -0.088143 0.019590
0.608185 -0.090185 0.018838
0.605339 -0.089178 0.019021
0.606231 -0.090183 0.018520
0.605661 -0.091143 0.018898
0.602832 -0.090043 0.018399
0.606201 -0.091401 0.019732
0.603277 -0.091263 0.017986
0.606047 -0.090854 0.018316
0.608889 -0.091966 0.019563
0.606932 -0.090360 0.018895
0.608815 -0.091423 0.020146
0.604790 -0.091708 0.018552
0.610525 -0.092781 0.020519
0.605813 -0.091462 0.019523
0.605066 -0.092330 0.019244
0.607856 -0.093524 0.019748
0.604042 -0.091315 0.019036
0.606802 -0.092545 0.019043
0.604714 -0.092474 0.018816
0.604369 -0.092553 0.018885
0.607757 -0.095124 0.019599
0.603282 -0.092568 0.019317
0.605229 -0.091926 0.017786
0.605681 -0.093053 0.020208
0.604673 -0.094010 0.017729
0.605617 -0.094182 0.017724
0.605241 -0.094084 0.017342
0.605331 -0.094040 0.018840
0.605725 -0.095085 0.018056
0.608777 -0.094741 0.018744
0.606296 -0.095990 0.018261
0.606712 -0.094135 0.017930
0.606456 -0.094952 0.017777
0.608403 -0.095362 0.019258
0.605151 -0.097178 0.018596
0.606389 -0.096251 0.017913
0.608510 -0.095795 0.018351
0.604247 -0.096713 0.017226
0.604582 -0.096063 0.018299
0.604648 -0.096040 0.019297
0.609136 -0.095566 0.019796
0.604884 -0.096448 0.018669
0.609195 -0.094728 0.020240
0.604898 -0.095616 0.018356
0.605734 -0.095412 0.017829
0.605986 -0.094795 0.018516
0.608971 -0.094590 0.018208
0.606881 -0.095058 0.016340
0.606560 -0.092990 0.018560
0.606880 -0.092047 0.017647
0.607803 -0.092269 0.017637
0.612203 -0.091301 0.019076
0.607282 -0.087268 0.018868
0.611755 -0.089272 0.020073
0.609127 -0.087390 0.019718
0.611552 -0.088190 0.019651
0.609404 -0.083860 0.017961
0.608761 -0.084087 0.019214
0.607801 -0.083890 0.018724
0.610745 -0.085719 0.020050
0.609464 -0.081610 0.018883
0.607844 -0.081714 0.019498
0.610242 -0.085040 0.020667
0.607378 -0.081004 0.019571
0.609997 -0.082364 0.019030
0.608969 -0.079796 0.019098
0.610420 -0.082921 0.019519
0.609289 -0.081269 0.019598
0.612482 -0.085640 0.020484
0.608381 -0.082531 0.019106
0.612814 -0.085205 0.020278
0.608418 -0.082031 0.018974
0.611868 -0.084533 0.019407
0.610848 -0.084839 0.018483
0.610612 -0.086290 0.018665
0.609481 -0.087032 0.018160
0.614220 -0.087924 0.019623
0.609580 -0.087353 0.017535
0.613227 -0.089040 0.019249
0.608942 -0.092272 0.017139
0.609257 -0.091649 0.016564
0.609339 -0.091666 0.017814
0.609323 -0.091936 0.015454
0.612345 -0.091638 0.016479
0.608545 -0.093285 0.016911
0.608156 -0.095108 0.017423
0.614951 -0.093493 0.018129
0.609020 -0.094036 0.016727
0.607440 -0.092700 0.017165
0.608263 -0.091865 0.016968
0.608048 -0.092769 0.016977
0.707435 -0.086329 0.018714
0.706488 -0.086207 0.018465
0.707352 -0.088570 0.018268
0.709922 -0.090801 0.018773
0.704855 -0.087648 0.018807
0.705488 -0.089637 0.018318
0.705589 -0.090835 0.018587
0.705674 -0.089912 0.017830
0.704505 -0.089744 0.017938
0.706362 -0.090033 0.017939
0.706223 -0.091127 0.017866
0.707805 -0.094167 0.020906
0.708614 -0.095260 0.021193
0.704997 -0.092841 0.018445
0.705336 -0.091002 0.018159
0.705191 -0.091917 0.018677
0.705693 -0.093255 0.017691
0.706079 -0.096189 0.018514
0.705728 -0.094189 0.019879
0.705708 -0.095399 0.020245
0.705825 -0.094533 0.018462
0.707405 -0.099223 0.019511
0.706253 -0.096055 0.017880
0.709895 -0.099669 0.019728
0.704356 -0.098090 0.017438
0.706273 -0.098010 0.018241
0.706765 -0.099258 0.016803
0.705406 -0.099169 0.017544
0.706025 -0.100339 0.018359
0.704387 -0.100073 0.016629
0.706236 -0.100692 0.017893
0.706959 -0.103332 0.016948
0.708038 -0.100710 0.016996
0.712159 -0.101580 0.018652
0.707436 -0.102825 0.016312
0.708030 -0.103842 0.016079
0.708953 -0.104167 0.017094
0.708231 -0.104438 0.016348
0.709881 -0.103110 0.016470
0.711013 -0.104462 0.016414
0.709326 -0.103653 0.016612
0.710150 -0.104079 0.016138
0.709429 -0.103430 0.016098
0.709047 -0.105001 0.015857
0.707782 -0.103337 0.015958
0.707384 -0.103735 0.016839
0.710302 -0.102027 0.017207
0.707448 -0.101497 0.016276
0.708725 -0.101030 0.017256
0.708544 -0.101371 0.016917
0.708155 -0.100092 0.018045
0.709780 -0.101381 0.017678
0.708121 -0.098496 0.018616
0.710962 -0.101101 0.019075
0.709224 -0.096243 0.018316
0.710613 -0.097807 0.016750
0.710247 -0.098587 0.019313
0.711945 -0.096168 0.018185
0.713224 -0.097712 0.021147
0.713095 -0.094233 0.018189
0.714296 -0.093770 0.018224
0.713381 -0.094581 0.019074
0.713736 -0.093753 0.020040
0.713431 -0.093444 0.019038
0.712595 -0.093090 0.019451
0.714649 -0.095534 0.019067
0.714990 -0.094708 0.019789
0.714680 -0.095025 0.019281
0.712189 -0.093968 0.019727
0.713557 -0.092004 0.018442
0.714744 -0.091531 0.018277
0.714307 -0.089598 0.018060
0.715600 -0.090307 0.016587
0.714707 -0.089959 0.017964
0.721329 -0.091098 0.021107
0.715886 -0.088526 0.017626
0.721020 -0.088020 0.021737
0.715582 -0.087401 0.019893
0.717643 -0.089302 0.019021
0.716908 -0.088925 0.018117
0.715981 -0.090529 0.020401
0.714868 -0.090854 0.018294
0.717217 -0.089389 0.018855
0.714881 -0.090223 0.018551
0.716655 -0.088504 0.018189
0.716612 -0.088505 0.018691
0.716014 -0.089464 0.017405
0.720431 -0.087796 0.020573
0.716461 -0.090638 0.017069
0.716839 -0.089112 0.019587
0.718058 -0.088505 0.018371
0.717228 -0.088142 0.018703
0.716985 -0.088806 0.018161
0.719106 -0.087944 0.020286
0.719854 -0.087770 0.019761
0.718416 -0.089018 0.019047
0.721696 -0.087102 0.019560
0.704617 0.005863 0.019736
0.706173 -0.000062 0.019862
0.705080 0.003832 0.018823
0.706637 0.000752 0.019577
0.705916 0.003206 0.018583
0.706829 0.002164 0.019092
0.706921 0.002188 0.020339
0.708164 0.002454 0.019279
0.707448 0.002304 0.018881
0.711610 -0.001078 0.021565
0.707205 0.002897 0.017898
0.707216 0.003597 0.018464
0.707237 0.003602 0.018713
0.708128 0.003860 0.018576
0.710525 0.002166 0.020013
0.706350 0.002960 0.020202
0.706048 0.003365 0.020248
0.711023 0.003323 0.022741
0.710574 0.002072 0.021645
0.705756 0.002759 0.019346
0.710067 0.001860 0.021157
0.706230 0.003185 0.018411
0.708900 0.002597 0.017759
0.707675 0.002531 0.019072
0.706716 0.001984 0.017499
0.707553 0.002779 0.019933
0.707492 0.002578 0.017668
0.711783 0.001616 0.020059
0.706282 0.002186 0.018312
0.714694 0.001600 0.023097
0.707084 0.002216 0.018260
0.710616 0.000514 0.019274
0.708766 0.000382 0.018844
0.707181 0.002888 0.017976
0.709296 0.002895 0.018312
0.712332 -0.001164 0.018846
0.709245 0.003832 0.019055
0.709808 -0.001350 0.020599
0.708492 0.002948 0.017692
0.709263 0.002384 0.018734
0.709104 0.001851 0.018739
0.708244 -0.002164 0.019693
0.708440 0.003980 0.018106
0.707926 0.003285 0.019633
0.706404 0.002045 0.019781
0.707532 0.003471 0.018984
0.707799 -0.002411 0.021252
0.707180 0.002752 0.019230
0.705437 0.001788 0.020021
0.707281 0.002631 0.019022
0.706313 0.002103 0.019699
0.707053 0.001639 0.019987
0.708051 -0.001558 0.021134
0.708555 -0.000582 0.019602
0.711896 -0.000957 0.019896
0.709482 0.000309 0.018083
0.709378 0.001624 0.018035
0.710689 0.002809 0.020130
0.711570 -0.000429 0.020241
0.709489 0.002267 0.021179
0.713305 0.001281 0.022543
0.708473 0.001702 0.018791
0.709918 0.000453 0.019826
0.709211 -0.000206 0.018969
0.709225 -0.000206 0.019219
0.710185 0.000411 0.019990
0.710159 0.000410 0.019490
0.709829 0.000560 0.019047
0.708497 0.000498 0.018796
0.710256 -0.000265 0.018708
0.710353 -0.000258 0.020710
0.710226 -0.000863 0.019845
0.713659 -0.003663 0.019865
0.710153 -0.000601 0.018695
0.710789 -0.001184 0.017585
0.709355 0.001338 0.018960
0.710085 -0.000745 0.017889
0.710016 0.000556 0.019092
0.709199 -0.001414 0.018488
0.708485 -0.000827 0.018184
0.708685 0.000099 0.019030
0.708557 0.001388 0.019229
0.707323 0.001566 0.018084
0.707624 -0.001012 0.019193
0.707163 0.002228 0.018783
0.709323 0.000522 0.019729
0.707857 0.002160 0.018876
0.708425 0.002876 0.019392
0.708184 -0.000971 0.020627
0.709462 -0.000808 0.020205
0.709792 0.000933 0.019216
0.709955 -0.000355 0.019519
0.709815 -0.000372 0.019132
0.710053 0.002941 0.018290
0.709972 0.001835 0.018693
0.711830 0.002716 0.019023
0.710901 0.002423 0.019642
0.712197 0.002556 0.021207
0.710777 0.002806 0.019928
0.710048 0.003385 0.019375
0.714121 0.001464 0.024135
0.709337 0.002933 0.019380
0.709142 0.002304 0.019171
0.709874 0.001729 0.019468
0.709638 0.001961 0.019851
0.709631 0.001972 0.019099
0.708903 0.001561 0.019281
0.711724 0.002351 0.019680
0.709865 0.001450 0.018121
0.709688 0.002714 0.020081
0.711744 0.001924 0.020748
0.711748 0.001948 0.019496
0.713985 0.002417 0.019732
0.712477 0.003487 0.019873
0.715964 0.005627 0.020405
0.713467 0.008519 0.019429
0.715121 0.005580 0.019999
0.714086 0.007356 0.020390
0.714379 0.007367 0.019654
0.606039 0.006402 0.019324
0.607449 0.004822 0.019073
0.606006 0.006404 0.018574
0.607249 0.006554 0.018772
0.605860 0.008143 0.019273
0.606154 0.006351 0.019164
0.605331 0.006279 0.018104
0.607000 0.007651 0.019087
0.606626 0.006777 0.019094
0.607752 0.006574 0.019753
0.606416 0.006097 0.018017
0.609172 0.002288 0.019696
0.605616 0.006015 0.018697
0.606878 0.000336 0.020135
0.605913 0.004998 0.018601
0.606258 0.004882 0.018448
0.604975 0.004473 0.018473
0.605878 0.001761 0.020060
0.605457 0.003050 0.019305
0.605588 0.002693 0.019205
0.604687 0.003171 0.017973
0.604875 0.002764 0.018669
0.605629 0.001134 0.018868
0.606227 -0.001497 0.019383
0.606120 -0.000408 0.018449
0.611886 -0.004109 0.022529
0.605108 -0.001014 0.018861
0.606698 -0.002111 0.019311
0.605396 -0.004839 0.019183
0.607156 -0.002528 0.020074
0.606128 -0.003501 0.019968
0.606632 -0.002753 0.018934
0.606365 -0.003336 0.019021
0.607717 -0.003168 0.019208
0.605673 -0.003047 0.018812
0.607683 -0.002141 0.019963
0.609267 -0.005267 0.018884
0.607947 -0.003984 0.018146
0.609475 -0.005179 0.019109
0.607889 -0.002640 0.019378
0.614385 -0.001606 0.023683
0.608879 -0.002122 0.019870
0.613536 -0.003367 0.022591
0.605610 0.000592 0.018986
0.613104 -0.001840 0.021792
0.613270 -0.003162 0.022813
0.607250 0.000624 0.016992
0.606477 0.002527 0.018970
0.608183 0.001859 0.018523
0.607302 0.003780 0.018247
0.607555 0.003229 0.018249
0.607414 0.004544 0.018479
0.607260 0.005410 0.018874
0.608884 0.004231 0.018306
0.610785 0.005114 0.019069
0.611219 -0.002040 0.019742
0.611394 -0.003354 0.020007
0.608100 0.003827 0.018917
0.610675 -0.000507 0.019254
0.607955 0.002753 0.019651
0.607370 0.002045 0.018642
0.609359 0.002607 0.018495
0.610631 -0.001961 0.020803
0.610161 -0.000963 0.019677
0.608511 0.001530 0.018627
0.611642 -0.001705 0.020122
0.609998 0.000823 0.018327
0.609435 0.000049 0.019570
0.613807 -0.001184 0.022405
0.608535 -0.000557 0.019635
0.609090 0.000221 0.017890
0.608780 -0.000792 0.019524
0.608169 -0.001502 0.019018
0.609735 0.000838 0.019279
0.609121 0.000131 0.018774
0.609103 0.000270 0.019257
0.609124 0.000248 0.020007
0.609578 0.000593 0.020218
0.609583 0.001462 0.020233
0.610308 0.000864 0.020238
0.609536 0.000651 0.019476
0.613551 0.000980 0.021775
0.612819 0.001580 0.021518
0.613006 0.000617 0.019909
0.608893 0.001511 0.019601
0.613780 0.001402 0.020565
0.609643 0.002291 0.019239
0.610768 0.001596 0.018334
0.615052 0.002020 0.019568
0.610149 0.003362 0.018183
0.610747 0.003462 0.019032
0.613909 0.004623 0.019908
0.615310 0.004609 0.019453
0.611969 0.008087 0.018368
0.614291 0.006481 0.018689
0.614031 0.008686 0.019164
0.614533 0.011283 0.018537
0.614533 0.011301 0.018287
0.615306 0.012813 0.019116
0.508702 0.006496 0.019944
0.509827 0.004536 0.019836
0.509126 0.006796 0.019369
0.509144 0.006783 0.019869
0.510445 0.005010 0.020423
0.508778 0.008037 0.018939
0.508450 0.007212 0.019916
0.509220 0.004656 0.020147
0.508582 0.007142 0.019750
0.509328 0.004578 0.019983
0.509224 0.006581 0.018820
0.508290 0.004943 0.018811
0.508101 -0.000705 0.022034
0.507894 0.004804 0.019301
0.506376 0.005698 0.017617
0.504318 0.005867 0.018388
0.503450 0.005023 0.018801
0.506402 0.004290 0.019507
0.504219 0.002076 0.019025
0.505224 0.003661 0.018495
0.502929 0.002739 0.018609
0.505527 0.003245 0.018046
0.504984 0.001055 0.018516
0.505745 0.000513 0.018253
0.507346 0.000723 0.020006
0.509748 -0.000944 0.021709
0.505599 0.001026 0.017773
0.510658 -0.000303 0.019634
0.506991 -0.001532 0.019387
0.512001 -0.002925 0.020993
0.505717 -0.000906 0.018749
0.505754 -0.000903 0.019248
0.511421 -0.001607 0.022065
0.505961 -0.001498 0.018587
0.507035 -0.001408 0.019948
0.511194 -0.001009 0.022293
0.508926 -0.000922 0.020004
0.508300 -0.001648 0.019790
0.507457 -0.000612 0.018227
0.511106 -0.002310 0.020403
0.507623 -0.001926 0.017708
0.508361 -0.002537 0.017952
0.508500 -0.001295 0.020128
0.507107 -0.001416 0.019163
0.507174 -0.000588 0.017325
0.510671 -0.000953 0.019275
0.507463 0.000477 0.018359
0.507477 0.000480 0.018609
0.509235 0.001362 0.019135
0.510775 0.001195 0.018433
0.511202 0.003241 0.017621
0.511078 -0.001438 0.019263
0.512173 0.002431 0.018780
0.511318 0.004336 0.019466
0.510436 0.004816 0.019229
0.510028 0.002768 0.019784
0.511897 -0.003697 0.020648
0.508831 0.004591 0.018607
0.510079 -0.003380 0.020396
0.509381 0.001862 0.018484
0.508909 -0.001411 0.019018
0.509190 0.001955 0.019932
0.508171 0.001136 0.019034
0.507474 0.001673 0.019380
0.509110 -0.000808 0.019975
0.507836 0.002087 0.020484
0.509019 -0.002450 0.021371
0.505586 0.002359 0.018676
0.506125 0.000987 0.018773
0.508451 -0.002157 0.020375
0.506806 -0.000351 0.019156
0.509692 -0.002804 0.019988
0.509299 -0.001073 0.019833
0.508566 -0.000451 0.019064
0.508573 -0.001307 0.018823
0.515387 -0.002220 0.022380
0.508692 -0.000685 0.019529
0.510785 -0.001239 0.021550
0.508958 -0.001603 0.020805
0.508907 -0.001592 0.019054
0.512245 -0.001021 0.021274
0.514268 -0.000269 0.024776
0.508827 0.000034 0.020870
0.511430 0.001522 0.022125
0.507419 -0.000962 0.018997
0.508192 -0.001069 0.018577
0.512897 0.001746 0.022108
0.508983 0.000115 0.019293
0.510147 0.001386 0.019899
0.510132 0.001408 0.019148
0.509438 0.001941 0.021134
0.510602 0.002009 0.020289
0.512679 0.001566 0.021090
0.509218 0.003175 0.019587
0.512815 0.001624 0.020677
0.509778 0.003812 0.018827
0.513646 0.001053 0.020999
0.511307 0.002696 0.019949
0.510627 0.004024 0.019288
0.509886 0.001118 0.019668
0.510219 0.004658 0.018705
0.510671 -0.000152 0.020810
0.508952 0.002439 0.019128
0.509158 -0.001041 0.020755
0.508137 0.002934 0.018858
0.509963 0.004098 0.019507
0.505436 0.104337 0.019321
0.522951 0.031832 0.104064
0.505840 0.103408 0.019376
0.528472 0.022630 0.103331
0.504431 0.101693 0.018485
0.504417 0.100326 0.019238
0.504326 0.101079 0.018042
0.505625 0.098324 0.019587
0.505596 0.100517 0.018784
0.506938 0.100484 0.018817
0.509854 0.100169 0.018686
0.512399 0.096041 0.021057
0.508383 0.099718 0.017675
0.512241 0.095544 0.021101
0.509710 0.100947 0.020699
0.513918 0.096990 0.022243
0.511048 0.102153 0.019421
0.514867 0.096685 0.022121
0.514683 0.100119 0.022322
0.511414 0.100889 0.020460
0.512713 0.100360 0.020239
0.512078 0.098827 0.020959
0.510535 0.102331 0.019005
0.511719 0.098122 0.020505
0.510365 0.102229 0.017752
0.510421 0.101903 0.018220
0.511771 0.101868 0.018223
0.511103 0.102564 0.017972
0.511793 0.101955 0.019633
0.512422 0.098565 0.020633
0.511574 0.101928 0.020077
0.511757 0.102189 0.019359
0.512453 0.101482 0.020360
0.512406 0.100142 0.020111
0.512738 0.099494 0.020765
0.522308 0.097812 0.029272
0.510836 0.100510 0.019395
0.512225 0.100459 0.020396
0.611696 0.105652 0.018508
0.611073 0.106315 0.019007
0.611705 0.105932 0.019011
0.612986 0.103227 0.019269
0.612283 0.105357 0.018069
0.612978 0.105996 0.018319
0.613934 0.105422 0.019013
0.615250 0.105398 0.018773
0.613381 0.104826 0.018198
0.615380 0.100068 0.021291
0.614280 0.105324 0.018234
0.614872 0.098006 0.021404
0.615062 0.106174 0.019131
0.612980 0.098969 0.021270
0.611750 0.106115 0.018125
0.609265 0.097484 0.020231
0.610677 0.104032 0.018317
0.612045 0.103967 0.020112
0.610470 0.103702 0.019136
0.608462 0.100455 0.020176
0.611696 0.103312 0.019454
0.608357 0.098783 0.020742
0.609762 0.103579 0.018365
0.610433 0.104220 0.018366
0.609759 0.103259 0.018121
0.611728 0.102529 0.019463
0.609933 0.095703 0.020378
0.609305 0.101377 0.017754
0.610711 0.103954 0.017695
0.609455 0.096260 0.020633
0.609692 0.102829 0.018629
0.607877 0.101279 0.019462
0.609188 0.101228 0.019499
0.610107 0.101319 0.021156
0.610105 0.101324 0.020905
0.612678 0.099880 0.022270
0.611184 0.100348 0.020152
0.613179 0.102347 0.022645
0.611792 0.101134 0.020394
0.613579 0.101018 0.022390
0.612879 0.100432 0.019636
0.614931 0.101828 0.020682
0.610270 0.101367 0.019558
0.614856 0.100604 0.021828
0.609561 0.100823 0.019145
0.615780 0.101369 0.022189
0.612504 0.102140 0.020540
0.617393 0.102332 0.022194
0.612778 0.101773 0.020498
0.614708 0.102555 0.021068
0.617374 0.105192 0.020637
0.617027 0.106301 0.020124
0.617636 0.108262 0.021360
0.617636 0.107920 0.020049
0.616985 0.107238 0.020273
0.618268 0.108207 0.019058
0.618748 0.108850 0.019089
0.620964 0.104359 0.020179
0.617987 0.109437 0.020256
0.617393 0.104936 0.021248
0.617609 0.110906 0.020109
0.618875 0.106080 0.021819
0.618382 0.111316 0.020889
0.617274 0.111108 0.019269
0.616024 0.109597 0.020916
0.616207 0.111359 0.019610
0.616064 0.111634 0.019973
0.614975 0.104142 0.023229
0.616283 0.109875 0.020142
0.616075 0.111170 0.020097
0.615312 0.111011 0.020021
0.615207 0.110963 0.021520
0.615764 0.111015 0.020365
0.613784 0.106645 0.021687
0.615084 0.112694 0.019797
0.616059 0.110868 0.020196
0.617030 0.110782 0.020065
0.617095 0.106114 0.021911
0.616499 0.104930 0.023263
0.615934 0.112146 0.021556
0.618924 0.111664 0.020311
0.618986 0.106994 0.022174
0.616840 0.104212 0.023259
0.617587 0.108355 0.020730
0.617110 0.107731 0.020092
0.615401 0.108661 0.019492
0.615924 0.109413 0.019769
0.615372 0.108491 0.019547
0.616680 0.108714 0.019392
0.615903 0.109120 0.020508
0.615690 0.110419 0.020461
0.618594 0.106464 0.023201
0.617874 0.107023 0.022390
0.618552 0.108795 0.021098
0.617066 0.109899 0.020230
0.618637 0.108111 0.022046
0.617752 0.110025 0.019444
0.620375 0.108827 0.021826
0.616884 0.110276 0.019089
0.621733 0.107457 0.022210
0.622452 0.106902 0.023267
0.618842 0.108004 0.021445
0.615540 0.111416 0.019918
0.616751 0.107856 0.020220
0.615492 0.107608 0.019400
0.617222 0.112320 0.019172
0.619639 0.107428 0.020175
0.615767 0.114418 0.021000
0.615654 0.112412 0.019528
0.616049 0.113727 0.020457
0.615092 0.106636 0.021271
0.614856 0.111100 0.020635
0.615403 0.113148 0.020223
0.614251 0.114906 0.019879
0.615145 0.108930 0.021022
0.712250 0.100655 0.020932
0.708935 0.105447 0.019175
0.712766 0.099881 0.021415
0.709472 0.106012 0.019409
0.712427 0.103205 0.020037
0.711126 0.105926 0.019535
0.713236 0.104159 0.019838
0.712638 0.106171 0.020583
0.714763 0.102618 0.019531
0.712835 0.107361 0.018745
0.716176 0.108189 0.019409
0.717485 0.106820 0.019688
0.719979 0.104437 0.017855
0.717417 0.108489 0.018241
0.718803 0.104459 0.019437
0.717596 0.109830 0.017131
0.716823 0.105227 0.017023
0.717672 0.112456 0.018288
0.714136 0.106807 0.017593
0.716635 0.109039 0.017388
0.715277 0.106474 0.019708
0.715811 0.108925 0.018693
0.716475 0.109563 0.018946
0.715713 0.110170 0.017486
0.715652 0.107587 0.019146
0.714923 0.110255 0.018937
0.714217 0.107032 0.019350
0.713762 0.109195 0.018301
0.714361 0.105942 0.018053
0.713683 0.108347 0.019138
0.714982 0.109630 0.020140
0.714870 0.108897 0.019307
0.716036 0.102449 0.021573
0.715931 0.108621 0.019840
0.717175 0.104725 0.020174
0.715400 0.107046 0.020493
0.714786 0.108994 0.019581
0.714115 0.109091 0.020831
0.715390 0.107781 0.021478
0.717297 0.104919 0.023166
0.715413 0.106890 0.020208
0.716958 0.105114 0.022455
0.714383 0.106446 0.020766
0.715850 0.106730 0.022529
0.717181 0.106741 0.020837
0.716167 0.106904 0.020373
0.718133 0.106245 0.020738
0.720259 0.105102 0.023165
0.717141 0.107631 0.021852
0.719758 0.106340 0.023270
0.718406 0.107378 0.020323
0.718387 0.107359 0.021073
0.719087 0.107868 0.020656
0.717772 0.107809 0.020580
0.717751 0.108643 0.019770
0.718326 0.109296 0.021050
0.718352 0.109323 0.020299
0.718224 0.109893 0.020246
0.720895 0.108737 0.021706
0.715875 0.111776 0.019043
0.720004 0.111361 0.021325
0.719462 0.110653 0.020779
0.717670 0.112316 0.021131
0.718235 0.113080 0.020934
0.720101 0.110961 0.022248
0.718247 0.114753 0.020074
0.718786 0.114238 0.021662
0.716482 0.115798 0.021181
0.717746 0.112151 0.022420
0.716922 0.116073 0.021392
0.715962 0.114151 0.022371
0.715850 0.117583 0.021431
0.715779 0.117435 0.022204
0.716620 0.117015 0.021787
0.716413 0.118776 0.021942
0.717281 0.118392 0.021276
0.714532 0.113902 0.022534
0.716383 0.119410 0.021429
0.712495 0.116401 0.021967
0.713388 0.116058 0.021051
0.712250 0.115729 0.022346
0.715177 0.119551 0.022072
0.714420 0.117807 0.022189
0.713879 0.118752 0.021677
0.714702 0.118327 0.022006
0.714604 0.119372 0.021763
0.714984 0.118048 0.022767
0.714688 0.117324 0.021200
0.714032 0.118547 0.021886
0.714889 0.118166 0.021716
0.714120 0.116994 0.021075
0.713710 0.116133 0.021260
0.713298 0.117152 0.021167
0.713441 0.116761 0.021121
0.713038 0.115922 0.021067
0.713355 0.115312 0.020226
0.712844 0.112281 0.022410
0.712473 0.111484 0.021614
0.713093 0.111632 0.020014
0.712382 0.106976 0.020139
