0.518273 -0.086579 0.111964
0.519728 -0.089093 0.112961
0.518625 -0.087147 0.112468
0.519255 -0.087705 0.111967
0.521559 -0.090289 0.113464
0.518100 -0.087143 0.110965
0.520848 -0.089776 0.114029
0.518661 -0.086583 0.111780
0.520977 -0.089155 0.113277
0.524366 -0.090192 0.115098
0.525717 -0.091422 0.115848
0.537597 -0.090187 0.115422
0.535749 -0.090877 0.114920
0.558563 -0.089908 0.109867
0.573430 -0.086742 0.112373
0.588924 -0.091846 0.115818
0.606349 -0.083120 0.112327
0.620775 -0.081964 0.111988
0.639241 -0.082830 0.111747
0.646307 -0.086954 0.115471
0.666352 -0.088471 0.116983
0.680253 -0.088451 0.116063
0.684618 -0.088874 0.116566
0.701507 -0.092139 0.120791
0.703737 -0.088288 0.121292
0.713189 -0.092122 0.122437
0.712774 -0.094755 0.124687
0.717828 -0.090393 0.120183
0.718195 -0.089801 0.121183
0.718949 -0.089954 0.121486
0.717912 -0.088680 0.120235
0.717444 -0.087554 0.121984
0.717223 -0.076382 0.120678
0.718745 -0.078344 0.122679
0.716222 -0.069536 0.120896
0.716320 -0.048480 0.119136
0.718304 -0.053621 0.123874
0.718573 -0.024415 0.118156
0.732228 -0.001593 0.050901
0.721155 -0.014430 0.121102
0.720620 -0.003241 0.119328
0.719572 0.014131 0.116291
0.722310 0.008644 0.119721
0.714190 0.013213 0.115440
0.720912 0.008956 0.117499
0.716992 0.010147 0.114733
0.715220 0.010693 0.112484
0.712054 0.008648 0.115492
0.715572 0.004471 0.118459
0.709482 0.010089 0.113395
0.699345 0.009667 0.113933
0.668419 0.009296 0.107864
0.678964 0.005941 0.115356
0.640134 0.005894 0.109771
0.617861 0.006044 0.106476
0.601971 0.007538 0.090679
0.581080 0.010990 0.086330
0.566290 0.008785 0.082581
0.576561 0.006743 0.107231
0.537679 0.026138 0.027673
0.521869 0.025519 0.016651
0.509640 0.022809 0.017408
0.506189 0.005635 0.105905
0.505896 0.002089 0.107686
0.503653 0.000495 0.110116
0.496804 0.004121 0.093825
0.500240 0.002099 0.110361
0.500076 0.003516 0.109601
0.497011 0.005277 0.109211
0.505831 0.006923 0.109718
0.499990 0.007663 0.112185
0.504827 0.016877 0.106146
0.500770 0.017331 0.109533
0.493423 0.049386 0.075382
0.499766 0.051832 0.111575
0.498713 0.062346 0.109036
0.494427 0.073078 0.107775
0.497192 0.101069 0.092701
0.496792 0.102534 0.107446
0.497674 0.112048 0.096932
0.498575 0.112711 0.107743
0.482428 0.135979 0.014459
0.497751 0.114392 0.108186
0.499609 0.111224 0.107188
0.500247 0.111619 0.108977
0.504790 0.107069 0.107981
0.507471 0.108494 0.112196
0.500841 0.125933 0.016947
0.518093 0.112588 0.108121
0.537539 0.104698 0.110140
0.556728 0.105104 0.111170
0.567274 0.105340 0.109685
0.576640 0.110381 0.111314
0.611617 0.104425 0.111601
0.612799 0.107299 0.112502
0.623577 0.110380 0.110272
0.650477 0.105808 0.117166
0.667290 0.106997 0.119191
0.682879 0.112234 0.113074
0.690462 0.109355 0.115328
0.708299 0.111729 0.117168
0.709088 0.104770 0.119898
0.710523 0.109920 0.116166
0.714594 0.110336 0.115708
0.712184 0.109114 0.114450
0.715218 0.110187 0.114743
0.711001 0.108610 0.115979
0.719570 0.107281 0.119976
0.720061 0.107274 0.121813
0.713749 0.112534 0.115066
0.696561 0.109693 0.114028
0.692578 0.122630 0.023207
0.671681 0.111215 0.109152
0.652541 0.111825 0.110648
0.619705 0.108523 0.109834
0.610099 0.108040 0.108552
0.578811 0.106957 0.106992
0.577975 0.110725 0.045259
0.518975 0.111610 0.017652
0.544609 0.102798 0.109618
0.510356 0.102561 0.107316
0.514137 0.101449 0.108939
0.510958 0.099388 0.109938
0.493363 0.106974 0.086119
0.501781 0.102222 0.107642
0.502544 0.098353 0.112779
0.503339 0.100585 0.108277
0.500600 0.098289 0.111721
0.497124 0.080866 0.108481
0.499684 0.076762 0.112992
0.505179 0.059832 0.110776
0.498279 0.055949 0.115826
0.504725 0.027266 0.109622
0.496885 0.020987 0.113457
0.499048 -0.005514 0.113863
0.501690 -0.008240 0.113618
0.497273 -0.008524 0.110273
0.500333 -0.010999 0.112028
0.496767 -0.009459 0.109698
0.501912 -0.005866 0.111447
0.505629 -0.005914 0.111176
0.509369 -0.007715 0.113431
0.507883 -0.005118 0.112427
0.526524 -0.006998 0.112736
0.545783 -0.004912 0.112769
0.539762 -0.018673 0.022540
0.583900 -0.004614 0.106026
0.599605 -0.003131 0.100772
0.616408 -0.001102 0.093018
0.632301 -0.006122 0.114794
0.652090 -0.003055 0.052814
0.674828 -0.003799 0.115105
0.698663 -0.001339 0.117645
0.702061 -0.009681 0.121871
0.716947 -0.002031 0.118577
0.718041 -0.000094 0.116839
0.715270 0.000055 0.120502
0.715564 0.001351 0.119259
0.717201 -0.002626 0.123765
0.715523 0.001263 0.119521
0.716838 -0.002034 0.122839
0.717632 -0.004617 0.125084
0.716150 -0.010250 0.119810
0.713361 -0.013672 0.117031
0.715760 -0.031508 0.120376
0.717625 -0.033904 0.123878
0.718001 -0.052411 0.118804
0.714046 -0.082033 0.117672
0.713281 -0.087946 0.118189
0.696327 0.017654 0.078244
0.671691 0.010872 0.111204
0.666556 0.013499 0.109308
0.643449 0.009816 0.108024
0.649011 0.004940 0.116274
0.636194 0.012442 0.107416
0.615791 0.009932 0.107889
0.608976 0.014610 0.106162
0.588118 0.014195 0.106646
0.565484 0.022581 0.017382
0.548141 0.013830 0.037825
0.538927 0.012427 0.038066
0.542541 0.003957 0.105815
0.536201 0.004832 0.106324
0.532965 0.002248 0.104321
0.526212 0.003717 0.107464
0.522765 0.003919 0.104461
0.515572 0.002117 0.106331
0.514699 0.000687 0.108581
0.506892 0.001453 0.107416
0.506645 -0.000645 0.109417
0.505309 -0.003521 0.112529
0.506568 -0.000070 0.108776
0.504654 0.000085 0.110051
0.507166 0.000061 0.109051
0.501924 0.001614 0.109507
0.505875 0.011034 0.108002
0.502813 0.010392 0.111234
0.502041 0.034717 0.109408
0.508615 0.029947 0.116415
0.506464 0.055699 0.114270
0.506837 0.052722 0.116774
0.501753 0.083961 0.106971
0.503196 0.083839 0.107471
0.506671 0.098770 0.112707
0.502491 0.106065 0.106952
0.502606 0.110696 0.108715
0.504443 0.107427 0.107716
0.501616 0.112077 0.107767
0.502588 0.109618 0.110018
0.502961 0.111002 0.110423
0.505116 0.108722 0.111674
0.514945 0.108220 0.108240
0.515019 0.103992 0.109491
0.531592 0.103950 0.111400
0.529855 0.108538 0.110902
0.561409 0.119908 0.020409
0.585025 0.108999 0.109061
0.595001 0.108088 0.109561
0.615277 0.110165 0.114113
0.618616 0.105639 0.112612
0.647062 0.123923 0.024920
0.645831 0.112197 0.111907
0.659539 0.108502 0.113668
0.670740 0.108831 0.116065
0.669465 0.107570 0.115561
0.675695 0.107854 0.114964
0.675715 0.106550 0.114711
0.681985 0.108221 0.114817
0.692733 0.109393 0.114835
0.694503 0.108593 0.116335
0.704614 0.104527 0.119589
0.704501 0.106791 0.116098
0.711960 0.104717 0.120026
0.709605 0.107502 0.118033
0.707864 0.106964 0.116278
0.711439 0.107376 0.114892
0.709170 0.105219 0.116879
0.713060 0.103280 0.120842
0.708526 0.107665 0.114101
0.710493 0.106718 0.113925
0.709034 0.105282 0.115165
0.711230 0.106967 0.113746
0.715340 0.107679 0.114981
0.715194 0.104888 0.116968
0.710072 0.109006 0.113723
0.713758 0.109030 0.112583
0.713040 0.108299 0.113328
0.708798 0.110002 0.111846
0.703462 0.109939 0.111081
0.711616 0.106717 0.115200
0.684229 0.109757 0.110389
0.690526 0.104754 0.118045
0.676822 0.110719 0.038778
0.681316 0.109566 0.040630
0.601816 0.109957 0.106188
0.603828 0.106548 0.108301
0.574500 0.109159 0.018253
0.575261 0.109306 0.019247
0.505058 0.110643 0.015403
0.518596 0.105519 0.102989
0.514243 0.102527 0.106981
0.503833 0.102701 0.106262
0.503301 0.101989 0.106761
0.496480 0.102915 0.105363
0.502625 0.101528 0.107102
0.505359 0.093338 0.117289
0.503890 0.100369 0.107544
0.499008 0.096240 0.108116
0.503781 0.087419 0.107607
0.498055 0.084835 0.109977
0.503802 0.066508 0.107972
0.501257 0.060693 0.113415
0.497045 0.038724 0.109125
0.501926 0.034951 0.112616
0.503058 0.009900 0.114502
0.501259 0.008579 0.109259
0.502229 0.005376 0.110761
0.505141 -0.003808 0.119097
0.503697 -0.002148 0.111598
0.503129 -0.005982 0.111450
0.505673 0.001948 0.109927
0.508242 -0.004917 0.112197
0.511447 -0.000385 0.110678
0.517285 -0.000273 0.109804
0.520682 -0.000497 0.094544
0.519838 -0.005243 0.109547
0.547676 0.001900 0.109941
0.563721 -0.001638 0.110123
0.573210 0.001012 0.111337
0.581113 -0.004582 0.111376
0.589854 -0.002462 0.114597
0.611497 -0.004948 0.112699
0.645649 -0.001431 0.111885
0.666853 0.000953 0.114828
0.676668 -0.006841 0.117622
0.688968 -0.013547 0.026367
0.707828 -0.005760 0.119591
0.710657 -0.008541 0.118593
0.724061 -0.003610 0.118063
0.725222 -0.002261 0.119059
0.726014 -0.004017 0.119322
0.729035 -0.006523 0.124071
0.721901 -0.001258 0.120075
0.718847 0.000767 0.119058
0.718285 0.003328 0.114807
0.719423 0.001890 0.114226
0.717259 -0.000104 0.114976
0.717239 -0.014830 0.101490
0.718288 -0.019252 0.119243
0.714141 -0.020981 0.111752
0.716744 -0.043118 0.118773
0.711047 -0.046368 0.112285
0.715020 -0.065484 0.120355
0.715514 -0.066015 0.121354
0.712711 -0.079141 0.117675
0.713755 -0.080208 0.119424
0.711744 -0.088975 0.118931
0.712543 -0.096450 0.121964
0.712555 -0.095115 0.121963
0.710241 -0.096863 0.119453
0.710943 -0.097601 0.119202
0.709791 -0.097795 0.118218
0.712128 -0.100131 0.120216
0.710962 -0.098965 0.119217
0.708361 -0.098798 0.122960
0.699711 -0.096826 0.118471
0.700825 -0.098941 0.124729
0.685255 -0.096377 0.122499
0.670333 -0.097430 0.119019
0.649889 -0.096950 0.116047
0.639145 -0.099119 0.117322
0.619164 -0.099283 0.114849
0.608613 -0.098021 0.120093
0.597145 -0.099398 0.115859
0.586836 -0.098883 0.116070
0.556539 -0.096865 0.114103
0.522564 -0.112541 0.020132
0.533488 -0.095454 0.113358
0.538543 -0.102351 0.117326
0.515933 -0.097884 0.110848
0.517867 -0.108994 0.116422
0.504020 -0.098460 0.109926
0.501885 -0.108887 0.111729
0.498700 -0.097230 0.107717
0.495679 -0.105128 0.110702
0.500573 -0.095157 0.109677
0.498690 -0.097368 0.108169
0.501644 -0.094605 0.108909
0.499352 -0.096989 0.107866
