0.519887 -0.090163 0.108422
0.521007 -0.087676 0.107426
0.524176 -0.089394 0.106902
0.527183 -0.088767 0.106654
0.534450 -0.089324 0.109095
0.540618 -0.093112 0.112344
0.545460 -0.091645 0.110698
0.549019 -0.090324 0.109203
0.561558 -0.093088 0.110185
0.568499 -0.091666 0.111052
0.583739 -0.092176 0.110214
0.599749 -0.091866 0.109285
0.610568 -0.095489 0.111538
0.618486 -0.093033 0.110685
0.623326 -0.096640 0.111432
0.630232 -0.091800 0.109557
0.636142 -0.095493 0.112056
0.646753 -0.091778 0.109886
0.650191 -0.093071 0.112138
0.666670 -0.093320 0.112498
0.669185 -0.092015 0.111754
0.681113 -0.091658 0.112908
0.685872 -0.092843 0.113913
0.695971 -0.095122 0.115594
0.698525 -0.092584 0.114604
0.704510 -0.092196 0.115588
0.707635 -0.093939 0.115340
0.714912 -0.092077 0.114545
0.714736 -0.092142 0.115545
0.718248 -0.090966 0.116362
0.719698 -0.084730 0.114627
0.719192 -0.084052 0.114121
0.717354 -0.078557 0.113630
0.718090 -0.082447 0.116623
0.717098 -0.073768 0.114685
0.719097 -0.077630 0.117430
0.718299 -0.060232 0.114529
0.719907 -0.056428 0.115715
0.719264 -0.047194 0.115235
0.718287 -0.042038 0.113495
0.720406 -0.037142 0.115234
0.717179 -0.026740 0.111752
0.718993 -0.016860 0.112073
0.726977 -0.017828 0.114148
0.725292 -0.009405 0.112168
0.731582 0.002671 0.112890
0.721882 0.006607 0.110632
0.727422 0.010359 0.113781
0.722671 0.013220 0.111529
0.715372 0.012010 0.110259
0.721798 0.016521 0.111792
0.717986 0.012196 0.113773
0.716122 0.013619 0.111733
0.715432 0.011356 0.113476
0.709787 0.013992 0.112094
0.711554 0.010183 0.115840
0.704224 0.017004 0.110622
0.692534 0.012476 0.109590
0.684813 0.013460 0.109558
0.686233 0.010287 0.113556
0.691212 0.013713 0.119524
0.667748 0.004046 0.113706
0.655498 0.008301 0.109070
0.653484 0.007262 0.119284
0.632121 0.005735 0.108246
0.636450 0.001604 0.116501
0.615007 0.004158 0.109093
0.615959 -0.000253 0.114343
0.605568 0.006362 0.107513
0.602914 -0.000741 0.113511
0.580323 0.005448 0.101895
0.577973 0.003026 0.106143
0.576699 0.000831 0.116646
0.559877 0.005551 0.105632
0.541008 0.004799 0.100307
0.543875 0.002980 0.106309
0.528690 0.003631 0.107312
0.524300 0.000286 0.108064
0.513906 0.002704 0.105880
0.508994 0.001615 0.102630
0.500770 0.001938 0.106002
0.505515 -0.000359 0.111006
0.498800 -0.001696 0.113323
0.499434 -0.001559 0.110822
0.494385 -0.003518 0.114031
0.496097 -0.001535 0.113025
0.493966 0.001586 0.112194
0.497692 0.000805 0.113944
0.501165 0.002672 0.114687
0.500304 0.014393 0.112874
0.501613 0.010927 0.115882
0.501298 0.030215 0.113587
0.504921 0.025803 0.118595
0.498520 0.047683 0.108665
0.500370 0.049972 0.111157
0.497686 0.063956 0.107450
0.501464 0.059062 0.113707
0.495828 0.076147 0.106142
0.497559 0.090704 0.105749
0.500635 0.092897 0.107990
0.497543 0.102699 0.106905
0.499587 0.103263 0.107152
0.500003 0.105571 0.105397
0.498304 0.110155 0.108653
0.503091 0.105118 0.110160
0.500136 0.109374 0.109791
0.506100 0.104469 0.110546
0.507326 0.107981 0.111374
0.516865 0.104793 0.109125
0.515030 0.107743 0.111503
0.529228 0.110225 0.114780
0.552445 0.106159 0.112279
0.564955 0.108921 0.110202
0.579895 0.105186 0.111696
0.583674 0.104863 0.116953
0.594253 0.106606 0.111947
0.603287 0.110490 0.112416
0.611201 0.107976 0.110666
0.617525 0.105947 0.116455
0.620432 0.108906 0.112954
0.643794 0.106908 0.117003
0.645880 0.106367 0.115753
0.648293 0.104897 0.117254
0.659956 0.107218 0.114285
0.663478 0.108024 0.112535
0.673478 0.109456 0.115120
0.679144 0.101139 0.120615
0.692039 0.107604 0.119038
0.702034 0.111117 0.115501
0.702319 0.108956 0.117749
0.703813 0.104173 0.120495
0.712103 0.111026 0.114020
0.719275 0.110114 0.114145
0.718456 0.109370 0.115144
0.723795 0.109246 0.114561
0.720964 0.109121 0.115809
0.721416 0.107506 0.113796
0.713970 0.106646 0.115291
0.723494 0.099599 0.122310
0.711180 0.110404 0.114072
0.718462 0.105049 0.122918
0.718449 0.102704 0.129664
0.697410 0.111388 0.112423
0.679754 0.112428 0.102663
0.681740 0.106037 0.108656
0.660795 0.111656 0.106445
0.662286 0.108679 0.111443
0.639744 0.110833 0.112442
0.641997 0.107361 0.115689
0.615687 0.110524 0.101477
0.608198 0.108743 0.107462
0.594639 0.107279 0.106447
0.585890 0.107033 0.107320
0.574056 0.104149 0.108804
0.563288 0.108548 0.102691
0.554583 0.107761 0.103430
0.540444 0.106986 0.105926
0.537443 0.108383 0.104672
0.524848 0.107154 0.105828
0.522641 0.107038 0.108076
0.508767 0.107119 0.105848
0.508089 0.106446 0.105847
0.500606 0.103923 0.110056
0.502809 0.105886 0.110808
0.494232 0.104078 0.109939
0.498458 0.104024 0.110694
0.490941 0.101487 0.108374
0.499768 0.099409 0.108635
0.495060 0.095832 0.111217
0.500041 0.083856 0.109724
0.501686 0.080513 0.107977
0.502718 0.065859 0.107290
0.505877 0.060102 0.114044
0.504460 0.047360 0.114178
0.507570 0.042285 0.117431
0.504909 0.030103 0.113735
0.508681 0.025776 0.117239
0.505432 0.014410 0.114513
0.508700 0.009686 0.119516
0.507566 0.002361 0.115369
0.509029 0.001179 0.116620
0.502537 -0.000703 0.111015
0.501553 -0.007130 0.113488
0.499746 -0.004915 0.109486
0.502912 -0.009040 0.111776
0.504320 -0.006407 0.111774
0.504289 -0.008461 0.109769
0.507869 -0.005086 0.111014
0.512160 -0.006476 0.112902
0.515281 -0.004819 0.110149
0.517400 -0.007548 0.111833
0.524695 -0.004565 0.110325
0.529269 -0.009866 0.109709
0.537464 -0.003465 0.109697
0.545506 -0.007297 0.115198
0.553827 -0.003062 0.111169
0.561044 -0.006266 0.116420
0.566096 -0.003828 0.110986
0.579263 -0.003589 0.111022
0.589198 -0.001885 0.112016
0.593145 -0.000644 0.113262
0.606498 -0.000096 0.112116
0.612388 0.000408 0.113115
0.625148 0.001652 0.112914
0.628759 -0.001011 0.115915
0.636162 -0.000155 0.111705
0.646541 0.000907 0.113959
0.656480 -0.003464 0.117191
0.663576 0.000213 0.113945
0.672950 -0.003541 0.116373
0.679107 0.000886 0.115630
0.688965 0.000055 0.114108
0.702577 -0.002585 0.118236
0.702096 0.000699 0.117494
0.701745 0.002673 0.115749
0.709093 0.001673 0.115195
0.710873 -0.000969 0.120438
0.716298 0.001625 0.117332
0.710467 0.002370 0.116579
0.717380 0.001995 0.114704
0.715536 -0.001931 0.118188
0.721302 0.001326 0.116339
0.714901 0.000089 0.114326
0.725143 -0.004210 0.118978
0.716671 -0.006818 0.111458
0.721893 -0.014104 0.113658
0.718708 -0.017435 0.111890
0.721148 -0.025842 0.114763
0.722255 -0.029713 0.117000
0.724419 -0.036076 0.113581
0.721047 -0.039332 0.114065
0.723142 -0.048528 0.114046
0.718587 -0.053288 0.112027
0.719899 -0.063003 0.111407
0.717869 -0.064934 0.111899
0.728704 -0.071882 0.117792
0.722135 -0.078573 0.116275
0.722672 -0.085599 0.114974
0.718064 -0.089136 0.112720
0.725915 -0.097291 0.117993
0.723312 -0.098808 0.116244
0.728183 -0.103467 0.116546
0.722307 -0.100086 0.116303
0.720857 -0.101627 0.112395
0.716929 -0.098681 0.114150
0.721639 -0.104017 0.115130
0.721668 -0.102750 0.114629
0.711594 -0.097856 0.113187
0.709070 -0.096150 0.116440
0.711711 -0.098553 0.119438
0.701645 -0.095651 0.113493
0.706683 -0.103348 0.116730
0.691458 -0.095983 0.113005
0.680397 -0.097850 0.108296
0.687630 -0.098843 0.115033
0.663757 -0.096681 0.110282
0.652817 -0.094854 0.104043
0.646304 -0.099472 0.095968
0.625896 -0.094570 0.093724
0.635387 -0.101875 0.107797
0.632722 -0.099679 0.111550
0.613705 -0.102922 0.097011
0.596498 -0.094050 0.103511
0.602804 -0.101802 0.108373
0.557935 -0.095430 0.049478
0.577142 -0.100433 0.098782
0.566198 -0.095416 0.100283
0.556995 -0.097255 0.101265
0.547600 -0.095667 0.096469
0.548367 -0.102321 0.103748
0.529535 -0.093974 0.096241
0.511528 -0.095570 0.079158
0.517981 -0.093430 0.100800
0.508690 -0.101209 0.099216
0.500667 -0.088796 0.096242
0.505240 -0.100526 0.102161
0.493417 -0.090031 0.096850
0.486563 -0.097743 0.094830
0.496371 -0.092393 0.100989
0.489212 -0.097176 0.096024
0.493364 -0.094190 0.101503
0.494912 -0.095728 0.101925
0.496508 -0.097571 0.102857
0.498903 -0.093978 0.101071
0.511477 -0.088588 0.100907
0.519608 -0.085829 0.107506
0.520996 -0.088158 0.099817
0.534244 -0.085703 0.104513
0.550020 -0.086640 0.105296
0.551750 -0.085321 0.105929
0.545127 -0.087940 0.096776
0.567098 -0.086623 0.116032
0.582967 -0.082555 0.107388
0.586005 -0.086715 0.110069
0.579283 -0.084672 0.107608
0.593217 -0.087994 0.114254
0.596522 -0.084634 0.110073
0.612433 -0.080539 0.111191
0.621136 -0.081394 0.118138
0.616788 -0.084104 0.113057
0.641621 -0.082766 0.116113
0.646278 -0.078767 0.120190
0.659068 -0.080698 0.118137
0.657928 -0.079789 0.117817
0.665873 -0.078541 0.113587
0.673633 -0.079049 0.125361
0.683297 -0.078011 0.122320
0.690709 -0.077781 0.125792
0.695758 -0.077952 0.115646
0.706031 -0.078521 0.119058
0.711227 -0.080060 0.120324
0.707661 -0.076413 0.118744
0.708203 -0.076966 0.115165
0.709388 -0.075305 0.117806
0.708768 -0.075069 0.116083
0.710366 -0.073875 0.118229
0.708211 -0.070684 0.115803
0.711030 -0.056562 0.116495
0.715145 -0.057153 0.119365
0.714345 -0.047000 0.119910
0.712163 -0.040170 0.118810
0.714014 -0.039521 0.117811
0.713120 -0.031459 0.120306
0.712839 -0.015575 0.116765
0.712243 -0.008950 0.117117
0.711516 -0.004242 0.117552
0.713353 0.011177 0.116526
0.715441 0.010967 0.120729
0.712843 0.016137 0.115699
0.715371 0.020905 0.119003
0.712805 0.022268 0.117926
0.715540 0.022889 0.118953
0.712835 0.024051 0.118615
0.711580 0.024504 0.120734
0.709869 0.023961 0.119469
0.705173 0.024048 0.119580
0.703359 0.022493 0.118479
0.697400 0.022956 0.121232
0.699207 0.023632 0.122005
0.695470 0.020473 0.126762
0.688812 0.023061 0.121869
0.675117 0.024246 0.119586
0.678575 0.023444 0.121948
0.665619 0.022574 0.120165
0.658093 0.021949 0.120026
0.650400 0.025787 0.111022
0.639724 0.025126 0.114966
0.635994 0.026666 0.116532
0.630299 0.025314 0.115283
0.626162 0.028114 0.113564
0.613662 0.022789 0.121149
0.601587 0.017623 0.102354
0.608458 0.013893 0.116469
0.576090 0.017760 0.101088
0.566846 0.015117 0.106820
0.555192 0.016608 0.101167
0.547119 0.014090 0.106885
0.538151 0.009240 0.099925
0.529007 0.009263 0.103463
0.528317 0.015674 0.101876
0.514829 0.009705 0.104209
0.513595 0.012501 0.102452
0.503152 0.009343 0.104396
0.501254 0.010822 0.104198
0.499609 0.006847 0.107048
0.498660 0.009696 0.108011
0.496397 0.012724 0.108329
0.497873 0.012800 0.106073
0.500637 0.017972 0.108481
0.501001 0.042733 0.106343
0.505277 0.040878 0.110021
0.500591 0.055979 0.106352
0.497481 0.063034 0.107290
0.501393 0.059424 0.109945
0.496020 0.073413 0.107163
0.496134 0.077419 0.105740
0.497949 0.092345 0.109305
0.498762 0.095579 0.106602
0.500323 0.099909 0.107915
0.501773 0.109559 0.109089
0.505045 0.114098 0.112420
0.499611 0.112692 0.108410
0.502583 0.118259 0.110621
0.501788 0.112857 0.109869
0.502167 0.117323 0.108855
0.503219 0.115978 0.104114
0.514371 0.115509 0.111945
0.518033 0.112852 0.106232
0.531310 0.113904 0.111795
0.535482 0.112732 0.107575
0.547218 0.113299 0.113838
0.550038 0.113941 0.111586
0.568177 0.113413 0.111010
0.572611 0.112161 0.114308
0.578083 0.111396 0.110595
0.589295 0.112195 0.109494
0.599162 0.110577 0.113077
0.604527 0.113249 0.113846
0.609261 0.112393 0.110138
0.620069 0.112048 0.109751
0.625255 0.110516 0.111328
0.637421 0.111418 0.111046
0.640650 0.109462 0.111398
0.648548 0.111383 0.112953
0.651398 0.109315 0.115576
0.665490 0.110010 0.112071
0.673133 0.110713 0.114504
0.679764 0.108018 0.115928
0.687952 0.108030 0.116679
0.692404 0.108207 0.114881
0.697069 0.108944 0.116284
0.702732 0.108352 0.117041
0.708048 0.107472 0.120194
0.707008 0.108105 0.117133
0.711788 0.107271 0.120129
0.710311 0.109147 0.117203
0.714015 0.106656 0.120033
0.716034 0.105533 0.122129
0.710728 0.107410 0.117991
0.708168 0.107782 0.116149
0.709888 0.104700 0.119711
0.658615 0.107393 0.110547
0.650110 0.110251 0.105551
0.650454 0.105125 0.112037
0.643674 0.108628 0.105531
0.640500 0.106030 0.109642
0.636246 0.110075 0.107125
0.632382 0.109580 0.103639
0.627689 0.108346 0.106017
0.625702 0.107729 0.106026
0.617524 0.106645 0.107412
0.622058 0.101284 0.111434
0.609916 0.106847 0.105143
0.612527 0.102149 0.109164
0.600847 0.105601 0.105348
0.597296 0.102053 0.109394
0.591862 0.106835 0.104629
0.587444 0.102915 0.109407
0.572667 0.108377 0.102423
0.558632 0.106447 0.104933
0.564099 0.100973 0.111950
0.543833 0.104898 0.103667
0.539913 0.103669 0.104181
0.537071 0.105074 0.103429
0.523733 0.104119 0.103984
0.529442 0.097338 0.111005
0.511357 0.101650 0.104317
0.517283 0.096854 0.109328
0.504228 0.101490 0.106139
0.503750 0.100839 0.106893
0.495854 0.099109 0.107586
0.500023 0.099617 0.110575
0.493997 0.102637 0.108783
0.499726 0.097208 0.111045
0.493678 0.096716 0.112761
0.497577 0.092021 0.110524
0.493925 0.085531 0.110459
0.498113 0.080951 0.114971
0.496518 0.072117 0.111921
0.498087 0.066662 0.107941
0.500688 0.059515 0.116252
0.501285 0.052876 0.114031
0.498930 0.047823 0.113884
0.499695 0.041174 0.112410
0.496785 0.034512 0.112093
0.507722 0.025583 0.116858
0.504205 0.019444 0.118953
0.504451 0.016162 0.113212
0.507139 0.009726 0.120660
0.502816 0.003295 0.115177
0.504683 -0.003155 0.118453
0.501956 -0.003159 0.113205
0.504880 -0.010168 0.120827
0.504210 -0.005787 0.114819
0.506176 -0.007893 0.114158
0.509408 -0.007396 0.113656
0.513762 -0.008313 0.117655
0.524124 -0.002858 0.114352
0.523562 -0.009456 0.116039
0.539776 -0.002049 0.110023
0.541365 -0.007908 0.115363
0.557231 -0.001686 0.116873
0.560062 -0.008556 0.116446
0.581809 0.002006 0.116014
0.594334 0.002853 0.112849
0.598076 0.000308 0.115360
0.600666 -0.001442 0.113545
0.611081 0.002447 0.115364
0.622044 0.001328 0.110562
0.626591 0.003303 0.111596
0.638323 0.002143 0.113016
0.641085 0.003411 0.112287
0.651628 0.001836 0.113434
0.654360 0.001792 0.112950
0.666872 0.001926 0.115837
0.671183 0.001818 0.113858
0.684356 0.000526 0.116962
0.694238 0.002378 0.117505
0.706313 -0.000437 0.119828
0.708035 0.003433 0.118088
0.720754 0.001040 0.121951
0.712434 0.003693 0.117180
0.728572 0.000787 0.122019
0.715719 0.002849 0.116243
0.720964 0.000968 0.115662
0.713667 -0.003555 0.114901
0.716858 -0.013061 0.114338
0.712750 -0.016945 0.114586
0.715210 -0.025536 0.113890
0.711942 -0.027530 0.112892
0.713169 -0.041925 0.114192
0.716704 -0.044283 0.118192
0.716511 -0.051352 0.113976
0.713611 -0.056466 0.115237
0.714858 -0.064935 0.114922
0.717265 -0.067355 0.117423
0.715432 -0.073306 0.114039
0.714732 -0.073919 0.114292
0.715887 -0.082063 0.115526
0.716784 -0.088093 0.120039
0.714821 -0.094086 0.115704
0.717142 -0.098870 0.119710
0.719347 -0.099473 0.114345
0.716768 -0.096694 0.114344
0.716662 -0.097176 0.115111
0.718471 -0.100225 0.117614
0.713423 -0.099848 0.115223
0.702231 -0.096262 0.113747
0.691664 -0.096222 0.113565
0.693705 -0.096722 0.115561
0.677557 -0.096645 0.114055
0.684956 -0.102697 0.127654
0.655675 -0.097262 0.108913
0.667974 -0.104383 0.115086
0.652429 -0.100806 0.107315
0.648633 -0.105989 0.114095
0.631288 -0.103199 0.097776
0.627660 -0.107369 0.101943
0.612460 -0.103770 0.104856
0.584388 -0.099348 0.101130
0.589017 -0.098361 0.105941
0.595102 -0.101369 0.111221
0.555222 -0.095665 0.099510
0.563165 -0.104096 0.104574
0.551973 -0.100459 0.113458
0.534674 -0.103729 0.095645
0.515728 -0.094769 0.097748
0.517626 -0.102648 0.099394
0.508060 -0.094062 0.102468
0.504291 -0.103152 0.101246
0.502100 -0.098696 0.102632
0.493089 -0.093910 0.098289
0.500653 -0.089841 0.103710
0.492671 -0.099473 0.103922
0.504062 -0.092112 0.104909
0.497691 -0.100386 0.106967
