0.510438 -0.097066 0.108945
0.510375 -0.098708 0.109625
0.512183 -0.098010 0.109615
0.513230 -0.100033 0.110828
0.510472 -0.097556 0.108577
0.510570 -0.097996 0.108587
0.511155 -0.097357 0.108582
0.511902 -0.098022 0.109833
0.511267 -0.098419 0.110190
0.511788 -0.097736 0.109435
0.512368 -0.098083 0.109580
0.514815 -0.097989 0.109572
0.517366 -0.099163 0.110319
0.517804 -0.098142 0.109019
0.520905 -0.097481 0.110007
0.523817 -0.098279 0.111072
0.525361 -0.096139 0.107311
0.531664 -0.098219 0.110104
0.534027 -0.096864 0.109344
0.543402 -0.100188 0.113475
0.546270 -0.097992 0.108962
0.549469 -0.101071 0.111213
0.558402 -0.099197 0.110693
0.562754 -0.102270 0.113691
0.566662 -0.099988 0.110075
0.570378 -0.102413 0.111822
0.570321 -0.099906 0.110565
0.579573 -0.099613 0.109709
0.583248 -0.102073 0.111957
0.588251 -0.104010 0.113140
0.595617 -0.099943 0.109362
0.615743 -0.104251 0.114064
0.622473 -0.105490 0.114590
0.623208 -0.099806 0.111077
0.636854 -0.099259 0.112497
0.638185 -0.097911 0.110991
0.644725 -0.102171 0.113986
0.651366 -0.099114 0.111113
0.660325 -0.097128 0.112843
0.670527 -0.094256 0.112747
0.678693 -0.095466 0.115984
0.687374 -0.091572 0.114033
0.689239 -0.090891 0.113779
0.700524 -0.094856 0.116768
0.697608 -0.093024 0.115520
0.700401 -0.096139 0.117770
0.710463 -0.097505 0.118865
0.707269 -0.093703 0.115115
0.717899 -0.093842 0.115631
0.714818 -0.093314 0.115636
0.725865 -0.093622 0.117588
0.726192 -0.095580 0.119840
0.719151 -0.094410 0.117599
0.729556 -0.096085 0.119106
0.715123 -0.088901 0.115619
0.724277 -0.090587 0.117396
0.715715 -0.085827 0.116153
0.719366 -0.078037 0.116479
0.714405 -0.068068 0.113979
0.723872 -0.070716 0.117525
0.715834 -0.057549 0.113776
0.725574 -0.052415 0.115900
0.717999 -0.039945 0.113901
0.716666 -0.038985 0.115401
0.722230 -0.037390 0.116102
0.717097 -0.026065 0.114351
0.718251 -0.014089 0.110204
0.718123 -0.013529 0.113704
0.723116 -0.009345 0.114291
0.716746 -0.000258 0.111794
0.720987 0.004143 0.112183
0.714761 0.005693 0.109936
0.714795 0.004328 0.110436
0.710810 0.008046 0.108260
0.711545 0.004612 0.109758
0.709578 0.009248 0.108601
0.707826 0.005902 0.109349
0.710353 0.009497 0.110798
0.701730 0.005711 0.109549
0.696560 0.007891 0.112932
0.690246 0.005735 0.109934
0.698176 0.004807 0.118674
0.683451 0.008510 0.112678
0.681685 0.005338 0.112677
0.673164 0.007317 0.113335
0.666321 0.005322 0.113089
0.666811 0.007835 0.117269
0.649254 0.003900 0.111532
0.638719 0.009877 0.105030
0.642245 0.005516 0.114783
0.626174 0.009638 0.109737
0.617483 0.005347 0.107505
0.607561 0.005742 0.109960
0.602862 0.002973 0.111976
0.597575 0.000470 0.111241
0.588491 0.004323 0.113729
0.579315 0.001411 0.110502
0.581510 -0.002713 0.114012
0.557089 0.002389 0.108293
0.558307 -0.000997 0.110303
0.540614 0.002112 0.106526
0.538190 0.002388 0.102781
0.534671 0.001973 0.110398
0.525454 -0.000259 0.106181
0.516665 0.001866 0.108783
0.515699 -0.000782 0.110048
0.514988 -0.003034 0.116291
0.504745 -0.001250 0.108557
0.509988 -0.004105 0.112808
0.497444 -0.002908 0.106875
0.505927 -0.005279 0.115367
0.494881 -0.000979 0.111175
0.496913 -0.000815 0.104420
0.498602 0.000443 0.111765
0.500752 0.002323 0.112251
0.498024 0.010499 0.110023
0.500895 0.015614 0.110493
0.495344 0.022600 0.111431
0.498786 0.033605 0.111124
0.495182 0.040087 0.113076
0.496448 0.044950 0.109553
0.495475 0.047728 0.112992
0.498018 0.054276 0.111961
0.498129 0.059221 0.115034
0.498499 0.069044 0.109239
0.497454 0.073116 0.112623
0.504372 0.071489 0.118374
0.500657 0.081552 0.107584
0.499676 0.092826 0.109711
0.503179 0.095865 0.110446
0.497830 0.104145 0.107150
0.499280 0.103967 0.107899
0.498831 0.108258 0.110405
0.501719 0.103807 0.108669
0.504142 0.101260 0.111927
0.502316 0.104709 0.108282
0.505130 0.101730 0.110041
0.509445 0.105785 0.110970
0.513754 0.105244 0.108970
0.511652 0.106509 0.111242
0.524335 0.105177 0.107996
0.529669 0.103496 0.109500
0.531067 0.107230 0.108288
0.540390 0.099764 0.113806
0.542292 0.107628 0.109466
0.555934 0.098141 0.115232
0.558603 0.101362 0.117993
0.570813 0.104957 0.111237
0.575917 0.101759 0.118795
0.582526 0.107490 0.111540
0.594260 0.108407 0.112019
0.597356 0.106076 0.115271
0.604207 0.098645 0.117277
0.610711 0.107347 0.113012
0.618244 0.099276 0.114516
0.625644 0.100819 0.118356
0.635712 0.105464 0.114861
0.637162 0.099279 0.119110
0.654499 0.104539 0.116085
0.655835 0.097099 0.120332
0.668899 0.105541 0.116743
0.672210 0.104894 0.116244
0.684834 0.106100 0.118377
0.686743 0.105418 0.118626
0.696510 0.101751 0.125320
0.701200 0.099875 0.124068
0.708365 0.107741 0.118198
0.710126 0.099633 0.123184
0.717069 0.105291 0.120492
0.716956 0.106171 0.116994
0.718287 0.106601 0.112168
0.714042 0.104192 0.119161
0.716642 0.098099 0.123902
0.716610 0.105295 0.116957
0.713466 0.099822 0.121446
0.721632 0.098565 0.123657
0.711813 0.105320 0.117912
0.715365 0.107273 0.118783
0.702466 0.106006 0.116519
0.703671 0.105997 0.119112
0.706195 0.097018 0.131346
0.691307 0.106587 0.118354
0.683261 0.108872 0.114039
0.685261 0.099274 0.125922
0.670809 0.108757 0.115679
0.665619 0.106001 0.116921
0.661795 0.106898 0.115887
0.649750 0.109573 0.112882
0.650874 0.104980 0.117094
0.634272 0.109255 0.108085
0.629907 0.105767 0.115076
0.617073 0.109043 0.113068
0.610706 0.109813 0.110063
0.611676 0.106209 0.116562
0.591722 0.110487 0.107549
0.585112 0.110549 0.104509
0.582025 0.108874 0.110255
0.574311 0.106037 0.112385
0.569833 0.108791 0.109882
0.561699 0.107439 0.109375
0.546630 0.109486 0.104812
0.544407 0.108021 0.107061
0.534155 0.107777 0.104798
0.530541 0.106863 0.109796
0.530054 0.104832 0.110546
0.517584 0.106770 0.107405
0.516417 0.105402 0.108155
0.507328 0.106010 0.106554
0.508666 0.105226 0.109305
0.501381 0.106510 0.109710
0.503840 0.106542 0.108711
0.506782 0.101736 0.112716
0.500826 0.106974 0.110756
0.504330 0.104164 0.114510
0.500821 0.102443 0.108627
0.501852 0.100393 0.110379
0.496051 0.102203 0.108589
0.501655 0.102120 0.109842
0.495498 0.100390 0.110509
0.497698 0.103094 0.108007
0.503495 0.101638 0.110510
0.498200 0.101860 0.107938
0.499867 0.099283 0.112284
0.501310 0.098689 0.109035
0.504430 0.098023 0.107787
0.501425 0.094088 0.111796
0.502138 0.080924 0.108810
0.498662 0.074885 0.113138
0.504051 0.062272 0.110653
0.506348 0.057771 0.113409
0.503167 0.042023 0.110637
0.508539 0.039155 0.116891
0.503454 0.029106 0.112287
0.504492 0.022405 0.111298
0.506354 0.009839 0.115489
0.504685 0.004391 0.113750
0.509993 0.003199 0.120250
0.509571 -0.002675 0.120326
0.503785 0.000606 0.114574
0.504069 -0.001407 0.115411
0.505424 -0.000127 0.115406
0.505619 -0.001344 0.114435
0.506245 -0.000762 0.113933
0.504823 -0.006249 0.114597
0.507855 -0.006004 0.111842
0.508490 -0.007518 0.111022
0.515184 -0.005090 0.110759
0.515456 -0.013365 0.112765
0.529533 -0.005215 0.111992
0.534962 -0.007541 0.116740
0.536645 -0.014961 0.115782
0.553987 -0.002323 0.114037
0.557372 -0.005226 0.114683
0.569090 -0.006375 0.119194
0.567844 -0.005620 0.114582
0.572948 -0.009288 0.119081
0.584833 -0.009305 0.119956
0.598389 -0.001771 0.113533
0.601431 -0.004902 0.116778
0.611611 -0.002632 0.113451
0.619898 -0.004448 0.116471
0.624360 -0.003759 0.108065
0.642070 -0.003878 0.119622
0.649055 -0.002010 0.117258
0.662738 0.000635 0.114817
0.674523 -0.004262 0.123282
0.682314 -0.002912 0.123811
0.690319 -0.005244 0.123388
0.692892 0.000570 0.120416
0.707930 -0.006694 0.129374
0.701458 -0.000372 0.122635
0.711430 -0.000572 0.120374
0.707353 -0.000544 0.120872
0.711132 -0.003723 0.125117
0.711904 -0.000388 0.120258
0.710624 -0.000386 0.120008
0.721392 -0.005826 0.125011
0.712816 -0.004019 0.117271
0.715858 -0.015144 0.115172
0.713249 -0.023127 0.114418
0.721096 -0.030816 0.116514
0.718704 -0.039180 0.119014
0.714857 -0.044535 0.117768
0.717773 -0.059050 0.118581
0.713825 -0.063024 0.118090
0.716949 -0.075300 0.118036
0.722431 -0.076768 0.122269
0.720023 -0.084333 0.118227
0.712856 -0.089195 0.116005
0.718128 -0.096602 0.117785
0.714796 -0.097150 0.118048
0.716594 -0.098803 0.120293
0.713491 -0.096291 0.115872
0.717270 -0.097243 0.118857
0.719451 -0.099501 0.117399
0.715673 -0.094302 0.115907
0.719881 -0.097126 0.117556
0.712644 -0.094730 0.119085
0.713440 -0.099892 0.114155
0.717751 -0.100486 0.125637
0.705324 -0.098203 0.110761
0.701467 -0.096012 0.117275
0.694183 -0.094210 0.113804
0.692689 -0.096012 0.115618
0.686168 -0.093178 0.115890
0.686837 -0.093807 0.116388
0.680325 -0.097248 0.110824
0.685907 -0.098258 0.115307
0.668185 -0.099428 0.119427
0.665435 -0.101019 0.126608
0.643116 -0.098760 0.112624
0.644091 -0.103774 0.118051
0.628868 -0.099749 0.111321
0.610221 -0.096773 0.109329
0.606289 -0.099629 0.108628
0.588815 -0.094112 0.107408
0.596608 -0.103978 0.111372
0.566469 -0.094726 0.103186
0.576295 -0.104275 0.109042
0.549512 -0.093113 0.103207
0.556305 -0.096135 0.108412
0.544320 -0.100048 0.104005
0.544832 -0.094794 0.110923
0.527441 -0.097563 0.100358
0.525125 -0.093277 0.105016
0.509950 -0.095709 0.095630
0.510151 -0.092507 0.099281
0.503806 -0.095012 0.098611
0.504542 -0.092437 0.101754
0.504748 -0.088116 0.100733
0.500618 -0.091167 0.102379
0.502703 -0.087066 0.100874
0.496232 -0.092077 0.103047
0.502675 -0.087432 0.100330
0.508272 -0.088990 0.104961
0.508163 -0.088158 0.101560
0.513787 -0.088730 0.105240
0.504159 -0.090597 0.101788
0.517742 -0.088161 0.101616
0.511417 -0.088413 0.099346
0.534147 -0.086897 0.102988
0.526221 -0.090557 0.105104
0.542650 -0.089819 0.113485
0.544177 -0.090126 0.107885
0.554999 -0.087777 0.109952
0.565084 -0.086062 0.105193
0.575078 -0.088341 0.113757
0.584469 -0.088314 0.115878
0.583753 -0.088189 0.121181
0.591739 -0.088408 0.123038
0.597468 -0.090450 0.117473
0.599127 -0.086756 0.112035
0.622430 -0.086403 0.114508
0.629457 -0.086032 0.117426
0.635855 -0.087543 0.121671
0.639277 -0.085022 0.118143
0.644210 -0.084397 0.116598
0.652277 -0.084274 0.119591
0.661587 -0.084497 0.124391
0.668398 -0.083564 0.124841
0.678471 -0.081289 0.119184
0.682930 -0.082376 0.118973
0.690931 -0.081581 0.122627
0.694577 -0.081624 0.123799
0.698964 -0.080415 0.122752
0.704605 -0.083718 0.124573
0.709486 -0.083318 0.124386
0.703980 -0.080684 0.119220
0.713923 -0.081956 0.123760
0.710208 -0.080500 0.116933
0.712794 -0.080344 0.119657
0.718388 -0.080823 0.119274
0.721011 -0.080582 0.121504
0.716414 -0.079574 0.115122
0.710070 -0.071990 0.116566
0.724733 -0.070210 0.124384
0.712317 -0.059465 0.114575
0.716689 -0.050689 0.113516
0.713523 -0.045785 0.116400
0.729074 -0.043820 0.123222
0.715291 -0.032817 0.114341
0.719243 -0.023300 0.122641
0.714834 -0.012102 0.115737
0.715989 -0.004027 0.117944
0.713485 0.012327 0.113581
0.718718 0.010017 0.121148
0.716977 0.016400 0.114636
0.707738 0.011852 0.109766
0.715024 0.013311 0.116723
0.708732 0.009211 0.112101
0.718591 0.012244 0.116513
0.708823 0.010821 0.109792
0.705611 0.007932 0.112706
0.705953 0.011885 0.109348
0.706320 0.012840 0.116112
0.696558 0.011855 0.112641
0.688295 0.007352 0.112553
0.692154 0.011688 0.111499
0.674057 0.007113 0.108711
0.681363 0.009636 0.112835
0.661636 0.007336 0.109853
0.658955 0.010445 0.111338
0.653610 0.007568 0.110549
0.655584 0.007177 0.111538
0.632348 0.007578 0.103759
0.630218 0.005988 0.104240
0.616780 0.009056 0.103720
0.617403 0.007016 0.103695
0.608604 0.009316 0.104698
0.604785 0.008023 0.106190
0.592838 0.009559 0.105028
0.586942 0.007760 0.101768
0.594278 0.006357 0.110001
0.571427 0.007523 0.101558
0.576271 0.006639 0.106300
0.558198 0.006857 0.102582
0.553750 0.005726 0.101329
0.540015 0.004751 0.100454
0.547725 0.003497 0.108447
0.531666 0.005295 0.103461
0.526632 0.002305 0.101450
0.500498 0.006928 0.100812
0.492496 0.006716 0.102021
0.489985 0.004870 0.110214
0.498967 0.012612 0.109471
0.499683 0.025940 0.107757
0.495486 0.030791 0.108567
0.497307 0.038663 0.110897
0.495151 0.044925 0.104128
0.502495 0.058601 0.113620
0.493987 0.071331 0.107051
0.498662 0.067289 0.110571
0.498705 0.094804 0.107568
0.502139 0.094704 0.110571
0.499854 0.103572 0.111497
0.505834 0.101873 0.115012
0.500499 0.107408 0.109448
0.505640 0.104718 0.114973
0.501169 0.113296 0.111533
0.504959 0.111176 0.114306
0.506682 0.112373 0.114242
0.512167 0.108741 0.118789
0.515224 0.107355 0.115398
0.517911 0.113204 0.120415
0.525605 0.111336 0.118204
0.530294 0.109513 0.113489
0.539998 0.110944 0.118937
0.543179 0.109259 0.117222
0.554609 0.110382 0.132284
0.562364 0.110389 0.114787
0.571398 0.113139 0.108120
0.580815 0.109120 0.113456
0.586725 0.111210 0.117250
0.591854 0.108970 0.114294
0.598808 0.110109 0.118820
0.604886 0.110578 0.113555
0.623463 0.110659 0.113443
0.628154 0.108024 0.117242
0.638461 0.111139 0.114254
0.645891 0.108517 0.118800
0.655083 0.111848 0.118434
0.661839 0.110837 0.115943
0.670662 0.110770 0.119552
0.673798 0.112907 0.115996
0.683685 0.114449 0.116545
0.690050 0.113181 0.117059
0.697020 0.114871 0.115939
0.700839 0.110332 0.118799
0.706451 0.111983 0.116890
0.708657 0.112208 0.116125
0.713195 0.113444 0.116402
0.713684 0.112246 0.116686
0.717040 0.112399 0.117531
0.715875 0.111873 0.117302
0.716015 0.111421 0.115309
0.713628 0.110371 0.115102
0.711825 0.111101 0.116371
0.714900 0.108564 0.121692
0.706968 0.107838 0.120003
0.708323 0.107179 0.122269
0.698951 0.109278 0.118294
0.691190 0.109400 0.117068
0.686766 0.108235 0.117149
0.673733 0.107462 0.114969
0.667499 0.109013 0.113968
0.662767 0.109850 0.114709
0.663867 0.107362 0.116846
0.637784 0.108780 0.111139
0.641278 0.107127 0.113839
0.642576 0.105598 0.115885
0.619707 0.108615 0.109580
0.604734 0.106549 0.109191
0.603907 0.105207 0.118764
0.585066 0.107406 0.107003
0.580378 0.108295 0.107491
0.576520 0.106378 0.111167
0.579283 0.105348 0.112936
0.558513 0.104464 0.112902
0.547985 0.107183 0.109952
0.535064 0.106941 0.105982
0.529413 0.106031 0.105011
0.518770 0.104204 0.106845
0.523553 0.103739 0.111844
0.514693 0.103897 0.111737
0.507335 0.105375 0.107477
0.500602 0.106344 0.107973
0.503999 0.106213 0.109971
0.501857 0.105611 0.112378
0.506071 0.103084 0.113148
0.498388 0.104218 0.107568
0.505351 0.095190 0.115129
0.497159 0.085944 0.112287
0.499616 0.080674 0.108566
0.500552 0.065239 0.112850
0.504693 0.064242 0.116855
0.501160 0.051751 0.113937
0.500767 0.050828 0.113437
0.504986 0.031615 0.117239
0.504845 0.029820 0.111986
0.504927 0.018730 0.115686
0.507312 0.022860 0.115706
0.501835 0.008211 0.110655
0.506329 0.005731 0.115891
0.509317 -0.001007 0.118363
0.505582 0.000890 0.111375
0.513028 -0.002076 0.118280
0.514331 -0.001262 0.119788
0.517598 0.001441 0.117609
0.516135 -0.000086 0.117346
0.522103 0.001809 0.115459
0.537227 0.006514 0.121001
0.536813 0.006566 0.114603
0.544946 0.010881 0.114645
0.548387 0.004770 0.113038
0.555607 0.009093 0.109083
0.572549 0.010880 0.117449
0.574891 0.009340 0.119437
0.587632 0.008765 0.115896
0.587049 0.009856 0.114905
0.605602 0.011765 0.116109
0.609913 0.013416 0.116629
0.621560 0.011880 0.118778
0.628969 0.015455 0.114070
0.637966 0.014156 0.114945
0.641657 0.012167 0.119433
0.651826 0.015469 0.114996
0.656975 0.016893 0.116014
0.667644 0.015774 0.118885
0.667125 0.013990 0.118873
0.684453 0.014363 0.119948
0.680104 0.017624 0.116704
0.692875 0.016114 0.120208
0.696419 0.015063 0.120461
0.695274 0.016909 0.117528
0.697822 0.018127 0.116287
0.704603 0.017062 0.119145
0.710777 0.017207 0.117907
0.713385 0.014354 0.120470
0.714047 0.018110 0.117982
0.719025 0.016295 0.121077
0.717473 0.015859 0.118573
0.721367 0.010795 0.120837
0.717464 0.004240 0.116313
0.722233 -0.004006 0.119342
0.717592 -0.008494 0.116571
0.718470 -0.013442 0.119367
0.723358 -0.020627 0.122860
0.718114 -0.022114 0.118354
0.717429 -0.032754 0.116325
0.718746 -0.046636 0.118292
0.717798 -0.050307 0.117780
0.719614 -0.060523 0.118242
0.717838 -0.062244 0.115483
0.721051 -0.067731 0.119718
0.718763 -0.071294 0.116953
0.717666 -0.078907 0.116400
0.721762 -0.081566 0.120401
0.720690 -0.083417 0.118926
0.722187 -0.083657 0.120428
0.722248 -0.086030 0.117668
0.720550 -0.087292 0.118911
0.719113 -0.089996 0.117661
0.720129 -0.090387 0.117162
0.720142 -0.090380 0.117158
0.718916 -0.090952 0.117403
0.720474 -0.091280 0.118652
0.718109 -0.089648 0.118151
0.716518 -0.088089 0.118440
0.714851 -0.087695 0.117687
0.710900 -0.087418 0.117919
0.706869 -0.086616 0.115162
0.702891 -0.086751 0.119139
0.696939 -0.085292 0.116880
0.688780 -0.085344 0.113374
0.684283 -0.085575 0.115613
0.675105 -0.085434 0.117346
0.651609 -0.088645 0.104033
0.653943 -0.088013 0.116297
0.636595 -0.088272 0.113257
0.621345 -0.086816 0.109739
0.607283 -0.087572 0.109704
0.603065 -0.087526 0.110327
0.600210 -0.093674 0.103507
0.599934 -0.094653 0.103254
0.566877 -0.093837 0.106063
0.568522 -0.095048 0.107312
0.548851 -0.097574 0.059513
0.547101 -0.091515 0.110018
0.526113 -0.092286 0.099247
0.531203 -0.093057 0.102503
0.519596 -0.084846 0.102273
0.517575 -0.089222 0.102679
0.516927 -0.082492 0.105967
0.519300 -0.091037 0.108179
0.513254 -0.083795 0.106464
0.517566 -0.089639 0.110661
0.516715 -0.081765 0.109712
0.512959 -0.086846 0.106677
0.514855 -0.084213 0.108197
