0.519159 -0.091617 0.107841
0.516009 -0.089776 0.106841
0.516665 -0.090225 0.106922
0.517284 -0.090823 0.106922
0.519580 -0.092470 0.108532
0.518823 -0.089364 0.107281
0.522429 -0.092300 0.108930
0.519720 -0.090892 0.105431
0.524953 -0.093557 0.107457
0.524116 -0.089161 0.105206
0.527344 -0.091356 0.106530
0.530411 -0.091934 0.106779
0.534650 -0.088450 0.106482
0.545064 -0.091365 0.106981
0.551358 -0.095311 0.109592
0.551803 -0.089654 0.106591
0.560348 -0.089929 0.108142
0.562811 -0.092294 0.107641
0.571637 -0.090206 0.108460
0.573456 -0.089505 0.107459
0.580797 -0.088670 0.108661
0.585679 -0.089793 0.108409
0.589342 -0.088434 0.107157
0.601822 -0.088895 0.107257
0.605425 -0.090152 0.108756
0.618115 -0.091371 0.110620
0.628210 -0.094220 0.111899
0.633194 -0.091592 0.109898
0.634873 -0.094729 0.112147
0.646842 -0.093361 0.111069
0.648159 -0.093282 0.110068
0.657403 -0.094456 0.111344
0.667701 -0.098352 0.114152
0.666740 -0.094567 0.111154
0.670306 -0.093319 0.111905
0.681363 -0.093625 0.113475
0.690773 -0.094025 0.115161
0.692874 -0.093241 0.112912
0.701972 -0.093306 0.114778
0.700905 -0.093258 0.113527
0.713069 -0.096020 0.116129
0.709040 -0.091680 0.113382
0.716547 -0.092605 0.114739
0.716276 -0.090275 0.116492
0.727191 -0.094449 0.120613
0.718049 -0.089390 0.114112
0.728459 -0.092899 0.118882
0.721383 -0.089184 0.115382
0.723729 -0.088695 0.117105
0.722434 -0.088785 0.117853
0.722663 -0.083296 0.117702
0.718488 -0.074910 0.112461
0.716429 -0.070747 0.113715
0.718111 -0.062821 0.114869
0.721320 -0.057396 0.112671
0.718578 -0.050077 0.113431
0.720987 -0.043678 0.113889
0.720237 -0.040724 0.114892
0.722736 -0.031798 0.112517
0.722659 -0.032214 0.115016
0.718117 -0.022128 0.110526
0.723595 -0.019475 0.111107
0.721378 -0.003292 0.109486
0.719351 0.001310 0.108491
0.716088 0.004175 0.109491
0.720832 0.008944 0.109945
0.717620 0.010577 0.110693
0.720952 0.015716 0.110621
0.718582 0.017980 0.109356
0.719948 0.015170 0.110852
0.716203 0.014174 0.108844
0.714194 0.015048 0.109496
0.715277 0.009880 0.118937
0.716515 0.009034 0.116937
0.702960 0.007281 0.118787
0.695683 0.008770 0.112030
0.687093 0.003422 0.112010
0.684145 0.008757 0.109978
0.680943 0.005324 0.115218
0.675750 0.010863 0.112873
0.666680 0.002196 0.113847
0.668365 0.003559 0.120563
0.655290 0.003628 0.112050
0.656343 0.002541 0.120472
0.639299 0.003473 0.108715
0.635650 0.004579 0.113961
0.624727 0.006201 0.112194
0.620333 0.005137 0.109192
0.612001 0.002252 0.114187
0.608534 0.005172 0.109939
0.601472 0.006456 0.110902
0.598367 0.005706 0.111652
0.585872 0.000596 0.114678
0.575483 0.003498 0.109429
0.569153 0.001617 0.107678
0.559983 0.001659 0.112318
0.555280 0.000531 0.109317
0.541764 0.001653 0.106378
0.540841 0.000242 0.107877
0.530541 0.000265 0.108108
0.531078 -0.000365 0.107608
0.520789 0.000252 0.109500
0.518491 0.000437 0.106001
0.511650 0.000649 0.108554
0.513328 -0.002043 0.109803
0.506034 -0.002755 0.113206
0.498362 0.000675 0.110716
0.497751 -0.000546 0.108467
0.491825 0.000431 0.109331
0.494341 -0.000327 0.111328
0.492510 -0.000105 0.110396
0.492052 -0.003401 0.111397
0.493063 0.003241 0.112114
0.498035 0.006359 0.113359
0.500519 0.010266 0.112356
0.497079 0.011612 0.114148
0.496822 0.027304 0.113859
0.500875 0.029786 0.114102
0.500142 0.035816 0.116355
0.501654 0.034375 0.117603
0.500701 0.044074 0.111350
0.501069 0.056587 0.110718
0.498831 0.060492 0.110905
0.501576 0.068374 0.110397
0.502474 0.071519 0.111395
0.503830 0.071961 0.114469
0.500126 0.081161 0.113757
0.499713 0.088266 0.110005
0.502519 0.093428 0.110251
0.502615 0.099947 0.111339
0.503251 0.101984 0.110837
0.501159 0.108846 0.110094
0.501439 0.105807 0.112595
0.505449 0.105415 0.109824
0.506292 0.103222 0.106323
0.512220 0.104415 0.110330
0.513734 0.101420 0.112830
0.522265 0.104232 0.113169
0.521976 0.100596 0.110669
0.534454 0.103568 0.109157
0.541744 0.102536 0.110905
0.551190 0.103200 0.110323
0.556527 0.102434 0.116571
0.560900 0.101441 0.116939
0.566807 0.105784 0.104937
0.575499 0.106543 0.111352
0.579368 0.105002 0.113101
0.594367 0.103590 0.115129
0.598412 0.102500 0.111879
0.604688 0.100159 0.117598
0.612323 0.103848 0.110849
0.620239 0.105785 0.113496
0.626125 0.103778 0.113247
0.635083 0.100133 0.117439
0.641380 0.103614 0.113443
0.649613 0.098532 0.120389
0.650915 0.103441 0.114642
0.661236 0.098527 0.119208
0.663867 0.104723 0.113710
0.673403 0.096171 0.120796
0.678734 0.103647 0.115050
0.690842 0.105503 0.114427
0.693335 0.104137 0.115430
0.700896 0.099278 0.120920
0.704207 0.104762 0.116173
0.715501 0.101327 0.121251
0.714174 0.103490 0.116999
0.724796 0.098337 0.125026
0.716902 0.103885 0.116269
0.726965 0.098003 0.120597
0.716960 0.101989 0.116585
0.723281 0.097302 0.121775
0.719798 0.102655 0.117520
0.720877 0.100167 0.123393
0.715178 0.103423 0.121386
0.718261 0.105123 0.119605
0.712265 0.106922 0.120848
0.710337 0.107571 0.120346
0.707823 0.109267 0.117659
0.703260 0.108552 0.117405
0.698260 0.105759 0.117012
0.695003 0.106440 0.115509
0.690472 0.106812 0.113880
0.685838 0.107510 0.111875
0.691675 0.102235 0.117332
0.677749 0.107367 0.111207
0.679934 0.101208 0.116461
0.666330 0.103443 0.115156
0.659400 0.107571 0.110400
0.647408 0.106159 0.109891
0.642361 0.106822 0.110979
0.638246 0.106850 0.109725
0.628016 0.102506 0.111154
0.625359 0.105131 0.111401
0.613844 0.105742 0.109788
0.606611 0.105009 0.110534
0.601561 0.101007 0.115434
0.603332 0.100905 0.118436
0.585046 0.107153 0.112084
0.578807 0.107367 0.107080
0.574796 0.103834 0.112174
0.557688 0.108041 0.108500
0.559314 0.103199 0.113250
0.541419 0.100735 0.111839
0.532865 0.105036 0.103837
0.522121 0.101680 0.106320
0.520167 0.104458 0.103821
0.507184 0.104432 0.106026
0.509220 0.102990 0.108777
0.508973 0.103023 0.107777
0.501467 0.104652 0.108850
0.504828 0.103205 0.111600
0.500740 0.103401 0.112625
0.504373 0.102667 0.113876
0.497430 0.098971 0.116411
0.503681 0.100987 0.111413
0.500027 0.100400 0.114719
0.500186 0.089505 0.113908
0.503633 0.084223 0.118404
0.502034 0.074511 0.118723
0.498827 0.073737 0.112222
0.507102 0.065792 0.114716
0.503361 0.060331 0.115224
0.509774 0.050655 0.119468
0.509030 0.041216 0.121550
0.510308 0.036309 0.117798
0.510362 0.030148 0.123553
0.513481 0.023006 0.124049
0.512879 0.017746 0.130135
0.508281 0.011749 0.121004
0.508869 0.008502 0.121252
0.508526 0.005647 0.119250
0.511564 0.000288 0.126656
0.507821 0.000464 0.117156
0.509438 -0.007074 0.122872
0.510464 -0.006155 0.120123
0.506405 -0.005618 0.114714
0.511665 -0.009466 0.121962
0.509501 -0.005010 0.115545
0.512658 -0.002052 0.113046
0.516021 -0.003840 0.112352
0.521253 -0.001517 0.110352
0.526443 -0.005904 0.113384
0.539970 -0.010872 0.121428
0.547279 -0.004127 0.118431
0.548251 -0.005937 0.116372
0.560139 -0.004739 0.119373
0.564797 -0.003075 0.116873
0.569628 -0.004284 0.115414
0.574823 -0.008495 0.114164
0.578004 -0.006180 0.113145
0.589398 -0.001874 0.113392
0.601046 -0.002006 0.112160
0.607663 0.000508 0.113657
0.615071 -0.000943 0.115639
0.618695 0.000796 0.112388
0.629825 -0.004014 0.119037
0.632919 0.001032 0.115787
0.644462 -0.004479 0.121887
0.648638 0.002408 0.115638
0.659234 0.000901 0.116616
0.661639 0.000886 0.118616
0.674701 -0.002645 0.122656
0.675786 0.000528 0.120156
0.685618 -0.003136 0.122876
0.690290 0.001879 0.118879
0.699329 -0.001287 0.121764
0.701503 0.002500 0.116766
0.712768 -0.000738 0.120228
0.712505 0.001204 0.117979
0.723974 -0.002659 0.121605
0.719495 0.001327 0.116855
0.726892 0.000524 0.117672
0.728922 -0.002099 0.121421
0.718228 -0.001260 0.117416
0.720476 -0.002888 0.115280
0.723681 -0.013224 0.121897
0.718376 -0.011317 0.116145
0.724958 -0.020177 0.119917
0.714577 -0.024081 0.116410
0.729180 -0.036112 0.127501
0.713228 -0.034086 0.113248
0.737359 -0.046874 0.139523
0.715571 -0.048136 0.119268
0.718889 -0.053645 0.118222
0.714125 -0.059535 0.117970
0.722009 -0.068479 0.122117
0.712922 -0.070149 0.117119
0.720344 -0.079043 0.120893
0.715914 -0.078972 0.115145
0.717613 -0.088165 0.115300
0.716284 -0.088160 0.115051
0.721977 -0.096331 0.118088
0.720800 -0.094058 0.114838
0.723315 -0.101359 0.114705
0.722543 -0.103039 0.116956
0.720860 -0.101916 0.114023
0.718254 -0.098871 0.116275
0.720491 -0.102227 0.117376
0.716513 -0.101799 0.119880
0.712091 -0.100522 0.118393
0.694839 -0.096237 0.115409
0.703198 -0.103973 0.121968
0.681013 -0.100691 0.108185
0.684881 -0.103371 0.116932
0.669616 -0.101605 0.111853
0.663153 -0.102438 0.114863
0.648684 -0.096230 0.110126
0.640874 -0.099757 0.115488
0.628932 -0.095881 0.107251
0.626229 -0.100049 0.115331
0.606344 -0.096995 0.109608
0.604063 -0.100930 0.112958
0.590936 -0.096259 0.104718
0.573033 -0.096422 0.106171
0.561601 -0.096113 0.104676
0.556839 -0.098752 0.105652
0.550785 -0.095969 0.103396
0.547146 -0.099707 0.113336
0.531230 -0.092985 0.105304
0.520775 -0.096843 0.099023
0.520114 -0.095198 0.105771
0.512231 -0.096330 0.102806
0.507275 -0.091560 0.102536
0.510767 -0.099580 0.113603
0.511373 -0.091636 0.107125
0.511265 -0.101001 0.112703
0.512401 -0.093630 0.110491
0.512000 -0.101805 0.119090
0.528646 -0.090300 0.108091
0.531510 -0.094685 0.108653
0.543078 -0.095207 0.110072
0.545025 -0.096377 0.112592
0.549420 -0.099124 0.116358
0.548197 -0.100597 0.115816
0.576121 -0.090887 0.110467
0.586006 -0.093774 0.118215
0.588265 -0.089978 0.112819
0.597417 -0.089763 0.118927
0.619530 -0.088031 0.113472
0.618379 -0.091324 0.117653
0.637342 -0.089104 0.114414
0.641293 -0.086829 0.117668
0.655070 -0.087430 0.115513
0.657367 -0.090914 0.123404
0.667147 -0.090695 0.114929
0.670012 -0.087108 0.116597
0.683899 -0.089332 0.122006
0.687116 -0.086375 0.117667
0.698568 -0.089478 0.122515
0.699653 -0.091414 0.116489
0.707853 -0.088605 0.119788
0.706238 -0.084830 0.116707
0.713436 -0.086470 0.118607
0.715476 -0.087465 0.123497
0.714907 -0.083673 0.120082
0.718270 -0.085495 0.124535
0.714735 -0.073814 0.118506
0.719248 -0.076853 0.127699
0.715825 -0.068685 0.117827
0.720676 -0.061853 0.126440
0.713924 -0.048341 0.119382
0.715513 -0.037814 0.120171
0.715575 -0.031417 0.119097
0.714800 -0.017573 0.118664
0.714506 -0.012932 0.121285
0.714708 0.000076 0.118276
0.715687 0.008446 0.116778
0.715212 0.014519 0.117865
0.715322 0.014623 0.117371
0.719228 0.009019 0.123450
0.714141 0.014652 0.119222
0.715351 0.015148 0.119236
0.717461 0.015243 0.119292
0.716885 0.015876 0.118066
0.717115 0.016580 0.118842
0.719118 0.020920 0.119030
0.720149 0.020217 0.116535
0.717450 0.020733 0.115217
0.717108 0.017027 0.120559
0.713538 0.019642 0.117288
0.715580 0.016284 0.121751
0.714157 0.015462 0.123135
0.691921 0.017510 0.118136
0.673834 0.019507 0.115141
0.663936 0.015904 0.114052
0.659459 0.018201 0.103970
0.645780 0.013529 0.118527
0.626655 0.011503 0.109140
0.612867 0.006836 0.107195
0.594941 0.007015 0.107072
0.583982 0.005996 0.107297
0.591626 0.004945 0.111046
0.566966 0.009467 0.106598
0.551070 0.023375 0.032263
0.546465 0.006547 0.123073
0.515469 0.009723 0.101243
0.508908 0.003485 0.101003
0.503412 0.007507 0.102666
0.503697 0.007204 0.105186
0.501609 0.007272 0.105400
0.499533 0.003010 0.106307
0.501627 0.008151 0.108315
0.500895 0.010315 0.108913
0.504047 0.012848 0.111239
0.502047 0.017233 0.107005
0.501440 0.026279 0.105978
0.501774 0.032598 0.106294
0.499778 0.041184 0.107124
0.500119 0.044280 0.106156
0.497682 0.063350 0.103077
0.501356 0.059973 0.106844
0.496486 0.064410 0.106657
0.491535 0.078442 0.106670
0.496095 0.084504 0.107509
0.500074 0.091179 0.105347
0.498413 0.097547 0.107994
0.498526 0.104469 0.103545
0.497902 0.106089 0.110523
0.501945 0.110501 0.109337
0.504919 0.108819 0.113497
0.505363 0.106074 0.108231
0.500960 0.110905 0.110296
0.515216 0.105678 0.110095
0.511942 0.109093 0.111783
0.535575 0.106617 0.109883
0.532614 0.109388 0.112260
0.547578 0.110049 0.112065
0.552531 0.114290 0.111788
0.568209 0.108355 0.110548
0.584656 0.110773 0.118740
0.594221 0.107578 0.113492
0.601475 0.112882 0.105576
0.610135 0.111168 0.106820
0.626604 0.111675 0.119563
0.644102 0.108335 0.113532
0.653061 0.107721 0.116928
0.667790 0.109917 0.111881
0.677160 0.111171 0.118307
0.689580 0.109651 0.116013
0.697135 0.112902 0.116938
0.701110 0.107874 0.113698
0.710155 0.105102 0.118606
0.709208 0.108249 0.117088
0.713484 0.108156 0.117086
0.712958 0.107390 0.117096
0.714867 0.109308 0.116353
0.714570 0.107909 0.118620
0.717074 0.108593 0.117978
0.718934 0.102991 0.122530
0.713941 0.109319 0.115339
0.714522 0.103473 0.119906
0.703002 0.107184 0.114927
0.698460 0.106445 0.118218
0.688606 0.107020 0.114151
0.680520 0.105737 0.115973
0.664849 0.107281 0.112558
0.650963 0.107070 0.112360
0.642456 0.107776 0.109909
0.644322 0.103627 0.114926
0.626660 0.102864 0.114300
0.632834 0.101046 0.117178
0.602786 0.105187 0.110815
0.586008 0.105556 0.107295
0.575369 0.105339 0.107615
0.562695 0.105613 0.103227
0.550008 0.106261 0.107814
0.551955 0.101608 0.115366
0.529576 0.105760 0.107685
0.521939 0.105654 0.105731
0.517399 0.102366 0.108804
0.513970 0.098940 0.111191
0.508633 0.103103 0.109667
0.505392 0.103561 0.110787
0.505687 0.103532 0.112535
0.503197 0.101725 0.113985
0.504630 0.096588 0.112287
0.504204 0.083069 0.117548
0.501853 0.074253 0.111912
0.500074 0.067078 0.111353
0.502098 0.052814 0.113048
0.503143 0.045650 0.113621
0.504760 0.029059 0.117276
0.503380 0.023539 0.115592
0.508842 0.011305 0.122754
0.503311 0.005309 0.114591
0.503019 -0.002192 0.115017
0.511307 -0.005214 0.123257
0.506263 -0.009009 0.118132
0.504538 -0.005571 0.115108
0.511785 -0.004755 0.115068
0.512548 -0.013396 0.119492
0.520974 -0.015905 0.118556
0.519623 -0.011170 0.110519
0.533011 -0.005364 0.112914
0.538560 -0.011451 0.113962
0.560253 -0.002566 0.115058
0.565102 -0.006756 0.117185
0.577629 -0.001254 0.112850
0.590327 -0.003053 0.114441
0.594045 -0.006560 0.118705
0.597242 -0.005323 0.113135
0.614215 0.001420 0.115284
0.621975 -0.006840 0.119290
0.628322 0.000005 0.115223
0.638788 -0.000856 0.114314
0.642162 -0.000263 0.113801
0.661565 -0.000674 0.117753
0.663155 -0.003800 0.120268
0.672414 -0.001780 0.118512
0.682150 -0.005513 0.123261
0.694333 -0.009842 0.126540
0.692656 -0.000599 0.117494
0.703670 -0.000938 0.117405
0.703210 0.000519 0.120149
0.710594 -0.000739 0.119310
0.709812 -0.000038 0.120058
0.714167 -0.000658 0.118712
0.712381 -0.001349 0.117468
0.718204 -0.007048 0.122100
0.715496 -0.011825 0.118374
0.718301 -0.017711 0.122109
0.713319 -0.016079 0.116361
0.714425 -0.026643 0.117673
0.713089 -0.033252 0.117454
0.716133 -0.047237 0.122500
0.711091 -0.051199 0.116776
0.716455 -0.056815 0.124289
0.712366 -0.057738 0.112800
0.714916 -0.077680 0.121374
0.712731 -0.083507 0.118402
0.714398 -0.091732 0.120462
0.711679 -0.091784 0.116717
0.714743 -0.102646 0.122562
0.713448 -0.102913 0.118315
0.716164 -0.109517 0.121850
0.712373 -0.107331 0.116597
0.714334 -0.113057 0.120848
0.706095 -0.110150 0.118349
0.705881 -0.111205 0.119611
0.697359 -0.109725 0.113868
0.689526 -0.107165 0.112638
0.690944 -0.107473 0.122888
0.673645 -0.103543 0.118403
0.669303 -0.103598 0.114910
0.658499 -0.102899 0.117154
0.652662 -0.102651 0.114912
0.654626 -0.106723 0.126179
0.641317 -0.102873 0.116182
0.630027 -0.102909 0.118456
0.630664 -0.103298 0.119706
0.603921 -0.101947 0.106491
0.592555 -0.099773 0.114033
0.587376 -0.099233 0.116288
0.591153 -0.104325 0.120613
0.573542 -0.101524 0.114623
0.552717 -0.103870 0.114201
0.558671 -0.104068 0.119449
0.541914 -0.103693 0.115011
0.527752 -0.100693 0.110247
0.532321 -0.108001 0.121335
0.515614 -0.101061 0.113544
0.524226 -0.108284 0.123812
0.514940 -0.104501 0.116786
0.511629 -0.101394 0.116545
0.512530 -0.099156 0.117791
0.513491 -0.102322 0.119882
0.513970 -0.096423 0.119371
0.514627 -0.101408 0.119377
0.519182 -0.103518 0.125904
0.518451 -0.087333 0.124138
0.509415 -0.077765 0.090819
