0.508738 -0.095587 0.110158
0.513238 -0.098879 0.115296
0.511041 -0.096877 0.112296
0.511835 -0.098011 0.112055
0.508714 -0.095244 0.110257
0.511613 -0.097914 0.113756
0.511764 -0.097001 0.111009
0.507654 -0.097036 0.111058
0.508920 -0.097026 0.110806
0.510027 -0.097142 0.111364
0.512174 -0.099137 0.113865
0.515603 -0.096514 0.110977
0.518801 -0.095963 0.110257
0.521567 -0.099899 0.113009
0.533307 -0.096474 0.110623
0.535902 -0.096491 0.111120
0.546249 -0.097195 0.112574
0.556421 -0.099776 0.116547
0.563423 -0.096504 0.114039
0.569626 -0.097491 0.115009
0.583702 -0.088117 0.092751
0.591384 -0.091946 0.110930
0.590042 -0.088135 0.111930
0.607134 -0.090790 0.114725
0.617137 -0.090652 0.114927
0.626669 -0.093839 0.116180
0.634540 -0.088460 0.112214
0.642741 -0.090418 0.114217
0.656664 -0.092422 0.116351
0.670840 -0.091582 0.116405
0.677369 -0.090218 0.115660
0.689338 -0.090433 0.116344
0.692435 -0.094433 0.121592
0.708159 -0.093680 0.117963
0.720138 -0.096961 0.121222
0.727567 -0.093628 0.121435
0.724136 -0.091005 0.118684
0.718332 -0.090428 0.118680
0.718829 -0.088571 0.117957
0.717877 -0.085939 0.116601
0.716377 -0.084746 0.118101
0.726505 -0.061333 0.027648
0.716970 -0.062863 0.117139
0.719460 -0.054345 0.118138
0.722302 -0.035331 0.115825
0.724294 -0.038538 0.120575
0.721669 -0.015174 0.113792
0.720330 -0.014328 0.120042
0.722355 -0.000433 0.114271
0.726415 0.006070 0.118846
0.718899 0.011900 0.115095
0.720964 0.016076 0.114356
0.720834 0.012956 0.116849
0.719546 0.017876 0.112592
0.718580 0.016042 0.112544
0.716699 0.012767 0.112282
0.706670 0.010912 0.111567
0.699488 0.011621 0.110305
0.699414 0.013432 0.111333
0.682647 0.019041 0.048623
0.666385 0.016669 0.042958
0.671381 0.013476 0.039459
0.654635 0.007455 0.111745
0.657735 0.003128 0.115744
0.625725 0.003659 0.106461
0.622439 0.005867 0.108592
0.607303 0.001017 0.109340
0.604561 0.001116 0.113241
0.599331 0.001981 0.110239
0.582980 0.002021 0.109461
0.573034 0.005915 0.107827
0.554326 0.005185 0.105138
0.547750 0.003767 0.106148
0.538937 0.004096 0.090156
0.529707 0.003235 0.102660
0.517876 0.003231 0.105793
0.516506 0.001883 0.105799
0.506931 0.000882 0.108120
0.505403 -0.000855 0.111703
0.511265 -0.005130 0.118708
0.505693 -0.000564 0.109721
0.502211 0.000251 0.118997
0.505660 0.000487 0.110739
0.506480 -0.003288 0.112335
0.507750 -0.000613 0.111821
0.505802 0.000825 0.111071
0.506912 -0.001261 0.113328
0.508629 -0.002959 0.115805
0.502952 0.000966 0.108599
0.507450 -0.002617 0.115108
0.505579 0.000824 0.113338
0.504854 -0.001623 0.101351
0.504631 0.001073 0.112477
0.506799 0.000324 0.113478
0.508593 -0.000793 0.116710
0.504948 0.015286 0.112696
0.509015 0.011592 0.118464
0.504801 0.034906 0.111502
0.497199 0.047598 0.072351
0.500619 0.068069 0.107520
0.504539 0.072290 0.110496
0.507374 0.083002 0.113758
0.504323 0.093448 0.108206
0.507337 0.095860 0.110139
0.510726 0.093303 0.117151
0.508897 0.099545 0.114808
0.503064 0.107227 0.110110
0.502860 0.106105 0.108614
0.507400 0.104357 0.109766
0.508154 0.107235 0.109247
0.510897 0.105654 0.110252
0.516573 0.108040 0.110067
0.520619 0.107870 0.110320
0.536124 0.106438 0.110127
0.537044 0.107582 0.112119
0.550964 0.105425 0.109628
0.556143 0.110148 0.110773
0.558782 0.108735 0.110776
0.571334 0.107526 0.111837
0.577928 0.111361 0.110192
0.579136 0.108425 0.112692
0.596647 0.108409 0.112041
0.602564 0.107510 0.113295
0.609672 0.105614 0.112951
0.619653 0.110263 0.112292
0.630183 0.110078 0.113400
0.633578 0.109406 0.112652
0.637542 0.107984 0.112903
0.645084 0.110193 0.113603
0.653450 0.110158 0.112779
0.656053 0.108751 0.113278
0.666164 0.109366 0.115638
0.667675 0.105801 0.119383
0.675903 0.110712 0.114505
0.685378 0.111601 0.115181
0.686237 0.107394 0.118672
0.694598 0.112204 0.113917
0.702072 0.111996 0.115377
0.703874 0.109899 0.116873
0.710221 0.110180 0.117414
0.708521 0.109655 0.114911
0.714817 0.109447 0.115465
0.715920 0.109746 0.115002
0.715665 0.105626 0.117241
0.716191 0.109983 0.114250
0.711363 0.109924 0.114386
0.707863 0.107806 0.116378
0.702194 0.108223 0.111934
0.689265 0.108661 0.115930
0.696224 0.104064 0.120294
0.679180 0.104449 0.113637
0.673053 0.106598 0.109889
0.658936 0.105970 0.110447
0.652150 0.105964 0.110196
0.614835 0.108892 0.021175
0.613821 0.106154 0.055558
0.607585 0.104328 0.107804
0.600636 0.103764 0.110861
0.582937 0.104602 0.107107
0.582771 0.102801 0.110551
0.544246 0.103490 0.057096
0.551230 0.102736 0.107347
0.537093 0.100999 0.110832
0.534447 0.100400 0.108332
0.516905 0.102052 0.106400
0.511173 0.100171 0.110239
0.515911 0.095296 0.115743
0.503290 0.099882 0.108922
0.508741 0.094952 0.117427
0.504504 0.099889 0.111141
0.501089 0.095902 0.115555
0.500019 0.089442 0.119770
0.502267 0.079990 0.112039
0.503452 0.075172 0.108298
0.506079 0.058931 0.110934
0.502641 0.053320 0.115063
0.504830 0.035712 0.113909
0.509451 0.033017 0.121913
0.511149 0.023223 0.117435
0.508142 0.016631 0.116242
0.505246 0.010339 0.115217
0.508832 0.000284 0.124919
0.507146 0.001417 0.112668
0.510293 -0.000852 0.116421
0.506972 -0.003505 0.114692
0.503509 -0.005476 0.110823
0.509262 -0.005519 0.114686
0.515293 -0.001131 0.113171
0.522870 -0.002194 0.110706
0.528290 -0.002326 0.110952
0.537865 -0.011062 0.032140
0.553344 -0.005545 0.116856
0.558009 -0.002763 0.111844
0.573679 -0.006950 0.116883
0.575885 -0.002840 0.110118
0.589149 -0.003684 0.111782
0.611014 0.000779 0.110254
0.617441 -0.005951 0.113984
0.634521 -0.003537 0.114838
0.637277 -0.008078 0.119350
0.651089 -0.001853 0.112245
0.658835 -0.003808 0.120247
0.673391 0.001043 0.101449
0.683519 -0.002568 0.119116
0.688723 0.003199 0.117353
0.702165 -0.000460 0.121630
0.710046 0.003364 0.114861
0.712183 0.000087 0.121867
0.714381 0.002278 0.117696
0.714990 -0.000330 0.121950
0.712780 0.002514 0.115502
0.724444 -0.002048 0.121845
0.718053 0.000047 0.114342
0.722533 -0.008563 0.118720
0.713636 -0.007043 0.113718
0.716724 -0.011445 0.113029
0.717116 -0.021244 0.113381
0.720856 -0.025078 0.108134
0.721794 -0.035310 0.074965
0.720601 -0.059637 0.115010
0.715449 -0.073948 0.113514
0.718361 -0.084005 0.114994
0.724339 -0.098152 0.117486
0.721707 -0.096761 0.116985
0.720354 -0.096706 0.116986
0.720283 -0.096516 0.117715
0.724967 -0.105922 0.118676
0.719818 -0.098817 0.119422
0.716939 -0.099875 0.116761
0.709317 -0.102760 0.121540
0.700695 -0.098415 0.115290
0.685737 -0.100755 0.117481
0.680410 -0.103285 0.114208
0.662660 -0.101578 0.097711
0.648572 -0.098898 0.109865
0.618597 -0.103879 0.036857
0.636659 -0.104857 0.119472
0.601885 -0.098013 0.106613
0.595399 -0.095797 0.115109
0.566708 -0.097779 0.105298
0.555169 -0.098120 0.103749
0.534307 -0.097638 0.080236
0.521191 -0.094735 0.103114
0.510784 -0.094716 0.104395
0.515618 -0.093378 0.106148
0.506749 -0.094091 0.107312
0.510339 -0.094699 0.108767
0.512567 -0.098155 0.109768
0.516395 -0.095633 0.108018
0.521948 -0.097100 0.107946
0.518988 -0.095538 0.106408
0.531997 -0.099684 0.109787
0.549680 -0.096360 0.107789
0.550334 -0.101511 0.033115
0.579966 -0.098467 0.118114
0.599520 -0.097371 0.112745
0.610866 -0.096957 0.116542
0.620238 -0.097407 0.113042
0.630400 -0.097275 0.110442
0.647766 -0.093543 0.115435
0.659566 -0.094693 0.118555
0.673150 -0.094475 0.112782
0.675376 -0.097082 0.116286
0.695699 -0.096437 0.127957
0.703954 -0.095387 0.119216
0.706805 -0.094039 0.118103
0.714220 -0.093925 0.118728
0.713561 -0.091935 0.118477
0.715580 -0.092081 0.119413
0.716083 -0.091387 0.120165
0.716333 -0.090310 0.119128
0.721317 -0.086571 0.118833
0.737278 -0.081598 0.041375
0.728430 -0.066147 0.121662
0.726748 -0.056880 0.122165
0.732010 -0.043191 0.126520
0.725820 -0.006393 0.118361
0.725601 0.006968 0.092138
0.721970 0.010134 0.116619
0.733970 0.007374 0.121197
0.721260 0.009229 0.114921
0.722971 0.010864 0.116043
0.719555 0.010004 0.116535
0.718612 0.008572 0.119339
0.717212 0.015764 0.114175
0.697130 0.006098 0.112398
0.696257 0.022037 0.020821
0.667551 0.001292 0.114045
0.650408 0.003318 0.110929
0.631364 0.004170 0.111047
0.619397 0.003727 0.108060
0.576376 0.009814 0.036658
0.569387 0.000480 0.106680
0.562563 -0.000201 0.108355
0.545897 0.005749 0.105165
0.530699 0.001224 0.103452
0.524725 0.003870 0.103851
0.510260 -0.002924 0.107646
0.503749 -0.002864 0.109697
0.497474 -0.002080 0.108165
0.500681 -0.002190 0.109659
0.497634 0.000174 0.109926
0.507334 0.006769 0.109385
0.501850 0.012656 0.108722
0.498053 0.029578 0.108156
0.505788 0.040994 0.107602
0.499550 0.051325 0.109192
0.498012 0.075206 0.107021
0.499428 0.072347 0.107530
0.495791 0.088362 0.106747
0.504474 0.097468 0.107695
0.501358 0.102568 0.108683
0.502376 0.101434 0.106936
0.503155 0.101455 0.106980
0.502012 0.106154 0.108623
0.508691 0.104670 0.112370
0.511824 0.112731 0.069402
0.542026 0.102611 0.110404
0.548665 0.105670 0.120951
0.551397 0.104537 0.113201
0.585235 0.107084 0.108550
0.588424 0.110531 0.111246
0.632538 0.106404 0.111473
0.644847 0.111982 0.111115
0.671946 0.108806 0.128396
0.676201 0.106354 0.125649
0.695421 0.108116 0.117776
0.700147 0.109702 0.114025
0.718854 0.110503 0.116216
0.726852 0.111813 0.116298
0.723550 0.111247 0.115796
0.728969 0.112493 0.115734
0.716178 0.109410 0.114974
0.720009 0.110536 0.115758
0.712337 0.108742 0.118863
0.705595 0.108813 0.119357
0.718048 0.106623 0.103174
0.679740 0.111083 0.099233
0.646010 0.105008 0.105692
0.633665 0.106199 0.110729
0.618864 0.107448 0.043683
0.600187 0.099542 0.112901
0.573970 0.104960 0.108069
0.549679 0.104621 0.107541
0.531068 0.102237 0.109837
0.497576 0.102807 0.074449
0.511048 0.097689 0.107718
0.495978 0.099407 0.109284
0.499320 0.097949 0.111289
0.494386 0.098650 0.113417
0.496796 0.097909 0.114670
0.497236 0.084751 0.106060
0.490751 0.080644 0.111072
0.498936 0.069628 0.111582
0.501179 0.050119 0.114840
0.504002 0.035748 0.113601
0.501622 0.018653 0.112105
0.498684 0.007346 0.113767
0.507121 -0.000456 0.112523
0.503681 -0.008049 0.115192
0.505551 -0.003589 0.113437
0.506615 -0.005011 0.113282
0.507692 -0.007229 0.112622
0.516395 -0.006492 0.092311
0.532486 -0.007010 0.113799
0.546027 -0.003668 0.111435
0.573284 -0.003084 0.110085
0.583476 -0.002558 0.111820
0.589456 -0.004381 0.115816
0.625195 -0.003111 0.088512
0.636250 -0.003926 0.113522
0.668968 0.004426 0.114209
0.673163 -0.002171 0.116709
0.698442 0.002624 0.116565
0.700840 -0.000576 0.121068
0.712229 0.001596 0.118126
0.715471 -0.001035 0.121627
0.716545 0.001173 0.114622
0.729146 -0.001765 0.120545
0.717378 -0.009560 0.116827
0.724816 -0.026244 0.106279
0.718990 -0.044868 0.086077
0.732230 -0.047891 0.097663
0.717111 -0.082178 0.118578
0.714159 -0.088842 0.118595
0.726957 -0.093149 0.123325
0.726355 -0.102260 0.126441
0.715111 -0.102119 0.117947
0.716380 -0.103365 0.118968
0.713211 -0.101579 0.116965
0.712353 -0.101653 0.121405
0.715888 -0.103150 0.121789
0.694536 -0.098730 0.120491
0.664452 -0.098755 0.118705
0.651544 -0.102582 0.124879
0.593992 -0.096802 0.110810
0.608777 -0.103564 0.116885
0.542712 -0.102173 0.106521
0.506227 -0.098215 0.102142
0.503713 -0.103438 0.088329
0.506161 -0.097108 0.103081
0.505479 -0.099633 0.098726
0.506212 -0.092858 0.104313
0.505004 -0.098746 0.101153
0.503781 -0.090501 0.099988
0.501388 -0.096188 0.102090
