0.514065 -0.084957 0.111094
0.514082 -0.084976 0.111344
0.515441 -0.087737 0.112775
0.516037 -0.088277 0.111774
0.513891 -0.083718 0.111804
0.513753 -0.084285 0.112137
0.516541 -0.086876 0.114387
0.513096 -0.086115 0.110636
0.510349 -0.087901 0.108687
0.513341 -0.091860 0.112688
0.513367 -0.092933 0.113956
0.512444 -0.089657 0.111706
0.517705 -0.089693 0.105874
0.520146 -0.093204 0.112875
0.534126 -0.095429 0.114833
0.536260 -0.088679 0.109588
0.553880 -0.093001 0.115074
0.553689 -0.087757 0.112075
0.562951 -0.089200 0.112014
0.565469 -0.087741 0.110765
0.570947 -0.087283 0.110831
0.574861 -0.088337 0.109831
0.583325 -0.087225 0.112224
0.587065 -0.088507 0.114974
0.602719 -0.092243 0.116122
0.614411 -0.087672 0.111623
0.620988 -0.092563 0.114766
0.631750 -0.091701 0.117020
0.637137 -0.087447 0.113268
0.652453 -0.088306 0.115868
0.657646 -0.089390 0.115867
0.657851 -0.093212 0.115369
0.680329 -0.088341 0.113354
0.680438 -0.093861 0.121606
0.691718 -0.089547 0.116238
0.703772 -0.086806 0.116899
0.704357 -0.093485 0.122151
0.707145 -0.095413 0.124902
0.715237 -0.086637 0.118356
0.714063 -0.087953 0.117857
0.723241 -0.088390 0.119823
0.716418 -0.090515 0.118075
0.723969 -0.093107 0.120501
0.734189 -0.094693 0.125605
0.724500 -0.089614 0.119606
0.725293 -0.087215 0.119419
0.723335 -0.089281 0.119919
0.724234 -0.077649 0.119134
0.722667 -0.073853 0.120134
0.725125 -0.064392 0.115817
0.723442 -0.057955 0.110567
0.725559 -0.052475 0.120459
0.721567 -0.042976 0.116960
0.724687 -0.049341 0.121459
0.720679 -0.023853 0.113988
0.721591 -0.016502 0.089989
0.722221 -0.010637 0.114917
0.720718 -0.006734 0.115167
0.723417 0.006295 0.113126
0.722686 0.003754 0.115625
0.721018 0.014539 0.112625
0.719750 0.009997 0.114874
0.721632 0.013494 0.115833
0.720502 0.011143 0.113833
0.722380 0.015555 0.112923
0.708658 0.010585 0.110925
0.704043 0.010428 0.112018
0.690910 0.004996 0.108770
0.686804 0.010081 0.108389
0.686500 0.004719 0.112638
0.680716 0.006233 0.114512
0.668399 0.007752 0.109765
0.651963 0.007435 0.109694
0.656008 -0.001841 0.120944
0.634774 0.021212 0.019918
0.634363 0.004695 0.110422
0.634660 0.001836 0.111922
0.605701 0.004250 0.106277
0.587572 0.004146 0.070274
0.591056 -0.002714 0.110396
0.573974 0.000803 0.104145
0.549011 0.008507 0.038155
0.561280 0.001655 0.110705
0.527056 0.007502 0.037954
0.528863 0.006746 0.069187
0.526006 0.002348 0.102945
0.517271 0.002632 0.106392
0.516634 0.000580 0.106396
0.506992 0.001161 0.106815
0.510170 -0.000267 0.108318
0.510192 -0.004314 0.108076
0.506174 -0.003031 0.112435
0.508853 -0.000806 0.109678
0.500880 -0.000626 0.110066
0.505053 -0.001966 0.110318
0.501864 0.000845 0.109911
0.496746 -0.000773 0.114422
0.498447 0.006190 0.110150
0.494073 0.011996 0.111019
0.497581 0.024182 0.095477
0.499244 0.033715 0.111279
0.501693 0.037876 0.110015
0.498803 0.049999 0.110461
0.501533 0.055337 0.110694
0.499237 0.067693 0.108159
0.501384 0.070949 0.108900
0.503342 0.083336 0.109725
0.505211 0.080062 0.112982
0.500476 0.096708 0.108140
0.502010 0.097824 0.109388
0.499327 0.106089 0.108687
0.500682 0.106080 0.108686
0.500467 0.108880 0.109709
0.502706 0.106559 0.111212
0.504126 0.105109 0.111714
0.509647 0.103490 0.114036
0.515927 0.102777 0.110037
0.525903 0.104888 0.110786
0.533461 0.103762 0.113537
0.545507 0.102935 0.114204
0.548788 0.103786 0.112954
0.565500 0.106190 0.110628
0.567521 0.100823 0.115632
0.581238 0.100315 0.120712
0.581401 0.099796 0.114213
0.598570 0.099417 0.118646
0.602216 0.106224 0.112145
0.613871 0.108234 0.111499
0.620551 0.108270 0.111751
0.630454 0.111445 0.113861
0.648517 0.111539 0.112707
0.653471 0.108552 0.116205
0.667374 0.109482 0.115271
0.670975 0.110410 0.113524
0.683053 0.112307 0.112201
0.684323 0.112284 0.112702
0.685451 0.110811 0.114199
0.698401 0.109479 0.115712
0.698110 0.106611 0.117704
0.706479 0.106811 0.116786
0.706992 0.106071 0.117784
0.713096 0.109510 0.114895
0.711524 0.106633 0.116636
0.716532 0.109157 0.114029
0.714618 0.109529 0.109029
0.711729 0.110184 0.115942
0.709553 0.106651 0.117683
0.698449 0.110795 0.110083
0.699371 0.105055 0.115081
0.690273 0.109552 0.112874
0.673698 0.107637 0.109352
0.671684 0.108843 0.109600
0.663516 0.113853 0.050576
0.641952 0.107529 0.109998
0.643485 0.101856 0.115015
0.620655 0.105861 0.109230
0.620911 0.101651 0.112242
0.607692 0.100331 0.110672
0.597175 0.105232 0.107646
0.585721 0.103258 0.108673
0.579771 0.102523 0.109667
0.571011 0.103256 0.108284
0.565054 0.098466 0.109033
0.547020 0.103915 0.104415
0.539940 0.103063 0.106658
0.525221 0.102226 0.106347
0.519277 0.103642 0.104591
0.511569 0.101119 0.108351
0.513924 0.095549 0.112102
0.507016 0.101069 0.110424
0.509460 0.095503 0.114673
0.506919 0.099947 0.109695
0.508616 0.095052 0.113943
0.500521 0.097886 0.109742
0.508705 0.087059 0.115492
0.500860 0.079823 0.110829
0.506980 0.068532 0.116825
0.501103 0.056274 0.113133
0.507151 0.045293 0.119379
0.503188 0.029238 0.112264
0.506868 0.023388 0.113512
0.504700 0.014627 0.112245
0.507118 0.009903 0.118494
0.503931 0.005156 0.114389
0.505728 0.002792 0.117138
0.503794 -0.002869 0.113050
0.506207 -0.005912 0.115549
0.507094 -0.003523 0.112551
0.509403 -0.004535 0.112473
0.508472 -0.008307 0.113005
0.514935 -0.002992 0.111252
0.514721 -0.006309 0.108243
0.525307 -0.007797 0.113241
0.534008 -0.005685 0.111804
0.545687 -0.007164 0.117550
0.546457 -0.006134 0.114202
0.559759 -0.002045 0.113696
0.573995 -0.002381 0.112649
0.576662 -0.006169 0.116652
0.597571 -0.002642 0.114675
0.604249 -0.001276 0.114421
0.620238 -0.001835 0.110908
0.622590 -0.005681 0.115410
0.627584 0.000239 0.111404
0.645366 -0.003413 0.117995
0.655052 0.003242 0.114987
0.662859 -0.005355 0.121691
0.668734 0.001237 0.117436
0.686781 0.001802 0.114040
0.700770 0.001483 0.119792
0.702908 0.002172 0.119042
0.713841 0.001823 0.119390
0.712997 -0.001514 0.120638
0.723293 0.001766 0.117602
0.723370 -0.002192 0.124847
0.726817 0.002004 0.119653
0.722415 -0.000105 0.118149
0.721146 -0.003118 0.116799
0.718284 -0.005857 0.118294
0.719032 -0.014975 0.117111
0.719895 -0.018851 0.121105
0.722877 -0.030124 0.114801
0.722613 -0.034418 0.122542
0.724067 -0.045779 0.114943
0.724070 -0.051301 0.121681
0.718158 -0.054629 0.115922
0.723694 -0.062784 0.118347
0.721065 -0.066811 0.119089
0.722065 -0.080227 0.119381
0.719227 -0.084195 0.115372
0.721971 -0.088009 0.117919
0.720791 -0.093314 0.119419
0.723261 -0.096745 0.122913
0.721788 -0.094212 0.117414
0.720443 -0.094250 0.117414
0.719133 -0.095237 0.119426
0.710540 -0.092556 0.116427
0.701054 -0.092691 0.117675
0.696388 -0.092301 0.116674
0.689128 -0.092382 0.112920
0.675891 -0.094521 0.100727
0.679691 -0.096736 0.121975
0.650750 -0.103264 0.053449
0.657860 -0.098754 0.120712
0.628561 -0.095668 0.110990
0.633284 -0.101206 0.118483
0.611574 -0.099329 0.109449
0.606515 -0.098993 0.113197
0.594892 -0.099883 0.110694
0.572175 -0.099899 0.075187
0.543942 -0.107213 0.017559
0.551889 -0.109741 0.035304
0.537762 -0.095471 0.106177
0.534121 -0.094940 0.105431
0.522918 -0.095106 0.106460
0.525051 -0.096151 0.109709
0.513515 -0.094253 0.105962
0.515646 -0.093511 0.106208
0.517062 -0.090727 0.106453
0.516148 -0.094926 0.110811
0.508094 -0.094402 0.106287
0.516741 -0.093292 0.111518
0.513028 -0.093966 0.108023
0.522794 -0.095641 0.112759
0.528457 -0.094042 0.106566
0.538762 -0.096410 0.111801
0.541104 -0.096617 0.109731
0.560229 -0.095183 0.111435
0.571996 -0.095833 0.110345
0.581711 -0.095595 0.115822
0.587015 -0.098216 0.111520
0.604497 -0.096995 0.111731
0.606594 -0.104485 0.114458
0.625270 -0.100532 0.116906
0.633735 -0.097784 0.112502
0.662202 -0.094612 0.117428
0.667276 -0.099391 0.118978
0.678073 -0.096906 0.117949
0.686193 -0.093352 0.115998
0.691637 -0.092091 0.115487
0.701309 -0.091923 0.116208
0.703245 -0.097157 0.121465
0.712882 -0.091218 0.117178
0.713073 -0.095831 0.120435
0.720365 -0.091767 0.116127
0.724609 -0.097004 0.123880
0.723308 -0.088906 0.119285
0.722806 -0.094196 0.123042
0.721133 -0.075062 0.116375
0.724595 -0.077851 0.121376
0.716397 -0.060961 0.117364
0.724846 -0.057211 0.122456
0.726287 -0.045342 0.116691
0.720892 -0.017057 0.082679
0.724110 -0.015434 0.113424
0.722104 -0.010641 0.113174
0.720926 0.002764 0.114322
0.721635 0.004886 0.113822
0.723348 0.013005 0.113860
0.721352 0.013796 0.113111
0.719317 0.013102 0.113111
0.719112 0.013027 0.113099
0.717764 0.011653 0.113098
0.713397 0.008721 0.116263
0.696518 0.009387 0.105013
0.696083 0.011330 0.111249
0.685251 0.011129 0.112000
0.675491 0.006361 0.113347
0.674559 0.009465 0.113137
0.653504 0.011594 0.104896
0.618471 0.012772 0.048130
0.615951 0.007755 0.077374
0.594605 0.004898 0.105152
0.597648 -0.000298 0.110148
0.586450 0.003432 0.105900
0.573377 0.002101 0.107398
0.562925 0.002331 0.104147
0.548726 -0.000722 0.107595
0.525381 0.003162 0.101155
0.525466 -0.001008 0.101408
0.513756 0.001818 0.106127
0.510607 0.001369 0.102380
0.504669 -0.002142 0.106141
0.503139 0.000637 0.105638
0.501671 -0.001626 0.107918
0.504393 -0.005162 0.110422
0.504933 -0.002308 0.107167
0.504687 -0.003300 0.110159
0.505152 0.000129 0.109151
0.508537 0.001233 0.117642
0.509535 -0.000848 0.119146
0.504877 0.016570 0.110702
0.504252 0.022667 0.110689
0.499858 0.030171 0.110355
0.498541 0.048064 0.107814
0.500784 0.052691 0.108552
0.498498 0.067465 0.108049
0.500304 0.072423 0.106537
0.500187 0.085645 0.108741
0.501276 0.090012 0.106982
0.502922 0.092450 0.108476
0.501436 0.097218 0.107300
0.503541 0.099178 0.107545
0.502443 0.102143 0.111767
0.496874 0.110278 0.106341
0.503131 0.103785 0.107599
0.502732 0.107756 0.108034
0.509799 0.101761 0.110789
0.518105 0.101495 0.106783
0.515440 0.104785 0.108308
0.519144 0.109042 0.107170
0.527612 0.118188 0.018905
0.540783 0.109549 0.110111
0.564163 0.104536 0.109355
0.571933 0.118699 0.032731
0.580693 0.108274 0.108985
0.606098 0.103844 0.109480
0.622128 0.105979 0.111811
0.626138 0.106926 0.113933
0.642549 0.101980 0.115682
0.659260 0.107510 0.115356
0.660293 0.104641 0.117353
0.682335 0.106555 0.113325
0.685628 0.103486 0.117571
0.693853 0.110733 0.113493
0.699844 0.105039 0.117483
0.707218 0.106042 0.116649
0.707227 0.101077 0.120382
0.709658 0.106046 0.114425
0.711658 0.100400 0.118655
0.714194 0.103754 0.116466
0.715373 0.103697 0.117467
0.706639 0.104198 0.117711
0.713826 0.101194 0.121206
0.701892 0.107414 0.114973
0.696142 0.102746 0.114851
0.685422 0.106570 0.114106
0.684398 0.104142 0.117592
0.658074 0.110782 0.110052
0.650126 0.106249 0.113765
0.627111 0.107399 0.108478
0.621600 0.108426 0.107586
0.603863 0.108478 0.109391
0.595056 0.107603 0.109125
0.577429 0.106791 0.108892
0.580705 0.101644 0.116879
0.552367 0.104433 0.109034
0.544204 0.102905 0.109019
0.529030 0.101926 0.107597
0.524266 0.099798 0.107591
0.505630 0.100338 0.102470
0.512443 0.095298 0.110466
0.502044 0.098793 0.108777
0.509047 0.093218 0.115025
0.505607 0.098133 0.109277
0.506887 0.092115 0.113277
0.499738 0.093562 0.110620
0.503327 0.081461 0.107625
0.503107 0.065534 0.110280
0.507342 0.059031 0.118033
0.508551 0.045272 0.122590
0.509948 0.037791 0.119097
0.509750 0.017792 0.112984
0.515677 0.012601 0.120736
0.508283 0.005282 0.112607
0.513755 0.002389 0.122106
0.509035 0.004669 0.113107
0.508300 -0.004190 0.114168
0.514505 -0.002033 0.115160
0.513050 -0.005613 0.115973
0.511228 -0.007404 0.111599
0.514065 -0.005953 0.112593
0.522683 -0.004294 0.111204
0.531366 -0.003746 0.110189
0.538063 -0.004896 0.108724
0.557169 -0.000697 0.112189
0.563840 0.000449 0.110177
0.584690 -0.002190 0.114539
0.591559 -0.005240 0.111430
0.602329 -0.005366 0.111411
0.616015 -0.009158 0.112954
0.634923 -0.001315 0.113165
0.659685 -0.002472 0.115518
0.675015 -0.000606 0.116744
0.688386 -0.001221 0.113854
0.706245 -0.011236 0.025595
0.706695 -0.002564 0.120317
0.706659 0.004704 0.117311
0.710053 0.003028 0.116764
0.709410 0.000444 0.120017
0.709992 0.001759 0.118542
0.710999 -0.004894 0.120049
0.709422 -0.006632 0.115474
0.710579 -0.018284 0.112492
0.711427 -0.023905 0.119019
0.712892 -0.037093 0.114538
0.709944 -0.044829 0.116641
0.712950 -0.053682 0.121902
0.710703 -0.056684 0.119112
0.709931 -0.069437 0.119379
0.710686 -0.086343 0.118354
0.711259 -0.091005 0.118859
0.711472 -0.096661 0.121090
0.714103 -0.099324 0.124841
0.712946 -0.100856 0.123818
0.710831 -0.100083 0.120818
0.706629 -0.099890 0.121583
0.707602 -0.102192 0.123585
0.693727 -0.100249 0.122109
0.695324 -0.103122 0.124611
0.672250 -0.101289 0.121846
0.674000 -0.102917 0.123847
0.646469 -0.099597 0.118109
0.647551 -0.103045 0.121112
0.618424 -0.102093 0.110868
0.621464 -0.103421 0.120868
0.591269 -0.099434 0.109411
0.594095 -0.100442 0.117911
0.566354 -0.098190 0.112881
0.570263 -0.100902 0.122881
0.542437 -0.100394 0.113998
0.545796 -0.101753 0.120747
0.521137 -0.101239 0.112151
0.525005 -0.103943 0.115900
0.505270 -0.102173 0.111161
0.511227 -0.106846 0.119158
0.499515 -0.108498 0.111800
0.501997 -0.099388 0.109034
0.500403 -0.103890 0.110106
0.502662 -0.101706 0.111100
0.502183 -0.101600 0.112614
0.505571 -0.093122 0.120599
