0.516913 -0.101483 0.117983
0.512631 -0.098659 0.112232
0.514605 -0.098901 0.112536
0.515945 -0.097608 0.112286
0.520347 -0.099827 0.113542
0.520354 -0.097167 0.112542
0.522471 -0.096517 0.112002
0.531095 -0.098738 0.113753
0.533716 -0.098192 0.113553
0.542937 -0.098396 0.113050
0.548287 -0.101882 0.118660
0.557572 -0.096737 0.113413
0.563459 -0.100285 0.117759
0.575631 -0.092459 0.110768
0.582256 -0.097452 0.115042
0.592444 -0.090310 0.112047
0.608812 -0.091686 0.112270
0.614724 -0.091165 0.113021
0.628478 -0.094946 0.117645
0.630183 -0.092249 0.114397
0.640543 -0.090138 0.113407
0.650900 -0.089095 0.115662
0.663185 -0.087584 0.114372
0.675908 -0.090577 0.117625
0.686224 -0.092864 0.121230
0.689331 -0.090211 0.118733
0.703307 -0.096596 0.125069
0.701416 -0.089140 0.117823
0.710636 -0.089340 0.117690
0.710250 -0.089414 0.119940
0.719025 -0.094396 0.123162
0.717158 -0.090296 0.118914
0.724825 -0.089112 0.119466
0.721976 -0.089111 0.120716
0.725432 -0.088531 0.122103
0.722486 -0.087741 0.119603
0.724343 -0.087798 0.119255
0.721810 -0.087726 0.118254
0.718749 -0.087802 0.121753
0.724691 -0.086229 0.118801
0.725661 -0.077934 0.120425
0.721696 -0.063627 0.115432
0.723545 -0.046563 0.118986
0.724988 -0.053076 0.124482
0.724960 -0.031116 0.116056
0.719916 -0.016083 0.114567
0.721490 -0.000609 0.112322
0.718091 0.005060 0.114826
0.720373 0.011275 0.113840
0.718418 0.012204 0.112591
0.719615 0.018270 0.112310
0.722653 0.010957 0.119053
0.720930 0.022135 0.096293
0.719798 0.015951 0.112035
0.717411 0.016247 0.113074
0.713131 0.023655 0.053584
0.700791 0.012026 0.107772
0.693724 0.022188 0.020287
0.690138 0.025926 0.019202
0.693252 0.019572 0.019693
0.670952 0.015265 0.087591
0.658231 0.006668 0.108582
0.641677 0.003387 0.110396
0.632542 0.004377 0.108149
0.616105 0.007361 0.106393
0.595043 0.005810 0.071892
0.599473 0.002347 0.111845
0.584765 0.004314 0.106847
0.574949 0.006351 0.106864
0.561730 0.008221 0.076620
0.544795 0.004864 0.105900
0.534685 0.005326 0.091654
0.493658 0.011845 0.014811
0.520259 0.003519 0.104798
0.514017 0.002951 0.093053
0.508862 0.003105 0.106813
0.507870 -0.001628 0.106067
0.500292 -0.001988 0.108158
0.491652 -0.000611 0.104089
0.496317 -0.004309 0.108594
0.492770 -0.004567 0.108302
0.493043 -0.002478 0.106549
0.503783 -0.002914 0.110797
0.499252 -0.004697 0.114413
0.498010 0.000330 0.105905
0.495134 0.014305 0.079570
0.505351 0.009470 0.114078
0.488739 0.032396 0.047252
0.495378 0.036521 0.107294
0.502250 0.031581 0.115053
0.503160 0.051995 0.106520
0.502206 0.065949 0.108097
0.497930 0.075593 0.108445
0.500905 0.071124 0.110452
0.499315 0.094747 0.109122
0.500943 0.090235 0.111377
0.503538 0.098640 0.109367
0.504975 0.097967 0.115060
0.501488 0.102441 0.114209
0.503049 0.102144 0.115710
0.502187 0.101802 0.105210
0.502387 0.102154 0.110549
0.500290 0.106087 0.111396
0.502832 0.106180 0.110147
0.512504 0.106198 0.113555
0.514053 0.101722 0.116558
0.522159 0.104398 0.109560
0.533262 0.105660 0.114501
0.539051 0.103880 0.111253
0.548038 0.099449 0.121422
0.550557 0.104202 0.114171
0.567830 0.105857 0.113876
0.579854 0.104370 0.112627
0.584649 0.100950 0.121488
0.592366 0.104994 0.112740
0.606867 0.106183 0.115191
0.617597 0.103402 0.114192
0.628290 0.104498 0.117660
0.639121 0.104430 0.116411
0.650890 0.106284 0.121829
0.655687 0.106739 0.115831
0.674465 0.104783 0.116867
0.678548 0.104754 0.116617
0.686968 0.101154 0.124270
0.701052 0.107549 0.117087
0.703623 0.107476 0.117837
0.711061 0.108422 0.116475
0.710234 0.104093 0.120969
0.714735 0.107185 0.117765
0.712728 0.103841 0.117509
0.717237 0.106450 0.117340
0.715857 0.101499 0.121832
0.717327 0.108172 0.116297
0.716977 0.101303 0.118786
0.714873 0.102249 0.119850
0.710129 0.107915 0.114109
0.706641 0.102015 0.121697
0.689772 0.107686 0.113452
0.690677 0.101088 0.121240
0.670817 0.108175 0.110745
0.668041 0.109185 0.108791
0.647947 0.109042 0.095533
0.641424 0.110145 0.094809
0.630859 0.109375 0.080805
0.616451 0.114093 0.019842
0.607381 0.106036 0.109081
0.606989 0.103721 0.111198
0.561403 0.108697 0.019190
0.563765 0.101562 0.093273
0.566808 0.100414 0.107523
0.565961 0.100054 0.118175
0.547125 0.105144 0.108173
0.523157 0.098147 0.107886
0.513102 0.102506 0.100633
0.505806 0.096108 0.102150
0.506638 0.100767 0.108649
0.502212 0.097162 0.112129
0.500879 0.100642 0.109378
0.500258 0.101170 0.109930
0.506772 0.100416 0.111429
0.502451 0.099018 0.111530
0.504610 0.094868 0.115532
0.502814 0.079779 0.115101
0.510354 0.077834 0.123101
0.506230 0.057545 0.121714
0.507774 0.056270 0.122965
0.503338 0.041230 0.114027
0.509424 0.029766 0.114789
0.506910 0.022220 0.117143
0.508147 0.016795 0.116898
0.505985 0.005025 0.116450
0.507813 0.004114 0.119951
0.507350 0.002401 0.111953
0.506626 -0.004026 0.114216
0.502900 -0.007642 0.109744
0.504366 -0.007561 0.110494
0.505771 -0.006333 0.114030
0.507220 -0.007588 0.115032
0.513098 -0.005188 0.113405
0.513962 -0.006989 0.115657
0.515722 -0.002673 0.111900
0.527347 -0.004154 0.112867
0.545051 0.000854 0.112106
0.545490 -0.008901 0.119299
0.575345 0.001841 0.110775
0.576904 -0.004412 0.115833
0.601427 0.002986 0.115060
0.604785 -0.004387 0.119451
0.617372 -0.005456 0.114516
0.637978 0.001050 0.107999
0.656530 -0.000211 0.118080
0.664775 0.000862 0.117575
0.685319 0.000456 0.116791
0.691202 0.001012 0.118288
0.691974 -0.002099 0.124542
0.709355 -0.003181 0.126244
0.707779 0.002600 0.117988
0.714776 0.002252 0.117572
0.723453 0.001853 0.116385
0.726022 -0.001484 0.120386
0.722720 0.001765 0.115312
0.723347 -0.002216 0.119065
0.721353 0.001224 0.115879
0.717843 0.002018 0.116629
0.710582 0.001485 0.114630
0.715868 -0.003505 0.114601
0.713640 -0.006826 0.115354
0.714882 -0.019527 0.117163
0.720829 -0.037911 0.118328
0.721303 -0.038453 0.120078
0.715330 -0.053226 0.101087
0.716527 -0.068793 0.116681
0.718917 -0.085828 0.117180
0.713336 -0.094075 0.115937
0.720139 -0.101322 0.116039
0.720420 -0.104015 0.120292
0.724239 -0.103893 0.116981
0.721139 -0.093474 0.117220
0.728178 -0.102363 0.118388
0.725102 -0.099340 0.114886
0.723298 -0.100979 0.115065
0.719850 -0.099933 0.101065
0.714728 -0.099679 0.113407
0.708662 -0.097438 0.113156
0.708269 -0.106559 0.060597
0.704054 -0.099440 0.121593
0.683170 -0.098651 0.109712
0.652359 -0.100367 0.020486
0.663443 -0.100688 0.108798
0.665533 -0.100073 0.108796
0.636218 -0.098149 0.106281
0.614441 -0.094454 0.091292
0.606449 -0.097403 0.102108
0.598071 -0.097104 0.102359
0.560384 -0.099428 0.017115
0.561549 -0.096784 0.097249
0.554700 -0.099873 0.105415
0.540569 -0.094747 0.102159
0.532296 -0.096633 0.104082
0.536465 -0.100066 0.106836
0.515851 -0.096109 0.103098
0.514674 -0.097401 0.104097
0.506464 -0.096882 0.106758
0.510058 -0.100111 0.112263
0.515246 -0.094386 0.107511
0.511092 -0.094248 0.109033
0.515477 -0.093828 0.107036
0.522078 -0.095524 0.117942
0.519390 -0.093264 0.106130
0.531282 -0.093560 0.109888
0.541100 -0.096768 0.115439
0.552556 -0.095683 0.118950
0.561627 -0.095337 0.115182
0.572781 -0.094244 0.118195
0.584083 -0.097133 0.119355
0.601910 -0.093294 0.084148
0.615598 -0.092105 0.114429
0.621224 -0.096669 0.122589
0.634061 -0.092676 0.117848
0.645035 -0.091525 0.114640
0.650942 -0.096717 0.113822
0.653472 -0.098024 0.115577
0.683182 -0.096214 0.124611
0.694331 -0.094293 0.118428
0.701410 -0.095459 0.125379
0.704947 -0.094916 0.117902
0.708419 -0.094097 0.119733
0.709109 -0.092073 0.119502
0.714077 -0.091666 0.118621
0.714244 -0.091674 0.117872
0.716633 -0.091639 0.119147
0.714019 -0.091723 0.118631
0.716857 -0.086422 0.118566
0.727435 -0.072780 0.045743
0.719063 -0.069516 0.114236
0.717572 -0.062738 0.113789
0.718712 -0.051352 0.116045
0.720636 -0.050159 0.120063
0.719036 -0.025792 0.117161
0.720727 -0.029373 0.119639
0.723643 -0.007050 0.114156
0.714032 0.002475 0.112951
0.722366 0.007154 0.114231
0.725013 0.001640 0.119957
0.717084 0.004131 0.115772
0.720099 0.000342 0.119261
0.713638 0.002858 0.112197
0.719016 -0.002694 0.119935
0.718444 -0.001520 0.118877
0.717323 0.004064 0.113962
0.714092 0.003612 0.111457
0.716360 0.001379 0.114531
0.716771 0.000359 0.118530
0.711953 0.002427 0.114038
0.705298 0.005460 0.110780
0.692318 0.004788 0.111507
0.683107 0.006622 0.108500
0.679417 0.008302 0.110240
0.681466 0.003332 0.112740
0.649663 0.007632 0.107615
0.654580 0.003996 0.109871
0.635549 0.008798 0.083096
0.585208 0.007401 0.037059
0.587283 0.001518 0.102742
0.575186 0.003131 0.087473
0.539642 0.004504 0.017921
0.532215 0.004503 0.031800
0.549892 -0.001587 0.095832
0.503482 0.004500 0.020616
0.494307 0.001987 0.035857
0.503664 0.001841 0.089557
0.505428 -0.001304 0.104813
0.497186 -0.002662 0.088092
0.501554 -0.001598 0.106852
0.496836 -0.000757 0.106760
0.492787 -0.000530 0.107376
0.495198 -0.002651 0.108632
0.501346 0.001280 0.110404
0.491438 0.000001 0.111313
0.501567 0.022804 0.097599
0.496715 0.019435 0.111851
0.493725 0.041472 0.106813
0.496241 0.047451 0.108069
0.490097 0.057341 0.100426
0.496738 0.069523 0.106937
0.503407 0.079444 0.107949
0.497979 0.090018 0.108372
0.491900 0.099171 0.101129
0.497709 0.100417 0.109390
0.498592 0.098575 0.113224
0.501344 0.099837 0.113229
0.499290 0.102515 0.110325
0.502694 0.100313 0.110579
0.505160 0.096372 0.113831
0.510354 0.103262 0.110339
0.513918 0.100876 0.106845
0.507846 0.112067 0.050367
0.525594 0.102598 0.108143
0.551844 0.103603 0.113814
0.553238 0.099080 0.117566
0.578973 0.109280 0.058042
0.580150 0.098307 0.119546
0.586321 0.102130 0.113300
0.606252 0.104025 0.114035
0.630721 0.108562 0.114242
0.640074 0.106903 0.114499
0.671681 0.105819 0.117537
0.673377 0.101244 0.123038
0.695057 0.099366 0.125474
0.694234 0.097361 0.125973
0.712038 0.104868 0.119356
0.713094 0.103011 0.117105
0.726591 0.098864 0.124158
0.725745 0.100374 0.121909
0.734302 0.103848 0.118951
0.725718 0.107062 0.114452
0.735235 0.103418 0.125352
0.727838 0.108744 0.118356
0.727552 0.110180 0.118739
0.710433 0.105692 0.120226
0.710675 0.107376 0.118452
0.706782 0.106210 0.116699
0.715742 0.102642 0.122518
0.703683 0.107938 0.115270
0.703014 0.108453 0.115270
0.690144 0.111302 0.082019
0.677487 0.111003 0.109661
0.659096 0.109117 0.110904
0.654381 0.108427 0.108956
0.640133 0.113076 0.020458
0.628596 0.106379 0.105825
0.608815 0.108743 0.020574
0.611706 0.104151 0.108746
0.583550 0.108311 0.047728
0.558750 0.108099 0.017699
0.564344 0.103306 0.094199
0.536185 0.104531 0.057499
0.541391 0.101678 0.107254
0.503760 0.102064 0.061739
0.516909 0.098062 0.107008
0.506695 0.097436 0.106799
0.510204 0.094585 0.109804
0.503614 0.099158 0.108773
0.498615 0.095446 0.112877
0.498754 0.098225 0.107626
0.500063 0.084298 0.110341
0.504162 0.079509 0.113847
0.497425 0.071553 0.109518
0.502581 0.057838 0.109778
0.503684 0.035376 0.114224
0.508766 0.033132 0.119977
0.503651 0.021411 0.116007
0.509164 0.005722 0.115769
0.506649 0.000079 0.118530
0.505540 -0.000856 0.112030
0.506132 -0.005327 0.114146
0.509176 -0.007696 0.116899
0.510996 -0.002065 0.114145
0.508439 -0.006429 0.114008
0.513994 -0.004853 0.112562
0.517589 -0.006697 0.114814
0.513133 -0.008425 0.111403
0.533624 -0.004871 0.111656
0.551586 -0.008564 0.120309
0.551599 -0.009785 0.121308
0.560429 -0.008543 0.123113
0.562885 -0.010808 0.114362
0.577835 -0.003393 0.116199
0.596190 -0.000953 0.096236
0.600165 -0.003338 0.115144
0.620288 -0.000536 0.115711
0.639077 -0.002064 0.117166
0.657424 0.000217 0.116254
0.667879 -0.002859 0.119832
0.675286 -0.000615 0.119638
0.684644 -0.003418 0.124047
0.685738 -0.000673 0.124578
0.700464 -0.002518 0.124342
0.702381 0.001495 0.121146
0.707131 0.000061 0.121821
0.709488 0.002187 0.120113
0.710520 0.000136 0.121108
0.711371 0.001597 0.122632
0.711659 0.002223 0.122989
0.715276 -0.001265 0.130734
0.712288 -0.001573 0.119815
0.719302 -0.003886 0.097102
0.716058 -0.017537 0.120864
0.719815 -0.037850 0.125616
0.717519 -0.056256 0.119877
0.716901 -0.065891 0.119899
0.725822 -0.072449 0.099404
