0.514278 -0.087553 0.106083
0.516953 -0.090113 0.108085
0.513587 -0.087145 0.106522
0.514020 -0.087963 0.107319
0.513272 -0.087248 0.105818
0.514044 -0.087890 0.106765
0.516759 -0.091704 0.109269
0.515391 -0.089064 0.108739
0.515256 -0.088941 0.106989
0.517146 -0.089476 0.107500
0.527652 -0.090036 0.108746
0.532407 -0.089717 0.107594
0.545173 -0.089713 0.110848
0.548211 -0.090183 0.109348
0.551360 -0.094558 0.111603
0.561207 -0.095729 0.113820
0.563035 -0.096348 0.114570
0.565677 -0.091347 0.110635
0.578554 -0.091752 0.111132
0.581870 -0.088217 0.110672
0.586893 -0.089219 0.108672
0.597574 -0.090313 0.109974
0.601362 -0.090140 0.108474
0.611156 -0.089914 0.108536
0.619839 -0.089713 0.108539
0.629406 -0.091014 0.109354
0.634713 -0.095410 0.113102
0.645354 -0.091120 0.110932
0.658288 -0.097057 0.114287
0.661187 -0.090555 0.109547
0.663458 -0.091846 0.111546
0.672379 -0.093050 0.113081
0.673081 -0.092374 0.112332
0.686787 -0.096248 0.114782
0.683886 -0.091890 0.112536
0.688014 -0.094037 0.114176
0.692053 -0.098374 0.117174
0.697564 -0.092269 0.113753
0.696833 -0.091712 0.114504
0.704695 -0.095528 0.116618
0.705361 -0.096113 0.116368
0.711219 -0.091100 0.114483
0.713098 -0.091664 0.114483
0.722611 -0.092949 0.115317
0.715214 -0.091898 0.114563
0.722000 -0.092839 0.116043
0.720148 -0.092265 0.115792
0.718135 -0.088837 0.116212
0.713722 -0.084584 0.115465
0.717869 -0.078474 0.116043
0.719567 -0.081778 0.119290
0.718752 -0.072194 0.113856
0.718531 -0.071210 0.116607
0.721254 -0.059799 0.113377
0.719326 -0.046115 0.112973
0.716780 -0.042092 0.110727
0.724508 -0.043567 0.115615
0.725074 -0.044412 0.117364
0.715543 -0.023005 0.109988
0.715477 -0.020238 0.108742
0.718111 -0.025831 0.112237
0.715549 -0.011440 0.109554
0.714206 -0.008456 0.107057
0.715373 -0.001227 0.107331
0.717598 0.006659 0.106161
0.716278 0.007445 0.108411
0.717548 0.007492 0.108412
0.715963 0.012247 0.107738
0.716072 0.009285 0.109735
0.714791 0.012230 0.107614
0.712423 0.007936 0.109611
0.712884 0.009282 0.110702
0.713592 0.007263 0.111454
0.700105 0.008245 0.109286
0.705043 0.001477 0.116803
0.699383 0.009791 0.110921
0.697434 0.002499 0.117189
0.684840 0.010202 0.109322
0.682635 0.002035 0.117592
0.667757 0.007519 0.110258
0.673590 0.001996 0.127531
0.659042 0.008679 0.112003
0.654628 0.008293 0.116938
0.640739 0.006424 0.109187
0.644518 0.000590 0.116205
0.627354 0.004917 0.111842
0.627305 0.001403 0.114852
0.609123 0.005972 0.105241
0.605613 0.004094 0.103995
0.594233 0.004235 0.107600
0.591639 0.001606 0.107608
0.581948 0.002804 0.107770
0.571674 0.004322 0.107986
0.566750 0.003753 0.106739
0.558850 0.004966 0.108944
0.553793 0.003129 0.107199
0.555880 0.000304 0.110208
0.539890 0.003472 0.105692
0.530088 0.005082 0.106192
0.526685 0.002631 0.103451
0.531138 -0.000421 0.110209
0.516782 0.002888 0.106465
0.516308 0.001667 0.104719
0.511750 0.000702 0.108409
0.512782 -0.003425 0.112423
0.509190 0.000526 0.110121
0.510633 -0.004204 0.113387
0.506129 0.000833 0.108428
0.507422 -0.002578 0.111190
0.503682 0.000432 0.112210
0.504714 0.000461 0.110960
0.504256 0.000749 0.111805
0.506019 -0.001976 0.114065
0.505684 0.002695 0.113786
0.508413 0.005218 0.114028
0.505916 0.010485 0.113882
0.508971 0.012893 0.115874
0.507454 0.011871 0.121242
0.505877 0.016753 0.115474
0.501695 0.020432 0.114862
0.506301 0.026195 0.114092
0.505634 0.031996 0.115182
0.508646 0.029069 0.118192
0.509206 0.035974 0.121210
0.506674 0.042324 0.116189
0.504601 0.055049 0.113723
0.510232 0.050725 0.121988
0.502770 0.068801 0.112840
0.506419 0.074369 0.109576
0.503528 0.079155 0.112657
0.503905 0.081686 0.115872
0.505084 0.092623 0.112599
0.502317 0.100318 0.112146
0.504432 0.102102 0.112894
0.502203 0.108248 0.113083
0.504244 0.107396 0.113836
0.507048 0.105136 0.112626
0.509319 0.101245 0.116382
0.510357 0.107353 0.111261
0.513322 0.102672 0.116018
0.516369 0.106855 0.108097
0.519194 0.103718 0.111351
0.523080 0.103703 0.110603
0.535056 0.103238 0.116853
0.542153 0.106052 0.111008
0.549348 0.099291 0.117515
0.554647 0.105653 0.116593
0.557122 0.100585 0.114595
0.565854 0.104504 0.112826
0.569646 0.099012 0.114829
0.574207 0.105756 0.112214
0.576174 0.105135 0.111465
0.592436 0.103874 0.114483
0.596992 0.103153 0.114486
0.600288 0.102514 0.113739
0.612118 0.098853 0.117646
0.620297 0.105518 0.114620
0.622230 0.104826 0.114871
0.631158 0.106469 0.112543
0.632974 0.104372 0.114041
0.644686 0.102918 0.119687
0.647028 0.096307 0.121678
0.653823 0.102204 0.115709
0.654224 0.098803 0.117953
0.657581 0.094644 0.122698
0.666075 0.103530 0.116555
0.671936 0.102863 0.116810
0.680779 0.100106 0.120125
0.688650 0.104805 0.115185
0.691785 0.099248 0.121178
0.702377 0.104263 0.117388
0.702964 0.103583 0.117888
0.712000 0.104025 0.117180
0.712748 0.099901 0.121173
0.710686 0.104016 0.117179
0.716268 0.103690 0.116482
0.722366 0.103432 0.115525
0.717942 0.099262 0.119512
0.719802 0.103419 0.117714
0.717463 0.098646 0.121452
0.719347 0.102681 0.120646
0.713476 0.104575 0.120392
0.714850 0.105196 0.118481
0.710689 0.104966 0.121725
0.710189 0.105711 0.118787
0.699796 0.104312 0.117523
0.694740 0.105720 0.117830
0.690834 0.105739 0.116325
0.678367 0.105878 0.113433
0.681795 0.101017 0.120180
0.664470 0.105788 0.112614
0.665279 0.103687 0.115362
0.660620 0.107185 0.111648
0.652275 0.102298 0.114887
0.635139 0.106305 0.105894
0.624674 0.103419 0.108136
0.621709 0.102818 0.107575
0.617012 0.102569 0.112821
0.601157 0.102611 0.103971
0.597825 0.103745 0.108719
0.587063 0.103720 0.107305
0.589128 0.100903 0.111557
0.573805 0.104867 0.107722
0.575050 0.101953 0.114474
0.557512 0.102737 0.107844
0.561054 0.099924 0.112097
0.544857 0.103268 0.107487
0.546594 0.099769 0.112491
0.535008 0.103268 0.108388
0.531684 0.102616 0.108640
0.522931 0.101628 0.111355
0.521858 0.097623 0.112611
0.511385 0.102504 0.106568
0.511968 0.096365 0.112077
0.503865 0.100196 0.110636
0.506067 0.100812 0.111383
0.501227 0.101342 0.112646
0.506353 0.096591 0.114901
0.502393 0.099749 0.111273
0.505018 0.099709 0.111021
0.504310 0.094774 0.109989
0.507521 0.091352 0.116494
0.503101 0.080466 0.110705
0.506447 0.075202 0.114962
0.503920 0.067389 0.110703
0.506463 0.062870 0.114459
0.502831 0.061548 0.115535
0.508974 0.050461 0.118551
0.507586 0.042709 0.121185
0.508365 0.036275 0.114446
0.509693 0.030708 0.120755
0.508583 0.028739 0.113259
0.506115 0.023889 0.115577
0.510061 0.016089 0.117338
0.510350 0.009293 0.122388
0.509049 0.010665 0.116887
0.508740 0.001370 0.118907
0.506745 0.002059 0.113157
0.508907 0.002806 0.114404
0.506828 -0.001041 0.111608
0.509700 -0.008372 0.117152
0.506632 -0.003609 0.111645
0.510087 -0.004129 0.111669
0.512281 -0.005909 0.114421
0.513702 -0.004584 0.114917
0.520913 -0.003419 0.113585
0.516666 -0.002269 0.109836
0.531438 -0.003083 0.114797
0.536963 0.002027 0.115530
0.542255 -0.001006 0.111540
0.546215 0.000021 0.109535
0.553161 -0.001854 0.111837
0.562606 -0.005693 0.115225
0.561968 -0.005068 0.114224
0.580229 -0.002265 0.112639
0.588965 0.000640 0.112376
0.596421 -0.001039 0.112974
0.605799 0.001174 0.112716
0.607484 -0.002107 0.115222
0.616862 0.000193 0.115209
0.618941 0.000725 0.114207
0.637016 0.000760 0.113685
0.637853 -0.003138 0.116941
0.649109 0.000722 0.113709
0.651317 -0.003274 0.116214
0.660777 -0.000449 0.115126
0.664592 0.000744 0.116875
0.674846 0.001879 0.116137
0.676908 -0.002100 0.119390
0.685501 0.002364 0.115524
0.688777 -0.001668 0.119527
0.693772 0.002406 0.113472
0.695495 0.003020 0.115723
0.704886 0.002537 0.115456
0.711956 0.002548 0.118137
0.710963 0.002573 0.115637
0.719526 0.001930 0.117927
0.718258 -0.001293 0.121674
0.727795 -0.004054 0.124057
0.714980 -0.000417 0.116298
0.722250 -0.002395 0.117216
0.713788 -0.008166 0.113452
0.722047 -0.011587 0.116158
0.716895 -0.010133 0.114653
0.722240 -0.015849 0.115315
0.712328 -0.021685 0.111547
0.715265 -0.031366 0.114760
0.715061 -0.035268 0.116256
0.713770 -0.048640 0.116068
0.715531 -0.051788 0.118817
0.716443 -0.055178 0.116634
0.714931 -0.060385 0.117380
0.716489 -0.064426 0.114286
0.718297 -0.067576 0.116785
0.718411 -0.072010 0.114564
0.716431 -0.072767 0.113064
0.720616 -0.077678 0.113846
0.723109 -0.080120 0.116846
0.722545 -0.083090 0.112746
0.720949 -0.087924 0.116995
0.720987 -0.093255 0.113922
0.723546 -0.094251 0.117672
0.722264 -0.098691 0.115280
0.718859 -0.100222 0.118280
0.718086 -0.098619 0.114473
0.714836 -0.096420 0.115223
0.716480 -0.098546 0.114065
0.709926 -0.096754 0.116316
0.717374 -0.105753 0.120818
0.720151 -0.104598 0.133068
0.701200 -0.100978 0.123244
0.685437 -0.096707 0.111499
0.671606 -0.096319 0.113053
0.675299 -0.098125 0.117553
0.679830 -0.103447 0.120747
0.658696 -0.096602 0.102242
0.645829 -0.100012 0.099017
0.641867 -0.097396 0.116512
0.630061 -0.098708 0.105896
0.622271 -0.096917 0.096886
0.608974 -0.097188 0.107205
0.602197 -0.095134 0.104198
0.593188 -0.097324 0.104340
0.590673 -0.095142 0.107838
0.596685 -0.098386 0.113094
0.594123 -0.101304 0.118790
0.573839 -0.099960 0.104956
0.572596 -0.097902 0.107961
0.567737 -0.095351 0.100712
0.563070 -0.097392 0.110221
0.567095 -0.101256 0.114204
0.545958 -0.094231 0.101023
0.543515 -0.091029 0.104799
0.534167 -0.093640 0.106017
0.538787 -0.097497 0.110721
0.522357 -0.091835 0.100833
0.523766 -0.093827 0.102301
0.511083 -0.090163 0.100020
0.513853 -0.093564 0.104700
0.509945 -0.095694 0.108898
0.513158 -0.095313 0.110392
0.499963 -0.092699 0.102113
0.504269 -0.089355 0.104421
0.499599 -0.091050 0.107415
0.502401 -0.089620 0.106178
0.493119 -0.089615 0.102147
0.500179 -0.088530 0.107854
0.496785 -0.087753 0.105103
0.508893 -0.085713 0.104765
0.503555 -0.088318 0.105132
0.514668 -0.086771 0.105476
0.520408 -0.085373 0.104453
0.526201 -0.088934 0.109502
0.534332 -0.085148 0.105618
0.538938 -0.088147 0.109705
0.547255 -0.085492 0.104884
0.552145 -0.087553 0.109254
0.562571 -0.083640 0.113462
0.568731 -0.087200 0.119267
0.578025 -0.083787 0.107635
0.584372 -0.086375 0.112977
0.581622 -0.084713 0.110910
0.598333 -0.087948 0.115373
0.596209 -0.084232 0.109654
0.605918 -0.084595 0.109294
0.622241 -0.087217 0.117543
0.621314 -0.084595 0.111135
0.635777 -0.083512 0.111698
0.639043 -0.084818 0.115630
0.640308 -0.085784 0.115955
0.652004 -0.086292 0.112586
0.660311 -0.083144 0.113929
0.665857 -0.086059 0.117557
0.676822 -0.086908 0.117543
0.677850 -0.089254 0.119227
0.684493 -0.083921 0.117977
0.688206 -0.084940 0.116679
0.691469 -0.082841 0.117213
0.694921 -0.086041 0.120627
0.694660 -0.081687 0.114658
0.700427 -0.086607 0.118779
0.701482 -0.084683 0.116525
0.706476 -0.085086 0.114702
0.709371 -0.087114 0.117395
0.713964 -0.087570 0.118370
0.716281 -0.083395 0.117940
0.720272 -0.087797 0.122138
0.713753 -0.083481 0.116509
0.714641 -0.083885 0.117061
0.713432 -0.081568 0.116863
0.719615 -0.083798 0.122285
0.712663 -0.080369 0.117640
0.713080 -0.079415 0.117241
0.714760 -0.058452 0.116397
0.720204 -0.062091 0.124537
0.714704 -0.039844 0.115755
0.721258 -0.035707 0.119987
0.715366 -0.024592 0.116738
0.715348 -0.018545 0.116158
0.715389 -0.014843 0.117231
0.715930 -0.007074 0.116904
0.715862 -0.000474 0.118285
0.720361 -0.003565 0.121735
0.714410 0.007682 0.118989
0.714288 0.010624 0.118988
0.715018 0.015701 0.117584
0.716400 0.014099 0.118569
0.713988 0.015793 0.118615
0.716005 0.013567 0.121123
0.712399 0.014032 0.119651
0.709181 0.013601 0.121074
0.712875 0.011316 0.125759
0.708254 0.015626 0.118767
0.702509 0.009542 0.130428
0.695184 0.013308 0.127036
0.692608 0.011180 0.127007
0.680640 0.012740 0.120657
0.678452 0.009052 0.122597
0.663741 0.008348 0.118937
0.651657 0.007027 0.120217
0.647966 0.008283 0.117749
0.644678 0.003938 0.120443
0.622252 0.006832 0.121995
0.625234 0.003100 0.126680
0.605709 0.007668 0.114037
0.597206 0.007144 0.102810
0.585805 0.006825 0.104863
0.590457 0.000862 0.117036
0.595220 0.006390 0.126679
0.574983 0.002710 0.117959
0.554898 0.006092 0.109189
0.541181 0.003105 0.106703
0.533710 0.003307 0.108388
0.535745 0.002540 0.109627
0.515809 0.003983 0.102588
0.516300 0.001770 0.103571
0.509763 0.003264 0.109158
0.509731 0.000277 0.109138
0.506327 -0.000678 0.111122
0.503548 0.001261 0.109388
0.496934 0.004086 0.107220
0.500637 0.010829 0.104759
0.503651 0.014887 0.113229
0.494390 0.023953 0.108245
0.499134 0.029338 0.108282
0.494756 0.034786 0.109139
0.496843 0.038050 0.109413
0.496439 0.033429 0.105128
0.499627 0.054694 0.110880
0.504155 0.051036 0.114346
0.497950 0.067757 0.107059
0.501166 0.062425 0.111260
0.499863 0.079486 0.108644
0.506559 0.073581 0.116839
0.500299 0.094458 0.108464
0.503537 0.088895 0.113419
0.501404 0.106384 0.110184
0.507061 0.101789 0.116398
0.499503 0.111332 0.103810
0.502537 0.107482 0.110536
0.505668 0.111458 0.107111
0.510744 0.107567 0.109340
0.521030 0.112446 0.114300
0.522797 0.110414 0.110294
0.536741 0.114471 0.108171
0.547845 0.115312 0.108232
0.555176 0.114021 0.105724
0.566402 0.114611 0.107704
0.573774 0.113081 0.105947
0.579281 0.116836 0.107558
0.594435 0.109647 0.109576
0.595753 0.108010 0.110585
0.611689 0.112166 0.107424
0.613342 0.109203 0.109452
0.629956 0.109400 0.109789
0.632131 0.108092 0.112550
0.648118 0.105999 0.114026
0.648831 0.105567 0.114782
0.661599 0.109015 0.112027
0.663377 0.105543 0.115844
0.674996 0.107761 0.114187
0.676547 0.105563 0.116486
0.686293 0.107889 0.114170
0.688252 0.105175 0.117988
0.695209 0.108063 0.113944
0.697521 0.105333 0.115768
0.704241 0.107091 0.116332
0.704907 0.105320 0.118136
0.710447 0.106389 0.116851
0.713332 0.103096 0.118954
0.716385 0.102736 0.119957
0.714739 0.105526 0.116112
0.718316 0.101602 0.122598
0.709465 0.107114 0.119172
0.708225 0.106231 0.118296
0.709356 0.106452 0.119034
0.705845 0.107304 0.122778
0.687165 0.105992 0.114385
0.682556 0.106212 0.119195
0.679243 0.102638 0.122850
0.664492 0.106652 0.115559
0.657208 0.105031 0.117900
0.649163 0.105893 0.115963
0.635403 0.105848 0.115511
0.612733 0.104642 0.104204
0.613961 0.102555 0.116291
0.616798 0.100428 0.118617
0.589981 0.106532 0.113384
0.582064 0.106781 0.113900
0.570100 0.103593 0.116137
0.563360 0.105351 0.114265
0.548939 0.103651 0.112873
0.551396 0.102010 0.115927
0.528323 0.104567 0.108630
0.531744 0.102311 0.112703
0.515633 0.103160 0.110537
0.519030 0.100862 0.114109
0.507305 0.103210 0.110182
0.510864 0.100888 0.114756
0.505778 0.102912 0.112105
0.507853 0.101067 0.111913
0.504851 0.099276 0.110633
0.504059 0.099750 0.101113
0.504561 0.083332 0.106261
0.508036 0.076637 0.114708
0.504182 0.069476 0.109479
0.504585 0.050606 0.111849
0.506851 0.046183 0.113215
0.508708 0.042685 0.116808
0.506360 0.029231 0.112575
0.510978 0.027445 0.117879
0.507716 0.012219 0.114626
0.506920 0.009961 0.113172
0.505941 0.004610 0.112292
0.507438 -0.000029 0.118009
0.507546 -0.001710 0.112286
0.509430 -0.002551 0.111056
0.509264 -0.003384 0.112059
0.515036 -0.006343 0.116874
0.508105 -0.007516 0.110556
0.511430 -0.008102 0.110329
0.517102 -0.007327 0.109525
0.521072 -0.005677 0.110286
0.532377 -0.004161 0.111455
0.536483 -0.004752 0.114735
0.547445 -0.003629 0.111676
0.554561 -0.001152 0.111480
0.566097 -0.001528 0.113080
0.570069 -0.003256 0.117358
0.582295 0.000731 0.113065
0.589452 -0.001199 0.118118
0.592105 0.000428 0.112829
0.596688 -0.001788 0.117352
0.600158 -0.000995 0.111941
0.610424 0.004225 0.115127
0.616795 0.003313 0.115967
0.621455 0.001121 0.119483
0.628596 0.002021 0.112581
0.637323 0.006323 0.112015
0.647356 0.004994 0.113719
0.664660 0.008949 0.118750
0.673456 0.009750 0.115888
0.680368 0.010725 0.117736
0.685127 0.012571 0.117459
0.693920 0.010089 0.120502
0.699745 0.011374 0.119419
0.707638 0.009759 0.120335
0.708167 0.013074 0.117674
0.710285 0.010383 0.120132
0.712472 0.011429 0.119462
0.714444 0.012539 0.118762
0.717270 0.011927 0.120385
0.718008 0.011900 0.117642
0.721219 0.010937 0.120547
0.724170 0.007787 0.122752
0.721473 0.003842 0.116076
0.720691 -0.001141 0.115938
0.721759 -0.008680 0.119308
