0.519221 -0.091403 0.112312
0.516677 -0.086759 0.110441
0.518690 -0.088655 0.110941
0.517942 -0.084594 0.108435
0.518110 -0.086022 0.110434
0.517073 -0.086291 0.109564
0.519209 -0.089550 0.111312
0.518290 -0.088771 0.110948
0.520403 -0.091995 0.112445
0.523408 -0.088503 0.110611
0.525483 -0.091698 0.111608
0.527382 -0.088472 0.110418
0.542309 -0.092720 0.114911
0.553759 -0.091589 0.111796
0.568739 -0.088232 0.097544
0.573607 -0.093779 0.096845
0.588333 -0.095455 0.114091
0.602947 -0.086726 0.036628
0.614279 -0.095946 0.113866
0.633541 -0.089998 0.111918
0.643384 -0.090205 0.110668
0.670240 -0.088786 0.114341
0.671240 -0.092711 0.116587
0.688843 -0.086380 0.116021
0.689700 -0.090348 0.118767
0.697460 -0.087387 0.116914
0.698520 -0.091287 0.118661
0.704584 -0.088153 0.115825
0.705134 -0.092222 0.120071
0.710349 -0.088204 0.116306
0.709916 -0.090934 0.118804
0.712038 -0.088415 0.117483
0.716595 -0.089701 0.120480
0.716039 -0.089023 0.119972
0.716253 -0.091059 0.122220
0.715866 -0.083481 0.122996
0.715191 -0.079023 0.122500
0.716082 -0.062132 0.114424
0.714544 -0.058080 0.117928
0.714206 -0.053610 0.117644
0.714793 -0.047719 0.117149
0.715727 -0.031001 0.117134
0.713928 -0.026322 0.115883
0.712495 -0.014531 0.115134
0.715087 -0.010463 0.113150
0.716048 0.000153 0.114550
0.715986 -0.001271 0.118054
0.718987 0.002180 0.117654
0.712721 -0.004267 0.119942
0.714278 0.004964 0.114239
0.709714 0.004277 0.114250
0.711801 0.005228 0.113228
0.710635 0.002683 0.116012
0.712442 0.003582 0.113660
0.708780 0.003993 0.112169
0.706858 0.005703 0.111221
0.698066 0.003759 0.113318
0.700601 -0.000411 0.117385
0.678900 0.007892 0.098617
0.677531 0.008102 0.111143
0.659374 0.001950 0.115783
0.657234 0.027512 0.020116
0.635284 0.008935 0.096547
0.621758 0.007652 0.106110
0.612389 0.004655 0.108870
0.595511 0.005461 0.109094
0.583720 0.003913 0.104118
0.562335 0.021766 0.015923
0.553757 0.006534 0.092453
0.536493 0.016839 0.040923
0.519831 0.016339 0.016772
0.510287 0.009909 0.058151
0.515631 0.003618 0.095044
0.509404 0.001916 0.105946
0.511362 -0.001918 0.107790
0.500614 0.005256 0.094465
0.505544 -0.002138 0.106870
0.503115 0.000827 0.105950
0.504783 -0.000887 0.107722
0.501324 0.000546 0.105244
0.503950 -0.000662 0.107483
0.501065 0.001720 0.105650
0.503620 0.003283 0.106065
0.492149 0.015394 0.072543
0.503323 0.017965 0.106088
0.498613 0.024973 0.106050
0.504618 0.024967 0.111987
0.489694 0.044260 0.081567
0.502138 0.054582 0.105810
0.497286 0.060951 0.106698
0.495498 0.069764 0.088354
0.498730 0.087750 0.103463
0.501698 0.081457 0.110000
0.497869 0.100571 0.105685
0.502500 0.096467 0.109694
0.485393 0.115175 0.081356
0.498665 0.107349 0.105357
0.496789 0.110846 0.109056
0.503703 0.105460 0.108543
0.499338 0.108647 0.108106
0.506115 0.105020 0.109606
0.503391 0.108560 0.109634
0.509961 0.103779 0.110622
0.506590 0.110128 0.107649
0.517258 0.106492 0.108433
0.539902 0.103520 0.114243
0.544227 0.101706 0.111503
0.558140 0.105872 0.109652
0.561457 0.103179 0.112642
0.602693 0.110185 0.100442
0.603966 0.104645 0.112864
0.637291 0.110871 0.110641
0.639441 0.106243 0.113833
0.670421 0.111787 0.112295
0.672634 0.108688 0.114514
0.684521 0.113296 0.114267
0.698595 0.106173 0.120043
0.707778 0.113693 0.114463
0.709718 0.105447 0.120324
0.719688 0.111776 0.117962
0.714382 0.107883 0.117324
0.721585 0.103939 0.123456
0.716498 0.110254 0.116022
0.719778 0.112372 0.114140
0.703110 0.109190 0.113163
0.703361 0.111975 0.111918
0.694099 0.112192 0.105330
0.679051 0.112842 0.106817
0.654733 0.110685 0.046571
0.629015 0.106293 0.113067
0.631030 0.101064 0.118779
0.607210 0.107912 0.108777
0.593695 0.106959 0.107914
0.574373 0.105369 0.110011
0.559792 0.106643 0.107158
0.538040 0.104670 0.104314
0.528413 0.104002 0.107238
0.510236 0.102306 0.107015
0.511551 0.101428 0.109519
0.508138 0.101939 0.110660
0.512140 0.096174 0.115903
0.504907 0.102584 0.108598
0.511442 0.094664 0.115846
0.508169 0.095400 0.107966
0.513051 0.090856 0.117224
0.503538 0.091793 0.110034
0.506540 0.076362 0.108185
0.506670 0.053683 0.117730
0.507154 0.051081 0.119962
0.498654 0.041291 0.110591
0.482205 0.028657 0.017597
0.501889 0.011508 0.111346
0.508285 0.007685 0.120365
0.506444 -0.006864 0.118931
0.504978 -0.004034 0.114441
0.501856 -0.005816 0.112629
0.505833 -0.000439 0.112441
0.508082 -0.007855 0.115883
0.509051 -0.008325 0.117886
0.505169 -0.003115 0.113293
0.509114 -0.000443 0.112829
0.515708 -0.001000 0.110087
0.515007 -0.001692 0.109830
0.529471 -0.004681 0.110742
0.529476 -0.006022 0.110736
0.564180 0.000030 0.106520
0.568430 -0.003444 0.117523
0.583504 -0.001075 0.114076
0.592859 0.000238 0.112860
0.622247 0.000653 0.113320
0.624647 -0.003225 0.116816
0.642733 0.001512 0.111891
0.652835 0.004890 0.111676
0.666529 0.001408 0.113986
0.685175 0.005524 0.115044
0.696683 0.004518 0.115460
0.701474 0.006565 0.114980
0.708890 0.006675 0.115208
0.710600 0.004692 0.116954
0.713429 0.003833 0.118855
0.712423 0.006487 0.116864
0.712275 0.008264 0.115579
0.712753 0.008930 0.116583
0.714694 0.006113 0.114519
0.713518 0.002743 0.117501
0.714256 -0.008643 0.111256
0.715458 -0.014539 0.116232
0.715107 -0.035312 0.116365
0.721457 -0.045881 0.083583
0.713677 -0.058549 0.117179
0.715228 -0.062873 0.120163
0.714319 -0.071066 0.123201
0.721214 -0.082857 0.091415
0.715227 -0.092692 0.120838
0.715613 -0.098309 0.123062
0.715283 -0.019206 0.121836
0.716023 0.004543 0.115866
0.715699 -0.000843 0.121109
0.714241 0.007644 0.116219
0.716444 0.000780 0.122708
0.721140 0.008858 0.113845
0.717523 0.006575 0.115340
0.720373 0.002812 0.116608
0.725773 0.002647 0.115859
0.721483 -0.001701 0.118099
0.725138 -0.000877 0.117436
0.719652 -0.003816 0.118926
0.722591 -0.000323 0.119754
0.719149 -0.001195 0.121000
0.720290 0.001281 0.119544
0.721523 -0.001487 0.121038
0.724933 0.006107 0.117028
0.720834 0.003126 0.119017
0.718198 0.011451 0.113751
0.711550 0.011314 0.113246
0.712442 0.013097 0.112255
0.708372 0.008500 0.116490
0.704282 0.016556 0.111884
0.696457 0.018043 0.096631
0.662257 0.014259 0.107706
0.664690 0.010351 0.113699
0.634578 0.023925 0.019452
0.628763 0.014833 0.104929
0.595464 0.011732 0.106237
0.583232 0.012349 0.103231
0.553232 0.023071 0.016747
0.567106 0.009351 0.107731
0.537733 0.008700 0.105549
0.525055 0.003532 0.106796
0.513679 0.006282 0.105296
0.512064 0.000028 0.106295
0.500804 0.003670 0.106359
0.501285 0.002224 0.107859
0.495748 0.002329 0.106287
0.499230 0.001696 0.106282
0.497278 0.002757 0.108963
0.500993 0.002070 0.109958
0.503507 0.002958 0.106453
0.504187 0.000597 0.113617
0.495297 0.007963 0.107950
0.502144 0.013395 0.108177
0.496410 0.020556 0.104082
0.501609 0.028280 0.109307
0.498014 0.027249 0.115580
0.504883 0.049505 0.113768
0.475926 0.079110 0.015686
0.491760 0.076840 0.075658
0.501150 0.082304 0.106126
0.501212 0.101447 0.107434
0.502546 0.104173 0.107426
0.489025 0.121966 0.048032
0.500518 0.108906 0.098036
0.503360 0.105685 0.107333
0.503554 0.108087 0.107436
0.508970 0.108077 0.107431
0.514537 0.105178 0.108428
0.513355 0.112635 0.091339
0.540249 0.108170 0.108331
0.551706 0.106025 0.109322
0.580082 0.108829 0.109939
0.580770 0.102229 0.113941
0.588931 0.110940 0.111277
0.608394 0.108195 0.108512
0.611453 0.102819 0.113760
0.642990 0.109901 0.112396
0.652742 0.109109 0.114392
0.675241 0.110847 0.112119
0.682898 0.110696 0.114371
0.704425 0.111314 0.114597
0.707074 0.110007 0.114846
0.716019 0.113115 0.113856
0.727975 0.112896 0.114523
0.724971 0.109638 0.113012
0.723015 0.105236 0.116249
0.730898 0.117210 0.091508
0.722073 0.113650 0.108991
0.722014 0.110390 0.114223
0.721123 0.103473 0.123957
0.715852 0.110418 0.116662
0.702732 0.111689 0.114654
0.709685 0.115584 0.092002
0.702792 0.116987 0.068999
0.688840 0.113433 0.092426
0.677062 0.113671 0.072921
0.673535 0.112774 0.096844
0.643564 0.115974 0.021844
0.635918 0.117356 0.020124
0.629359 0.110324 0.108410
0.600896 0.110720 0.108321
0.603895 0.105079 0.111096
0.568784 0.105961 0.107087
0.557046 0.104723 0.110108
0.536915 0.104398 0.107545
0.517489 0.103915 0.104771
0.510770 0.103260 0.108030
0.500440 0.103638 0.105848
0.499233 0.100892 0.106611
0.503384 0.097300 0.108877
0.498310 0.099696 0.107623
0.501135 0.096149 0.110138
0.501387 0.090730 0.110331
0.501294 0.089378 0.110085
0.496419 0.078832 0.106413
0.501221 0.071978 0.108933
0.496247 0.060600 0.107817
0.500949 0.054442 0.107580
0.498275 0.039946 0.107875
0.502851 0.035986 0.109885
0.499733 0.022280 0.113555
0.497370 0.009722 0.112136
0.499560 0.006788 0.109890
0.501112 0.004185 0.110893
0.499630 -0.001012 0.110998
0.504547 -0.000262 0.111753
0.501337 -0.001759 0.110313
0.497566 -0.008892 0.110631
0.502568 -0.002736 0.111633
0.506520 -0.005240 0.112887
0.511409 -0.002867 0.109390
0.517851 -0.000695 0.111644
0.529231 -0.005674 0.110033
0.538358 -0.000784 0.113286
0.563037 -0.001559 0.111925
0.566476 -0.002107 0.114178
0.579761 -0.001325 0.105077
0.597972 0.002291 0.112338
0.610220 -0.003203 0.115558
0.622208 -0.005760 0.040548
0.636729 -0.000837 0.113559
0.665642 0.002308 0.112857
0.673663 0.003638 0.113364
0.689822 -0.006369 0.043890
0.692482 0.001782 0.115161
0.705952 0.001941 0.116417
0.711245 0.003300 0.116931
0.720223 0.002791 0.119815
0.721207 -0.001169 0.121795
0.726475 0.005972 0.121971
0.725696 0.008645 0.118989
0.726449 0.008504 0.117872
0.722058 0.003120 0.120050
0.721404 0.001638 0.117035
0.721175 -0.002360 0.118497
0.723074 -0.014796 0.119034
0.723738 -0.018109 0.119257
0.723432 -0.020927 0.113154
0.722667 -0.032738 0.118039
0.724171 -0.038554 0.110790
0.724471 -0.047826 0.120704
0.722726 -0.064037 0.117631
0.721100 -0.068950 0.115825
0.720440 -0.074948 0.116249
0.719181 -0.080334 0.116190
0.719778 -0.087539 0.117666
0.719780 -0.090188 0.117891
0.720604 -0.092416 0.120882
0.719512 -0.091327 0.119387
0.718645 -0.093111 0.120880
0.718734 -0.093195 0.120379
0.713219 -0.093020 0.121369
0.715632 -0.095386 0.123110
0.698871 -0.094768 0.119272
0.702001 -0.095170 0.120786
0.669263 -0.093592 0.114883
0.672301 -0.097596 0.118863
0.655015 -0.093996 0.117006
0.657424 -0.097222 0.121489
0.646321 -0.093195 0.117999
0.608302 -0.090975 0.113057
0.611106 -0.094344 0.117288
0.585424 -0.090195 0.111433
0.572089 -0.096393 0.115721
0.554505 -0.102085 0.069820
0.544133 -0.095972 0.110720
0.547173 -0.098241 0.113216
0.531806 -0.099290 0.109638
0.528879 -0.096846 0.112644
0.522007 -0.099544 0.112446
0.522358 -0.095072 0.110477
0.516068 -0.094591 0.109446
0.518989 -0.095775 0.110697
0.514570 -0.096410 0.107342
0.517741 -0.098746 0.111592
0.518463 -0.096698 0.111851
