0.521063 -0.092005 0.108935
0.523359 -0.090443 0.107084
0.526501 -0.091342 0.108878
0.528882 -0.091373 0.107876
0.533003 -0.090205 0.106131
0.538671 -0.091079 0.108380
0.540463 -0.090463 0.107128
0.546927 -0.091981 0.109494
0.549953 -0.090126 0.107243
0.558563 -0.091131 0.109560
0.569269 -0.093049 0.111675
0.569894 -0.092451 0.111676
0.581001 -0.090942 0.111604
0.582192 -0.092252 0.113105
0.595331 -0.090789 0.110274
0.598938 -0.092168 0.112278
0.599648 -0.092658 0.108778
0.606803 -0.092385 0.109346
0.614099 -0.093809 0.111106
0.623331 -0.091479 0.110440
0.633683 -0.090380 0.110751
0.635995 -0.092951 0.112500
0.650973 -0.090668 0.113874
0.652683 -0.092585 0.115123
0.669592 -0.092881 0.111808
0.672904 -0.094285 0.115311
0.685319 -0.091506 0.115129
0.690525 -0.091510 0.113136
0.702822 -0.094576 0.117029
0.700690 -0.091999 0.114780
0.703150 -0.093275 0.114781
0.713892 -0.092056 0.114926
0.723092 -0.093123 0.116799
0.715798 -0.092971 0.115542
0.726610 -0.094536 0.117500
0.722522 -0.091317 0.115750
0.725447 -0.093354 0.117741
0.717577 -0.082962 0.110494
0.722335 -0.074045 0.114940
0.719986 -0.070189 0.113941
0.716367 -0.065081 0.113442
0.720050 -0.052336 0.110240
0.715742 -0.047806 0.109991
0.718975 -0.031742 0.095726
0.715284 -0.030313 0.109727
0.716764 -0.017323 0.107712
0.715511 -0.014942 0.108962
0.720659 -0.007986 0.108786
0.721739 0.006031 0.107074
0.721085 0.005313 0.107573
0.724399 0.009255 0.111099
0.723144 0.009403 0.110348
0.722256 0.013235 0.109047
0.722879 0.012505 0.109548
0.715257 0.013076 0.106787
0.715384 0.016410 0.108370
0.715335 0.011770 0.111983
0.714053 0.010561 0.111732
0.715565 0.014482 0.115708
0.707953 0.013598 0.113951
0.691443 0.010111 0.110868
0.682974 0.006016 0.109365
0.685530 0.004451 0.118593
0.676483 0.007327 0.110591
0.670411 0.004029 0.117912
0.663573 0.004525 0.114161
0.662820 0.004664 0.120043
0.646428 0.003983 0.109296
0.638173 -0.000364 0.110801
0.639784 0.000246 0.117362
0.624167 0.000332 0.117653
0.614133 0.002104 0.112907
0.607460 0.000264 0.116392
0.594821 0.003503 0.107148
0.590066 0.001378 0.114028
0.591801 0.000003 0.115777
0.574675 -0.000910 0.113625
0.566842 0.001869 0.109375
0.553432 0.000403 0.105316
0.548673 -0.000195 0.100808
0.535346 -0.000338 0.102271
0.533532 -0.001760 0.105011
0.527582 -0.000578 0.104554
0.526327 0.000706 0.105061
0.522914 -0.002957 0.109304
0.522101 0.005907 0.102143
0.518178 0.002650 0.105579
0.516006 0.006579 0.104123
0.512065 0.003513 0.106384
0.508043 0.007488 0.099429
0.507166 0.002335 0.107523
0.506798 0.009182 0.104903
0.501416 0.001822 0.108327
0.502714 0.008328 0.104727
0.499344 0.012044 0.106368
0.505958 0.017105 0.109038
0.504605 0.034151 0.106980
0.507898 0.039781 0.105914
0.502778 0.032477 0.112915
0.505595 0.044654 0.109069
0.496189 0.050172 0.105523
0.505771 0.066421 0.103903
0.501819 0.061666 0.110988
0.497386 0.078747 0.079289
0.490071 0.084139 0.077524
0.506376 0.102165 0.105351
0.498850 0.098234 0.110765
0.505142 0.115700 0.105230
0.500384 0.113442 0.112355
0.504539 0.123535 0.108026
0.498340 0.121743 0.112339
0.506610 0.121957 0.108154
0.502668 0.120394 0.113321
0.518870 0.119318 0.110888
0.510301 0.119647 0.107315
0.532424 0.120440 0.112234
0.528730 0.118603 0.117234
0.548072 0.119116 0.112863
0.544701 0.119347 0.116586
0.559989 0.114101 0.109232
0.555915 0.115063 0.112007
0.561784 0.115179 0.110793
0.568786 0.112691 0.110996
0.581670 0.111759 0.112126
0.584390 0.108426 0.114785
0.583401 0.114752 0.112390
0.596951 0.114243 0.111742
0.613186 0.111066 0.115244
0.612332 0.112464 0.114517
0.624081 0.111722 0.112313
0.624217 0.112637 0.114645
0.637324 0.112417 0.111962
0.637791 0.113593 0.113725
0.639441 0.112924 0.114223
0.651319 0.114989 0.114405
0.653778 0.113231 0.113647
0.661965 0.114447 0.113910
0.673903 0.112743 0.115709
0.673901 0.112052 0.116144
0.684353 0.112617 0.119208
0.686104 0.111116 0.117414
0.691777 0.112175 0.116455
0.657117 0.014848 0.113890
0.665260 0.015159 0.114679
0.667209 0.017550 0.112701
0.684300 0.018432 0.115967
0.688543 0.018283 0.113973
0.693398 0.019641 0.114849
0.696373 0.019794 0.114854
0.703108 0.019004 0.114464
0.505926 -0.089862 0.107489
0.508646 -0.084509 0.109255
0.509563 -0.089467 0.113920
0.507910 -0.086018 0.107175
0.514374 -0.085108 0.112512
0.517707 -0.086309 0.110264
0.517057 -0.088024 0.109993
0.524281 -0.085579 0.106258
0.525592 -0.086734 0.106651
0.534159 -0.084181 0.107666
0.533994 -0.089397 0.108612
0.547151 -0.087348 0.107630
0.553391 -0.091105 0.113896
0.560798 -0.088634 0.110158
0.567466 -0.092920 0.113300
0.576350 -0.088805 0.111064
0.583528 -0.092131 0.114349
0.590674 -0.087518 0.111862
0.598191 -0.090109 0.114080
0.600833 -0.088059 0.111335
0.611372 -0.089488 0.113406
0.611104 -0.088633 0.106658
0.628136 -0.087291 0.114851
0.627847 -0.085316 0.113357
0.644339 -0.084646 0.110828
0.647153 -0.084448 0.112081
0.661095 -0.085488 0.114081
0.663400 -0.085146 0.111834
0.673480 -0.083333 0.112665
0.677398 -0.082486 0.113922
0.686856 -0.085260 0.115906
0.690952 -0.082490 0.112918
0.699769 -0.085179 0.116623
0.700125 -0.083266 0.111627
0.704936 -0.082233 0.113347
0.707767 -0.084040 0.116599
0.712402 -0.084358 0.118238
0.711560 -0.081228 0.116991
0.717946 -0.084015 0.119995
0.713784 -0.081770 0.114494
0.713987 -0.080872 0.114745
0.714398 -0.079202 0.115850
0.712892 -0.074005 0.116105
0.714362 -0.055094 0.115345
0.713471 -0.048935 0.113353
0.713141 -0.034679 0.116121
0.718770 -0.037411 0.118632
0.715255 -0.017696 0.114651
0.721074 -0.019632 0.117435
0.715859 -0.005990 0.113195
0.715052 -0.001194 0.114679
0.716621 0.014146 0.113450
0.716629 0.015534 0.116237
0.714829 0.018421 0.113989
0.721595 0.016748 0.118013
0.714776 0.018338 0.114506
0.718828 0.017440 0.118214
0.713709 0.019128 0.116709
0.718267 0.016958 0.121215
0.707649 0.019265 0.119204
0.710307 0.015411 0.120497
0.695982 0.017949 0.117481
0.698029 0.015904 0.119961
0.681723 0.018739 0.118193
0.685188 0.015126 0.122435
0.669930 0.014727 0.121165
0.672304 0.015632 0.122105
0.646533 0.018445 0.113320
0.654512 0.020744 0.119414
0.627954 0.018732 0.111114
0.634902 0.020808 0.115882
0.612354 0.024597 0.110919
0.606765 0.024248 0.102662
0.610680 0.020552 0.115651
0.588371 0.023035 0.109581
0.576047 0.015363 0.111776
0.580429 0.019805 0.114403
0.558293 0.016222 0.108111
0.549267 0.020012 0.099352
0.541678 0.014473 0.107791
0.543039 0.016434 0.111270
0.546269 0.016250 0.118518
0.512531 0.017390 0.101102
0.514342 0.015830 0.106073
0.507597 0.012993 0.110900
0.510594 0.011401 0.112612
0.500419 0.016162 0.110602
0.502414 0.014961 0.107568
0.494642 0.017568 0.102153
0.497918 0.016950 0.104130
0.498443 0.020669 0.108856
0.504078 0.023515 0.110930
0.505194 0.029207 0.114741
0.504513 0.038147 0.110271
0.502604 0.046697 0.111630
0.504852 0.049224 0.111958
0.500446 0.056151 0.112348
0.504893 0.062243 0.112538
0.505221 0.065271 0.116877
0.502958 0.075216 0.114707
0.498122 0.082776 0.110974
0.503823 0.088397 0.113888
0.503367 0.090274 0.117510
0.502137 0.100984 0.116096
0.501012 0.106357 0.113478
0.503084 0.105912 0.114958
0.504428 0.108057 0.120241
0.502482 0.108515 0.112757
0.503145 0.109985 0.118024
0.506065 0.109728 0.111757
0.506419 0.112421 0.115470
0.513964 0.110794 0.108413
0.521190 0.113315 0.109040
0.531287 0.110381 0.108965
0.537814 0.113434 0.116380
0.544587 0.109755 0.109316
0.548093 0.114380 0.113477
0.553304 0.110664 0.115935
0.561891 0.111748 0.115303
0.566561 0.111616 0.110039
0.577280 0.111579 0.111156
0.580995 0.111088 0.110397
0.588040 0.111504 0.114405
0.594438 0.110457 0.114394
0.604254 0.112379 0.113582
0.603720 0.113663 0.110318
0.614681 0.114499 0.111884
0.620254 0.112680 0.108643
0.634109 0.113723 0.112770
0.639419 0.111655 0.112291
0.644319 0.111628 0.111019
0.654114 0.112043 0.111743
0.665263 0.113790 0.110796
0.671475 0.112972 0.113287
0.682358 0.112130 0.115200
0.685259 0.112249 0.115426
0.692869 0.110977 0.117193
0.692948 0.113010 0.114597
0.699519 0.109718 0.116545
0.700187 0.113491 0.114097
0.705914 0.112107 0.116867
0.708322 0.109222 0.119755
0.710514 0.109715 0.119327
0.707973 0.109726 0.117097
0.707374 0.110909 0.117286
0.709044 0.111366 0.117376
0.707101 0.112043 0.118608
0.704972 0.114707 0.116654
0.699072 0.114041 0.114758
0.696504 0.112711 0.115971
0.697926 0.110129 0.119627
0.692151 0.110926 0.118286
0.689050 0.111133 0.119813
0.676395 0.110229 0.117082
0.665848 0.110392 0.114190
0.654423 0.108905 0.114962
0.649391 0.110835 0.112391
0.637672 0.107735 0.113245
0.630979 0.108356 0.112280
0.627711 0.107449 0.113696
0.614109 0.105827 0.112205
0.615990 0.104025 0.117870
0.596535 0.105504 0.111479
0.588793 0.105035 0.106853
0.582103 0.105178 0.112677
0.572663 0.105762 0.112121
0.565404 0.105620 0.110951
0.560795 0.106603 0.106181
0.550918 0.105295 0.113602
0.536810 0.106768 0.109323
0.531912 0.105570 0.107670
0.521898 0.105463 0.108321
0.518010 0.103938 0.107667
0.519583 0.102289 0.114385
0.505785 0.104263 0.107898
0.501218 0.104057 0.107662
0.502137 0.104991 0.110125
0.503523 0.102888 0.114071
0.504945 0.101311 0.114361
0.498946 0.102164 0.112567
0.503076 0.091077 0.110579
0.500613 0.090207 0.112347
0.501251 0.081879 0.112513
0.500235 0.077519 0.115799
0.503263 0.064873 0.114109
0.504561 0.058237 0.113177
0.506858 0.057749 0.108929
0.508597 0.047980 0.109718
0.511228 0.046344 0.111974
0.505718 0.036398 0.108469
0.507276 0.032676 0.107473
0.506259 0.024553 0.105432
0.509336 0.021062 0.108924
0.510508 0.014307 0.113004
0.511199 0.017315 0.108518
0.510798 0.011269 0.111917
0.509413 0.010456 0.110163
0.511152 0.008738 0.107006
0.518401 0.012473 0.108030
0.519129 0.010258 0.107457
0.521905 0.013010 0.104976
0.529156 0.007612 0.105798
0.535426 0.011588 0.106327
0.536972 0.010493 0.104670
0.550277 0.007278 0.103645
0.560391 0.011451 0.109189
0.565090 0.013903 0.109214
0.577499 0.012458 0.110358
0.585214 0.010161 0.112190
0.588757 0.011945 0.110959
0.600992 0.009541 0.116485
0.603244 0.012573 0.111767
0.618440 0.014427 0.111059
0.621503 0.012595 0.114040
0.632549 0.013297 0.112552
0.636964 0.014904 0.112320
0.653773 0.015414 0.113042
0.656181 0.014693 0.115287
0.672020 0.014614 0.113342
0.681153 0.016732 0.115364
0.696953 0.014658 0.119655
0.696656 0.016817 0.114419
0.704995 0.018226 0.115266
0.708004 0.017370 0.113762
0.712355 0.017895 0.117268
0.714442 0.018127 0.117163
0.716600 0.017220 0.116831
0.717121 0.014205 0.114815
