0.504033 -0.083446 0.018736
0.503734 -0.083181 0.017970
0.505311 -0.084413 0.016970
0.503212 -0.083842 0.015832
0.503118 -0.084856 0.017694
0.503282 -0.083947 0.017696
0.504883 -0.084367 0.018121
0.503932 -0.084200 0.017620
0.503685 -0.083974 0.016068
0.503645 -0.083971 0.015568
0.503726 -0.084089 0.017351
0.503417 -0.085033 0.016160
0.504330 -0.085199 0.016160
0.505215 -0.085366 0.016625
0.504144 -0.085193 0.014624
0.503266 -0.085149 0.017044
0.503205 -0.085147 0.016294
0.503891 -0.086342 0.017257
0.504821 -0.086509 0.017507
0.505010 -0.086564 0.017264
0.506049 -0.085819 0.016765
0.504013 -0.086511 0.015897
0.503453 -0.084521 0.016147
0.503496 -0.084806 0.017057
0.503615 -0.084835 0.017071
0.504361 -0.085911 0.017071
0.504255 -0.085939 0.017207
0.505020 -0.087015 0.017457
0.505082 -0.087097 0.017412
0.504461 -0.085111 0.016912
0.505486 -0.085527 0.017212
0.504495 -0.085358 0.016212
0.505524 -0.085657 0.016672
0.505563 -0.085659 0.017172
0.504242 -0.083535 0.018618
0.505943 -0.084635 0.018402
0.504124 -0.083384 0.016403
0.504146 -0.084124 0.016922
0.504126 -0.084123 0.016672
0.504140 -0.083955 0.016222
0.506955 -0.084455 0.017222
0.504438 -0.083891 0.018407
0.504356 -0.083884 0.017407
0.505021 -0.085723 0.017937
0.504438 -0.083485 0.016969
0.503972 -0.085324 0.016206
0.503205 -0.085162 0.017956
0.503913 -0.085238 0.017172
0.505585 -0.086486 0.017422
0.503426 -0.087964 0.017422
0.504395 -0.087386 0.018650
0.503307 -0.087641 0.017482
0.505337 -0.087072 0.017981
0.504202 -0.087209 0.016794
0.506121 -0.087548 0.018044
0.504597 -0.085642 0.017190
0.505508 -0.085811 0.017190
0.504679 -0.085645 0.016818
0.504659 -0.085644 0.016568
0.505499 -0.086834 0.016678
0.504758 -0.085684 0.016382
0.504678 -0.085679 0.015382
0.505441 -0.086762 0.015632
0.503842 -0.085595 0.016526
0.504755 -0.085765 0.016526
0.504837 -0.085784 0.017281
0.503864 -0.085611 0.016531
0.505127 -0.084752 0.017748
0.503967 -0.085506 0.017439
0.505578 -0.085768 0.016313
0.504626 -0.085596 0.015813
0.506279 -0.086805 0.016546
0.504565 -0.085552 0.015797
0.505489 -0.085630 0.017291
0.504539 -0.085458 0.016791
0.504237 -0.086395 0.017132
0.504958 -0.087474 0.016882
0.505059 -0.086559 0.017517
0.503425 -0.090024 0.017018
0.503515 -0.088535 0.016275
0.508048 -0.091191 0.020524
0.609896 -0.085717 0.017176
0.608221 -0.084380 0.015927
0.607397 -0.085107 0.016834
0.609459 -0.085573 0.017716
0.607642 -0.085138 0.017466
0.609623 -0.085578 0.017832
0.610574 -0.085796 0.018582
0.609684 -0.085707 0.017484
0.607867 -0.085273 0.017234
0.608369 -0.084365 0.016945
0.608171 -0.085264 0.017195
0.608534 -0.084395 0.015991
0.606814 -0.084223 0.015235
0.608517 -0.085563 0.016735
0.607564 -0.085625 0.015205
0.607797 -0.084724 0.015455
0.607907 -0.084995 0.016355
0.608156 -0.084097 0.016856
0.608083 -0.084424 0.016753
0.609023 -0.084634 0.017253
0.608082 -0.084691 0.016916
0.608798 -0.085798 0.017166
0.608172 -0.084920 0.017636
0.608318 -0.084015 0.016886
0.608247 -0.084907 0.016853
0.608467 -0.084079 0.016577
0.609169 -0.085183 0.016577
0.607623 -0.083879 0.015777
0.607759 -0.083892 0.017527
0.608754 -0.084167 0.017373
0.607976 -0.083057 0.016374
0.607809 -0.083863 0.017061
0.607829 -0.083864 0.017311
0.607780 -0.083881 0.017502
0.607702 -0.083874 0.016502
0.607697 -0.084678 0.016405
0.608040 -0.083758 0.016536
0.607896 -0.084664 0.017286
0.609002 -0.083928 0.018760
0.609737 -0.085031 0.019260
0.608531 -0.084812 0.016283
0.608715 -0.083909 0.016033
0.607909 -0.083715 0.017283
0.608695 -0.084827 0.018011
0.607893 -0.084413 0.017474
0.610485 -0.085933 0.018724
0.607891 -0.084089 0.015647
0.609679 -0.085418 0.018148
0.607917 -0.083940 0.016810
0.609629 -0.085275 0.017622
0.607944 -0.083943 0.016372
0.608586 -0.085084 0.016423
0.607763 -0.084875 0.017423
0.607691 -0.084905 0.016469
0.607651 -0.084902 0.015969
0.607585 -0.084895 0.015969
0.608761 -0.084215 0.016718
0.607552 -0.084568 0.016233
0.608710 -0.083890 0.016732
0.608341 -0.084811 0.016412
0.610895 -0.086371 0.017412
0.608163 -0.085698 0.016742
0.608104 -0.085696 0.015992
0.607340 -0.085251 0.016945
0.608181 -0.085470 0.016194
0.608245 -0.085173 0.016238
0.609838 -0.086521 0.016488
0.608026 -0.085821 0.017121
0.609828 -0.086347 0.016837
0.606197 -0.085426 0.016341
0.605716 -0.087219 0.016093
0.607636 -0.087560 0.016611
0.605758 -0.087096 0.015613
0.606926 -0.086688 0.016575
0.714330 -0.093156 0.014696
0.713478 -0.092626 0.013679
0.717906 -0.094128 0.014141
0.713035 -0.093024 0.013818
0.716710 -0.093367 0.014553
0.713806 -0.093168 0.014072
0.718150 -0.093531 0.016640
0.712710 -0.092605 0.013245
0.716840 -0.091612 0.016802
0.713176 -0.091388 0.014274
0.713617 -0.090585 0.014276
0.712699 -0.091200 0.014111
0.713682 -0.089569 0.015622
0.711643 -0.090089 0.014745
0.715913 -0.089984 0.016566
0.711703 -0.090218 0.014726
0.712963 -0.087709 0.016496
0.712681 -0.088516 0.015854
0.712238 -0.087336 0.016598
0.711145 -0.087538 0.016995
0.710919 -0.087912 0.016783
0.711238 -0.087051 0.017041
0.710964 -0.087153 0.015702
0.713672 -0.087994 0.016743
0.711217 -0.086264 0.016232
0.711128 -0.086255 0.015231
0.714491 -0.088187 0.016525
0.711275 -0.086124 0.015874
0.712798 -0.088082 0.016908
0.710448 -0.086044 0.014545
0.710739 -0.085162 0.015304
0.710514 -0.086050 0.015296
0.709864 -0.085177 0.015182
0.710758 -0.085393 0.015193
0.713796 -0.086473 0.017350
0.710994 -0.085841 0.015818
0.710233 -0.086822 0.015778
0.709814 -0.085085 0.016053
0.710795 -0.085287 0.017064
0.712820 -0.085824 0.017354
0.711114 -0.084543 0.016093
0.713903 -0.085961 0.017607
0.710647 -0.085287 0.017569
0.710524 -0.085280 0.016067
0.708883 -0.085029 0.015137
0.708905 -0.085030 0.015387
0.709327 -0.084295 0.016608
0.708229 -0.085017 0.016347
0.711568 -0.085709 0.016539
0.712336 -0.086780 0.017041
0.708343 -0.085313 0.015324
0.711968 -0.086885 0.017594
0.712509 -0.087018 0.018443
0.708605 -0.084842 0.015430
0.709510 -0.085004 0.015435
0.710963 -0.086256 0.016942
0.711963 -0.086415 0.018197
0.711118 -0.085601 0.017069
0.707375 -0.084971 0.015552
0.712001 -0.085859 0.017433
0.708240 -0.085236 0.015666
0.708198 -0.085235 0.015166
0.710914 -0.085932 0.016477
0.708000 -0.085833 0.015957
0.712764 -0.086579 0.018975
0.707058 -0.085340 0.014821
0.709168 -0.084729 0.016581
0.708892 -0.085001 0.014762
0.711618 -0.086335 0.016516
0.706721 -0.084729 0.014927
0.710563 -0.085296 0.017436
0.708432 -0.085158 0.015977
0.707469 -0.084174 0.016205
0.707307 -0.085079 0.015953
0.707286 -0.085079 0.015703
0.710001 -0.086411 0.016071
0.708344 -0.085228 0.016321
0.708404 -0.085240 0.016658
0.708233 -0.085236 0.014658
0.706488 -0.085240 0.015809
0.706758 -0.084338 0.017312
0.710364 -0.086287 0.018530
0.707577 -0.085417 0.016225
0.706753 -0.084378 0.015727
0.706755 -0.083856 0.014897
0.706807 -0.084775 0.016895
0.709595 -0.085158 0.017647
0.706905 -0.084201 0.016610
0.705864 -0.084256 0.015070
0.709537 -0.085662 0.016819
0.705982 -0.084523 0.015749
0.708509 -0.086710 0.016246
0.704999 -0.002622 0.019077
0.704491 0.000019 0.018281
0.705800 -0.002607 0.019329
0.704607 0.000470 0.016849
0.705336 -0.000202 0.017860
0.704850 -0.000258 0.016749
0.704798 -0.000258 0.016250
0.704814 -0.001068 0.017022
0.704633 -0.000620 0.016416
0.704710 -0.000621 0.017166
0.704558 -0.000143 0.015829
0.704635 -0.000145 0.016579
0.704737 -0.000147 0.017579
0.704768 -0.000990 0.017101
0.706547 -0.002759 0.017561
0.706498 -0.002759 0.017061
0.705191 0.000116 0.015971
0.705205 -0.001178 0.016732
0.705808 -0.000497 0.017007
0.705535 -0.000397 0.016450
0.706802 -0.003041 0.017469
0.705704 -0.000209 0.017855
0.705606 -0.000202 0.016855
0.706145 -0.000688 0.017580
0.705974 -0.003262 0.017093
0.704852 -0.000642 0.016987
0.705849 -0.003047 0.017261
0.705369 -0.001090 0.018003
0.705798 -0.002911 0.017965
0.706364 -0.003584 0.017468
0.704610 0.000039 0.017942
0.705151 -0.000629 0.017195
0.704976 -0.000730 0.017212
0.705913 -0.003464 0.017972
0.705236 -0.001494 0.016718
0.705702 -0.000869 0.016898
0.705583 -0.000858 0.015647
0.706145 -0.001565 0.017207
0.705246 -0.000994 0.017299
0.706674 -0.004518 0.018923
0.705982 -0.001258 0.016922
0.705193 -0.000729 0.015650
0.707358 -0.004145 0.019144
0.705422 -0.000835 0.017642
0.705274 -0.000979 0.017289
0.707199 -0.002999 0.018040
0.705144 -0.001085 0.016687
0.705498 -0.000655 0.016612
0.708291 -0.003370 0.020113
0.705442 -0.000877 0.016912
0.706108 -0.001554 0.017412
0.707670 -0.004327 0.019852
0.705631 -0.002303 0.017851
0.705495 -0.001103 0.016630
0.704715 -0.000458 0.016634
0.706055 -0.000516 0.017135
0.704556 -0.000622 0.016845
0.705826 -0.000669 0.016595
0.706559 -0.002649 0.018344
0.705757 -0.000843 0.016599
0.705803 -0.000850 0.017099
0.706182 -0.001629 0.017673
0.705491 -0.000950 0.016924
0.707522 -0.003004 0.018951
0.706076 -0.001641 0.016702
0.705362 0.000235 0.016758
0.705387 -0.000986 0.016430
0.706750 -0.001045 0.017181
0.705942 -0.000475 0.016901
0.706655 -0.001158 0.017901
0.705930 0.000625 0.016847
0.705953 0.000536 0.017557
0.705790 -0.000734 0.016306
0.705732 0.001760 0.017103
0.707704 -0.002852 0.019351
0.606212 0.000614 0.016910
0.606763 0.001325 0.017455
0.607517 0.000608 0.018955
0.606572 0.001491 0.016953
0.606517 0.000189 0.016703
0.607347 0.000767 0.018703
0.607173 0.000750 0.018569
0.609020 -0.001143 0.019683
0.608271 -0.000434 0.018183
0.607916 -0.001696 0.018534
0.607285 0.001607 0.017787
0.606624 0.001061 0.017961
0.606605 0.001069 0.017711
0.609060 -0.001687 0.018573
0.607699 0.000999 0.017076
0.606815 -0.001022 0.016792
0.606950 0.001567 0.017794
0.606797 0.001546 0.018166
0.607248 0.001006 0.017572
0.605965 0.001079 0.018260
0.607938 -0.000946 0.019008
0.605880 0.001152 0.016878
0.606589 0.001774 0.017378
0.607343 0.001165 0.017135
0.606684 0.001843 0.016885
0.606713 0.000546 0.017117
0.607481 0.001044 0.017769
0.608794 -0.000309 0.018268
0.607600 0.000974 0.018262
0.608930 -0.000385 0.019012
0.606967 0.001636 0.017246
0.608455 0.000357 0.017983
0.607084 0.001734 0.016733
0.607179 0.001735 0.017466
0.606548 0.001084 0.017966
0.605868 0.001720 0.018555
0.607779 -0.000286 0.018555
0.605845 0.001687 0.018473
0.607699 -0.000299 0.017723
0.607671 -0.000336 0.018344
0.607665 0.000982 0.017844
0.605769 0.001802 0.017510
0.607753 0.001085 0.018011
0.609053 -0.001630 0.020185
0.609598 -0.000983 0.019390
0.606956 0.001721 0.018140
0.607240 0.001108 0.016617
0.606637 0.001761 0.017118
0.607306 0.001084 0.018804
0.609277 -0.000931 0.019554
0.606497 0.001815 0.017055
0.609203 -0.000907 0.019054
0.607791 0.000626 0.017742
0.607783 -0.000686 0.017991
0.606933 0.001334 0.017309
0.609666 -0.000081 0.019309
0.607374 0.001853 0.018272
0.609361 -0.001479 0.019519
0.609046 -0.000175 0.019028
0.607672 0.001190 0.017779
0.608149 0.000551 0.018086
0.607433 0.001244 0.017086
0.607669 0.000481 0.017226
0.606878 0.001178 0.018183
0.607451 0.000544 0.017182
0.608202 0.001151 0.018434
0.607983 -0.000172 0.018859
0.607161 0.000493 0.018547
0.607148 -0.000812 0.018544
0.507267 -0.001439 0.018013
0.507287 -0.001444 0.018263
0.509656 -0.002773 0.019142
0.508713 -0.001888 0.017818
0.508726 -0.003206 0.018315
0.507520 -0.001887 0.019315
0.509846 -0.003294 0.019707
0.509180 -0.003934 0.019704
0.509472 -0.003376 0.019612
0.506742 -0.002061 0.018644
0.507349 -0.001405 0.017896
0.507882 -0.002078 0.017920
0.507823 -0.002065 0.017170
0.507909 -0.002077 0.018943
0.507167 -0.001389 0.017693
0.507081 -0.001454 0.017632
0.507121 -0.001463 0.018132
0.509160 -0.002161 0.018894
0.507831 -0.002133 0.018643
0.507827 -0.002208 0.018643
0.508395 -0.001544 0.017394
0.507736 -0.002287 0.017888
0.507802 -0.002265 0.017197
0.509296 -0.002484 0.018236
0.507885 -0.002438 0.016987
0.507274 -0.001927 0.017519
0.507918 -0.002595 0.017519
0.506770 -0.001263 0.017540
0.507454 -0.001940 0.018040
0.507378 -0.002042 0.017832
0.507961 -0.002699 0.017082
0.507311 -0.002041 0.017104
0.508114 -0.002741 0.019103
0.507970 -0.001545 0.017393
0.507990 -0.001549 0.017643
0.507308 -0.002199 0.017635
0.507293 -0.002029 0.017082
0.508645 -0.002066 0.017582
0.509158 -0.002681 0.018549
0.507895 -0.001350 0.018799
0.507227 -0.001989 0.018799
0.507165 -0.001801 0.017347
0.508972 -0.002591 0.017812
0.507845 -0.001291 0.019812
0.506965 -0.001963 0.018257
0.508197 -0.001973 0.017258
0.507686 -0.001305 0.019008
0.506919 -0.001923 0.017758
0.508294 -0.001777 0.018152
0.507607 -0.002414 0.017901
0.509595 -0.003210 0.019233
0.507610 -0.001199 0.018483
0.507966 -0.001939 0.017583
0.508005 -0.001947 0.018083
0.507321 -0.001308 0.018513
0.507925 -0.001966 0.018013
0.508618 -0.002531 0.018283
0.507970 -0.003176 0.018533
0.506877 0.101357 0.016006
0.507601 0.100639 0.017261
0.507369 0.101103 0.017085
0.505776 0.101440 0.016754
0.505795 0.101434 0.017004
0.506999 0.101681 0.017808
0.507017 0.101675 0.018058
0.507355 0.101327 0.017439
0.506036 0.101383 0.017433
0.509888 0.100122 0.019312
0.510054 0.098274 0.018205
0.506159 0.101082 0.017448
0.510199 0.099769 0.019344
0.506811 0.101927 0.016839
0.507396 0.101400 0.017586
0.508695 0.100021 0.018086
0.506720 0.100754 0.018341
0.508685 0.098688 0.019342
0.506693 0.100824 0.017983
0.507282 0.101478 0.016735
0.508105 0.100857 0.018442
0.506945 0.100860 0.019917
0.506140 0.101587 0.017666
0.508792 0.100146 0.018667
0.510258 0.098949 0.019345
0.510241 0.098953 0.019095
0.506893 0.101130 0.017476
0.506902 0.101243 0.016828
0.506882 0.101247 0.016578
0.506881 0.101318 0.017308
0.506842 0.101328 0.016808
0.510202 0.099187 0.018807
0.507574 0.101917 0.018021
0.506821 0.101277 0.017465
0.510860 0.098447 0.020214
0.506699 0.101281 0.017644
0.507273 0.100610 0.016893
0.505943 0.100615 0.016823
0.509305 0.098478 0.018821
0.507367 0.100487 0.017783
0.508723 0.099101 0.019032
0.508871 0.099115 0.019111
0.510132 0.098961 0.018993
0.506813 0.101088 0.017494
0.506922 0.101055 0.017480
0.506961 0.101046 0.017980
0.506998 0.101043 0.018509
0.506936 0.101140 0.017585
0.506994 0.101126 0.018335
0.506948 0.101116 0.018604
0.509596 0.099681 0.019603
0.506808 0.101185 0.016933
0.508894 0.098987 0.019445
0.506946 0.101045 0.018695
0.505455 0.101061 0.017241
0.506772 0.101007 0.017240
0.506639 0.101032 0.016752
0.508013 0.100964 0.017501
0.510002 0.098974 0.018845
0.507289 0.101754 0.016345
0.507313 0.101846 0.017031
0.607026 0.100395 0.018854
0.607069 0.101165 0.019088
0.606341 0.100564 0.017824
0.610749 0.097906 0.021335
0.606162 0.101391 0.017967
0.607195 0.100593 0.018030
0.607760 0.100683 0.019108
0.607735 0.100696 0.018607
0.606738 0.100932 0.017739
0.609342 0.098194 0.019284
0.608025 0.101508 0.019324
0.607281 0.100912 0.018065
0.609265 0.097522 0.020596
0.607072 0.100188 0.018075
0.607762 0.100813 0.018333
0.608128 0.100775 0.019405
0.607644 0.101575 0.018053
0.607601 0.100267 0.018052
0.607273 0.100927 0.017941
0.607461 0.100913 0.017776
0.606817 0.100267 0.018271
0.607694 0.100711 0.020260
0.606902 0.100130 0.018504
0.607179 0.100229 0.019550
0.607111 0.100257 0.018549
0.606490 0.100915 0.018469
0.607817 0.100863 0.018724
0.607087 0.100211 0.016707
0.606555 0.100876 0.017693
0.606573 0.100869 0.017943
0.608421 0.098851 0.018941
0.607126 0.101541 0.017941
0.607296 0.100081 0.018621
0.607278 0.100088 0.018371
0.609771 0.097300 0.020022
0.607104 0.101379 0.017522
0.607133 0.100009 0.017843
0.607192 0.101312 0.018095
0.607741 0.100518 0.017980
0.607794 0.100497 0.018730
0.610328 0.097715 0.020798
0.607017 0.101139 0.018799
0.609661 0.098400 0.020298
0.609588 0.098196 0.020548
0.611526 0.095987 0.022909
0.608117 0.100754 0.018914
0.609352 0.097777 0.020177
0.607989 0.101808 0.017933
0.610321 0.097544 0.020056
0.608688 0.100113 0.019300
0.612042 0.096694 0.021797
0.712296 0.111354 0.015984
0.714384 0.107983 0.018234
0.712593 0.111442 0.016649
0.711978 0.112076 0.017149
0.711909 0.111977 0.017820
0.715261 0.108634 0.019569
0.712080 0.112094 0.017649
0.714034 0.108819 0.017897
0.712554 0.111367 0.016556
0.713930 0.108704 0.017805
0.712604 0.111370 0.016533
0.715343 0.108659 0.018781
0.712805 0.111507 0.016785
0.714980 0.109582 0.018826
0.712938 0.111606 0.017328
0.712266 0.110948 0.017479
0.711670 0.111568 0.018229
0.712270 0.112248 0.017480
0.712396 0.112252 0.017997
0.714992 0.108431 0.018675
0.712354 0.111074 0.017926
0.712368 0.111248 0.016912
0.712403 0.111226 0.017412
0.712324 0.111188 0.017595
0.712316 0.111321 0.017286
0.711738 0.111930 0.018286
0.712265 0.111460 0.016803
0.714306 0.108140 0.018302
0.712192 0.111487 0.016929
0.712210 0.111476 0.017179
0.712157 0.111481 0.017024
0.712840 0.110806 0.017524
0.711654 0.110711 0.017285
0.712324 0.111346 0.017535
0.712390 0.111320 0.017321
0.712425 0.111298 0.017821
0.713817 0.108571 0.019534
0.712070 0.111954 0.018169
0.712716 0.111299 0.018170
0.710693 0.109419 0.017590
0.712703 0.107416 0.018590
0.711113 0.109822 0.017271
0.711821 0.110436 0.018021
0.712641 0.111275 0.017803
0.712607 0.111298 0.017303
0.711905 0.111798 0.018062
0.713831 0.108369 0.018791
0.711794 0.111696 0.017292
0.712497 0.111133 0.017956
0.713189 0.109147 0.018706
0.713227 0.110587 0.016765
0.711887 0.110618 0.016266
0.712118 0.110734 0.016918
0.711469 0.111390 0.016918
0.710745 0.110623 0.017338
0.713363 0.109292 0.017587
0.713380 0.111707 0.018350
