0.558488 -0.139315 0.312858
0.559723 -0.138254 0.313596
0.560129 -0.137230 0.312961
0.561480 -0.135262 0.313672
0.563516 -0.132789 0.315542
0.565272 -0.131069 0.315783
0.565635 -0.129874 0.315678
0.569660 -0.124277 0.318236
0.572090 -0.121377 0.318568
0.576048 -0.114685 0.317166
0.579171 -0.109524 0.316270
0.581466 -0.105738 0.315469
0.585850 -0.100105 0.313248
0.588524 -0.096420 0.311051
0.594235 -0.089217 0.309551
0.598455 -0.083916 0.308899
0.596649 -0.065465 0.253740
0.602466 -0.063729 0.268287
0.608103 -0.060389 0.278957
0.622948 -0.050304 0.296938
0.631607 -0.043690 0.302891
0.634628 -0.041731 0.304956
0.643515 -0.032301 0.306281
0.649310 -0.026426 0.305356
0.656508 -0.019560 0.304695
0.656179 0.012185 0.215935
0.657775 0.017986 0.203819
0.663713 0.014900 0.232320
0.676091 0.015631 0.270192
0.683622 0.020866 0.282672
0.694950 0.028199 0.298159
0.704105 0.036047 0.303021
0.716567 0.045576 0.307698
0.720172 0.048243 0.309213
0.726355 0.071239 0.252628
0.741797 0.087498 0.236286
0.748501 0.105346 0.196919
0.754772 0.099794 0.226294
0.762555 0.120778 0.163444
0.762739 0.123011 0.144783
0.761763 0.124379 0.132141
0.762587 0.096883 0.214448
0.757673 0.091022 0.216024
0.737022 0.063150 0.262533
0.700640 0.046477 0.237638
0.688143 0.028353 0.272278
0.682821 0.020670 0.283765
0.673187 0.008760 0.300142
0.632044 0.007002 0.212513
0.618391 -0.005536 0.221722
0.586501 -0.014641 0.170347
0.565638 -0.023166 0.143493
0.548704 -0.032980 0.128966
0.540619 -0.039200 0.124754
0.544164 -0.059462 0.178054
0.545450 -0.075821 0.217079
0.535161 -0.114647 0.245154
0.529276 -0.143038 0.267076
0.501658 -0.171030 0.217374
0.483727 -0.188386 0.182638
0.474211 -0.192645 0.158307
0.473043 -0.185996 0.129365
0.477162 -0.176632 0.121630
0.496940 -0.170158 0.176752
0.523677 -0.158559 0.245636
0.521628 -0.147650 0.207932
0.541429 -0.141240 0.263825
0.548121 -0.138614 0.281691
0.546023 -0.124390 0.235151
0.554235 -0.123470 0.260875
0.563433 -0.108541 0.250072
0.576027 -0.108180 0.287554
0.572894 -0.095946 0.239802
0.580733 -0.095815 0.264619
0.586482 -0.096059 0.282837
0.597375 -0.091447 0.304770
0.606964 -0.084967 0.316803
0.612833 -0.080075 0.320957
0.620842 -0.075716 0.326560
0.627909 -0.069045 0.327723
0.640076 -0.058593 0.329674
0.644231 -0.054870 0.329980
0.649981 -0.050154 0.330782
0.655798 -0.046405 0.331399
0.658576 -0.042531 0.329638
0.662643 -0.037709 0.328591
0.671016 -0.030075 0.326874
0.683960 -0.019638 0.324884
0.690669 -0.014868 0.323715
0.700520 -0.007816 0.322581
0.708082 -0.002769 0.321476
0.713787 0.001909 0.321747
0.716445 0.003256 0.322211
0.722862 0.008939 0.321122
0.726376 0.011907 0.319887
0.729726 0.014980 0.319216
0.735553 0.019407 0.318961
0.737815 0.021955 0.319028
0.741303 0.025180 0.318884
0.746920 0.029559 0.318514
0.749142 0.031196 0.318265
0.753234 0.033897 0.316610
0.753724 0.034857 0.315353
0.750699 0.049478 0.256928
0.746655 0.051782 0.241690
0.731953 0.046853 0.230331
0.713738 0.052346 0.170122
0.708507 0.040285 0.198671
0.687320 0.037655 0.155110
0.668228 0.032834 0.133348
0.658830 0.016393 0.165272
0.663487 -0.001834 0.241882
0.646874 -0.001947 0.206209
0.623176 -0.005687 0.161893
0.604718 -0.016210 0.147808
0.578653 -0.034819 0.130040
0.562206 -0.046534 0.120821
0.555851 -0.051443 0.117664
0.541661 -0.065790 0.114577
0.556099 -0.075329 0.175414
0.542005 -0.083696 0.156472
0.546761 -0.099815 0.205846
0.543510 -0.121439 0.241335
0.535027 -0.163204 0.299087
0.532346 -0.177463 0.314495
0.530156 -0.182487 0.318654
0.527066 -0.191278 0.326041
0.525868 -0.195928 0.328736
0.525020 -0.205253 0.331130
0.525138 -0.208127 0.331815
0.525003 -0.211823 0.331397
0.528031 -0.215759 0.330571
0.530682 -0.216765 0.328629
0.534299 -0.212435 0.328172
0.537801 -0.198350 0.294023
0.546580 -0.190335 0.304006
0.560864 -0.175838 0.315802
0.570891 -0.165529 0.322498
0.578181 -0.158293 0.326411
0.581415 -0.155486 0.327952
0.587147 -0.150318 0.329943
0.594425 -0.143130 0.331321
0.603892 -0.134211 0.331669
0.607141 -0.132600 0.332144
0.612820 -0.126209 0.330823
0.616072 -0.122840 0.330029
0.619583 -0.118527 0.328911
0.623892 -0.113922 0.328701
0.631927 -0.106237 0.328054
0.634238 -0.091472 0.283590
0.642739 -0.088410 0.303642
0.651356 -0.082109 0.312865
0.654163 -0.080616 0.316160
0.658223 -0.076687 0.318833
0.665917 -0.069554 0.321460
0.670105 -0.065948 0.322439
0.678730 -0.059050 0.323757
0.689242 -0.049664 0.323866
0.692253 -0.048210 0.324666
0.699968 -0.041964 0.324434
0.704814 -0.037445 0.323191
0.714099 -0.030717 0.322646
0.718489 -0.026913 0.321633
0.723819 -0.022957 0.321506
0.728887 -0.019704 0.323017
0.749762 0.001821 0.301256
0.753070 0.001669 0.308244
0.763026 0.032988 0.239633
0.765514 0.056839 0.171214
0.766930 0.055456 0.181633
0.766809 0.062835 0.158689
0.755082 0.063762 0.123543
0.748656 0.060282 0.118810
0.728814 0.050126 0.112212
0.697863 0.031065 0.109587
0.687760 0.022626 0.109472
0.658358 0.001770 0.111723
0.651286 -0.004758 0.112303
0.628667 -0.021633 0.111378
0.617176 -0.028763 0.110713
0.605408 -0.037324 0.110948
0.595967 -0.044989 0.111333
0.585958 -0.052929 0.112024
0.561491 -0.073003 0.110010
0.549044 -0.082087 0.108710
0.534739 -0.092887 0.107070
0.522048 -0.104002 0.105170
0.510063 -0.114824 0.103147
0.499195 -0.127262 0.102272
0.489632 -0.137651 0.101367
0.504646 -0.149072 0.163359
0.516185 -0.159321 0.209082
0.497921 -0.173840 0.177312
0.509568 -0.183538 0.220170
0.519107 -0.189922 0.250658
0.516193 -0.158898 0.161588
0.515847 -0.153387 0.146395
0.521135 -0.139743 0.136736
0.548781 -0.123756 0.186164
0.552708 -0.109136 0.165915
0.573630 -0.098349 0.201681
0.588241 -0.095505 0.239129
0.599431 -0.093498 0.266725
0.615738 -0.077606 0.265251
0.622497 -0.076354 0.283867
0.634605 -0.072061 0.307191
0.643872 -0.066403 0.318257
0.642145 -0.047570 0.262361
0.644759 -0.030105 0.221421
0.648413 -0.015131 0.190638
0.651787 -0.003549 0.168208
0.662965 0.017170 0.141121
0.669094 0.025705 0.132637
0.686072 0.030903 0.161984
0.694807 0.044725 0.137745
0.701336 0.051863 0.130039
0.708223 0.058670 0.124465
0.715737 0.046966 0.176512
0.729898 0.068863 0.143129
0.735800 0.077438 0.132744
0.741256 0.084558 0.124552
0.759051 0.102175 0.109766
0.763707 0.105227 0.106945
0.768252 0.109107 0.104936
0.774431 0.114536 0.102914
0.776663 0.097552 0.160841
0.782733 0.107663 0.143069
0.789754 0.117580 0.118559
0.773161 0.109221 0.108359
0.760742 0.098447 0.108796
