0.563512 -0.129306 0.381626
0.566182 -0.122494 0.380117
0.567002 -0.123184 0.381368
0.569735 -0.123832 0.381120
0.569986 -0.119375 0.380273
0.572375 -0.121003 0.378526
0.574854 -0.116542 0.377934
0.574443 -0.116352 0.375934
0.577155 -0.114110 0.375571
0.577688 -0.113547 0.375321
0.532913 -0.077945 0.116860
0.585755 -0.100399 0.376668
0.586410 -0.102190 0.377420
0.549942 -0.044897 0.122005
0.594222 -0.084274 0.375576
0.601514 -0.073484 0.374378
0.603288 -0.070733 0.374378
0.608312 -0.063573 0.375097
0.611825 -0.063817 0.372350
0.616329 -0.056024 0.370378
0.617397 -0.058348 0.370379
0.619685 -0.049759 0.366263
0.621552 -0.050491 0.363514
0.626354 -0.047547 0.367024
0.624286 -0.041648 0.363521
0.627251 -0.036810 0.361612
0.629551 -0.035896 0.365362
0.631118 -0.038734 0.364864
0.633288 -0.028514 0.362669
0.635365 -0.028521 0.365170
0.635920 -0.029117 0.365171
0.642280 -0.020751 0.363133
0.645844 -0.009367 0.361226
0.652451 -0.002816 0.358886
0.653133 -0.002431 0.359636
0.658698 0.005990 0.356318
0.658997 0.006619 0.358568
0.663935 0.011288 0.357919
0.665869 0.012602 0.359419
0.665814 0.011506 0.359170
0.674856 0.022868 0.357259
0.678710 0.028491 0.354567
0.682412 0.035111 0.355568
0.691436 0.045207 0.354902
0.692961 0.046424 0.352403
0.702263 0.055231 0.355594
0.703348 0.052937 0.355345
0.712296 0.063072 0.354520
0.711126 0.060698 0.354770
0.716406 0.068745 0.352040
0.717299 0.071114 0.347789
0.727066 0.077775 0.351135
0.728901 0.177031 0.104211
0.749223 0.103738 0.346347
0.757828 0.114493 0.339514
0.739902 0.178506 0.099878
0.752774 0.105849 0.342765
0.748470 0.101550 0.342138
0.731101 0.087282 0.345619
0.729249 0.084938 0.346394
0.688977 0.129074 0.116426
0.708145 0.069671 0.342196
0.704194 0.063355 0.345200
0.703652 0.061626 0.345203
0.692646 0.051926 0.344511
0.692270 0.050096 0.345265
0.684717 0.045436 0.349984
0.622123 0.064366 0.125758
0.618186 0.062566 0.125310
0.666472 0.030394 0.350259
0.667449 0.027451 0.351519
0.586927 0.036866 0.123976
0.582016 0.031776 0.124229
0.574419 0.025604 0.126717
0.641969 0.004207 0.353642
0.630048 -0.007180 0.353853
0.551564 0.003579 0.126187
0.528085 -0.015911 0.125930
0.565232 -0.076473 0.358184
0.540871 -0.102094 0.351278
0.492495 -0.183502 0.355106
0.491275 -0.196268 0.351352
0.503529 -0.183943 0.349895
0.508439 -0.174306 0.348272
0.517533 -0.160357 0.344512
0.516910 -0.158650 0.344438
0.522440 -0.151300 0.344682
0.532944 -0.141128 0.345895
0.537522 -0.136296 0.347494
0.543189 -0.131855 0.346735
0.547332 -0.126066 0.344589
0.553786 -0.123024 0.347584
0.558875 -0.112430 0.345039
0.560756 -0.114291 0.346038
0.564820 -0.108555 0.345852
0.567485 -0.105419 0.347598
0.571918 -0.101514 0.344052
0.576377 -0.095629 0.346041
0.578701 -0.093566 0.345823
0.584549 -0.084593 0.345560
0.586912 -0.082423 0.345806
0.595049 -0.071921 0.342868
0.568109 -0.027295 0.121889
0.605083 -0.063449 0.341876
0.605261 -0.058984 0.342625
0.610212 -0.056678 0.342649
0.588527 -0.003176 0.121404
0.620391 -0.040180 0.342611
0.620613 -0.035247 0.338610
0.626715 -0.031397 0.341355
0.611799 0.035040 0.123930
0.644688 -0.003717 0.337037
0.636576 0.073905 0.119579
0.652847 0.006820 0.338356
0.662001 0.020648 0.337454
0.661409 0.018893 0.337455
0.651674 0.089988 0.119431
0.676363 0.037380 0.336379
0.676144 0.117386 0.116461
0.685693 0.045287 0.333002
0.692334 0.130984 0.113425
0.698839 0.057905 0.334720
0.729284 0.161997 0.107798
0.735558 0.144146 0.108009
0.714021 0.129822 0.112798
0.664507 0.091809 0.119944
0.672539 0.024780 0.345248
0.658590 0.012175 0.348528
0.648678 0.004447 0.350861
0.558482 0.004100 0.126014
0.628952 -0.017164 0.353835
0.543396 -0.008335 0.123682
0.606221 -0.035261 0.354455
0.593961 -0.049236 0.357536
0.592591 -0.053583 0.359799
0.555653 -0.101383 0.359930
0.547545 -0.114275 0.359413
0.534112 -0.137106 0.362602
0.534987 -0.141188 0.360855
0.527098 -0.149374 0.364972
0.509868 -0.176084 0.360462
0.503793 -0.190155 0.358049
0.506637 -0.193416 0.355544
0.498737 -0.199387 0.352455
0.500698 -0.200670 0.351701
0.493956 -0.099221 0.114278
0.511771 -0.081497 0.115496
0.575805 -0.088554 0.340155
0.534227 -0.054435 0.121491
0.544221 -0.042961 0.119719
0.593528 -0.067625 0.341608
0.557169 -0.024886 0.122728
0.603999 -0.058026 0.340271
0.605543 -0.054972 0.338769
0.612676 -0.046593 0.334752
0.614961 -0.044461 0.338249
0.621804 -0.036876 0.336025
0.624396 -0.035068 0.338022
0.642487 -0.013164 0.332077
0.649751 -0.005799 0.338492
0.650872 -0.006976 0.338494
0.659227 0.003231 0.340019
0.661170 0.001855 0.343022
0.666881 0.008172 0.341503
0.668018 0.011650 0.341251
0.675011 0.018881 0.340166
0.675910 0.019742 0.336917
0.682124 0.027101 0.337291
0.668882 0.088653 0.119934
0.676775 0.096793 0.120135
0.690705 0.038079 0.334245
0.697877 0.042190 0.333764
0.697815 0.043642 0.332762
0.704880 0.052920 0.330659
0.695202 0.117976 0.115037
0.714043 0.058945 0.334414
0.714142 0.058273 0.336665
0.720192 0.063998 0.334302
0.719067 0.062825 0.334302
0.699020 0.114476 0.117557
0.690565 0.110117 0.118170
0.707616 0.052172 0.328832
0.669502 0.090201 0.120815
0.659160 0.077559 0.121062
0.645183 0.069505 0.120906
0.636416 0.061838 0.121396
0.623172 0.048875 0.123596
0.609430 0.034791 0.122840
0.605507 0.023059 0.126600
0.590205 0.019155 0.122365
0.585547 0.014507 0.126363
0.572722 0.001728 0.126931
0.566266 -0.010347 0.123183
0.555795 -0.017428 0.124625
0.550960 -0.025701 0.124377
0.538004 -0.038554 0.124730
0.526423 -0.053332 0.124602
0.527322 -0.055775 0.124605
0.512940 -0.063706 0.120993
0.527400 -0.152415 0.349641
0.530087 -0.154099 0.349141
0.528203 -0.160123 0.350072
0.530309 -0.163418 0.351465
0.499676 -0.112081 0.111446
0.516128 -0.093688 0.115628
0.524952 -0.083292 0.120355
0.530374 -0.072408 0.118094
0.545136 -0.057658 0.122685
0.598101 -0.071142 0.332479
0.557365 -0.042244 0.122636
0.575474 -0.025729 0.125573
0.578657 -0.017074 0.124068
0.587999 -0.008377 0.125032
0.626271 -0.041935 0.331220
0.625723 -0.042546 0.331472
0.608994 0.014974 0.119439
0.651952 -0.016430 0.334250
0.639885 0.043467 0.121260
0.662753 -0.005677 0.332703
0.653280 0.056368 0.120721
0.684873 0.014827 0.327069
0.687185 0.078081 0.117686
0.698741 0.021492 0.332686
0.709198 0.031150 0.329377
0.712619 0.034045 0.327378
0.719561 0.037962 0.330468
0.722346 0.040237 0.324470
0.729088 0.046250 0.327428
0.738172 0.050026 0.325305
0.733005 0.117322 0.111790
0.735880 0.053054 0.330503
0.734788 0.049403 0.331001
