0.508031 -0.287735 0.076920
0.508714 -0.287307 0.076181
0.508024 -0.287271 0.076128
0.508743 -0.286769 0.076640
0.509344 -0.287050 0.075412
0.509416 -0.286383 0.076478
0.509879 -0.287065 0.077002
0.509708 -0.286785 0.078604
0.509741 -0.286032 0.078781
0.510453 -0.285622 0.078295
0.511315 -0.284601 0.077885
0.512040 -0.284147 0.078148
0.512427 -0.283342 0.079568
0.515318 -0.281615 0.079621
0.515641 -0.278940 0.077923
0.518143 -0.275788 0.078280
0.518143 -0.275823 0.077530
0.520932 -0.272537 0.077771
0.521964 -0.270920 0.078773
0.524861 -0.268526 0.081366
0.524443 -0.267798 0.081346
0.526572 -0.264791 0.079710
0.528776 -0.263558 0.078990
0.530782 -0.261197 0.080400
0.531086 -0.260026 0.081392
0.533566 -0.256676 0.081038
0.536058 -0.254034 0.083658
0.536381 -0.252896 0.083401
0.538013 -0.250687 0.082888
0.538747 -0.250277 0.082896
0.540140 -0.247163 0.081533
0.541978 -0.247051 0.084310
0.542143 -0.245611 0.082224
0.544879 -0.242560 0.083157
0.545603 -0.242144 0.084164
0.547072 -0.239099 0.083362
0.547801 -0.238689 0.084118
0.549650 -0.235995 0.086114
0.550398 -0.235599 0.085369
0.553297 -0.232593 0.085881
0.553316 -0.232600 0.084631
0.555196 -0.229027 0.084979
0.555176 -0.229021 0.086479
0.558661 -0.225555 0.086918
0.560855 -0.222611 0.088502
0.561192 -0.221473 0.088749
0.564560 -0.217100 0.087882
0.565278 -0.216707 0.089136
0.567357 -0.212926 0.089106
0.572162 -0.207471 0.090381
0.575474 -0.203789 0.091859
0.577525 -0.199801 0.092678
0.579390 -0.196663 0.091990
0.579782 -0.197414 0.092991
0.582129 -0.194103 0.093492
0.584160 -0.191025 0.093030
0.585286 -0.191364 0.094279
0.584571 -0.191761 0.093279
0.586975 -0.188502 0.093776
0.586227 -0.188943 0.095276
0.589632 -0.185009 0.095331
0.591970 -0.182849 0.095028
0.593324 -0.180256 0.095362
0.595358 -0.177326 0.095096
0.597854 -0.174272 0.095568
0.598272 -0.175007 0.096066
0.600737 -0.171998 0.097231
0.600007 -0.172425 0.097732
0.601987 -0.169552 0.098839
0.605028 -0.167033 0.098200
0.605907 -0.165048 0.097887
0.608850 -0.162651 0.099835
0.608129 -0.163067 0.098585
0.609746 -0.160579 0.100218
0.609440 -0.161725 0.100216
0.611418 -0.159188 0.099458
0.611110 -0.160335 0.099707
0.612266 -0.157357 0.098721
0.612688 -0.158083 0.099721
0.614240 -0.155755 0.100651
0.616425 -0.153349 0.100220
0.615702 -0.153764 0.101221
0.616687 -0.152138 0.101164
0.618781 -0.150009 0.101786
0.619207 -0.150733 0.101784
0.620315 -0.148280 0.102661
0.622248 -0.146177 0.102960
0.621957 -0.147332 0.102457
0.623368 -0.145507 0.100944
0.623809 -0.146224 0.101189
0.624504 -0.143864 0.100590
0.625545 -0.141277 0.102435
0.626669 -0.139492 0.101320
0.626685 -0.139486 0.102070
0.625966 -0.139934 0.101821
0.628802 -0.137446 0.102359
0.630120 -0.134721 0.102619
0.629383 -0.135183 0.101371
0.632386 -0.132328 0.103277
0.635214 -0.129586 0.104797
0.634299 -0.128176 0.104309
0.637698 -0.124797 0.105087
0.638331 -0.122244 0.104650
0.638566 -0.121086 0.103654
0.640794 -0.118635 0.104063
0.641788 -0.117029 0.105816
0.642870 -0.115311 0.105216
0.643584 -0.114865 0.105466
0.645119 -0.112308 0.105244
0.647595 -0.109325 0.104285
0.648585 -0.107731 0.103786
0.651470 -0.104537 0.105475
0.652469 -0.102953 0.105226
0.655264 -0.099899 0.105214
0.658288 -0.096423 0.105660
0.657567 -0.096845 0.104908
0.661000 -0.092333 0.106221
0.661422 -0.093056 0.106225
0.665894 -0.087805 0.108081
0.666617 -0.087385 0.107833
0.669483 -0.084237 0.108020
0.669481 -0.084239 0.108270
0.672736 -0.080957 0.108600
0.672426 -0.082092 0.108354
0.675341 -0.078079 0.109433
0.678584 -0.075557 0.108086
0.678586 -0.075556 0.107836
0.682585 -0.071826 0.108152
0.686140 -0.069335 0.108487
0.684323 -0.071256 0.108738
0.687180 -0.068357 0.108936
0.689004 -0.066885 0.107404
0.689738 -0.066496 0.108156
0.692425 -0.063912 0.108767
0.692802 -0.064653 0.109276
0.695851 -0.061779 0.109796
0.695128 -0.062166 0.108044
0.698514 -0.059220 0.108815
0.699633 -0.059588 0.109077
0.702591 -0.056763 0.109509
0.701858 -0.057143 0.108507
0.704367 -0.053809 0.108103
0.707112 -0.051978 0.108083
0.708218 -0.052348 0.109342
0.710821 -0.048916 0.109050
0.710826 -0.050788 0.108563
0.712294 -0.047935 0.108672
0.712669 -0.048680 0.108928
0.715609 -0.046172 0.107848
0.714855 -0.046541 0.109346
0.718113 -0.044013 0.109366
0.721204 -0.041731 0.108580
0.720077 -0.041368 0.109077
0.723762 -0.039517 0.109041
0.722281 -0.040281 0.110040
0.724671 -0.039044 0.109801
0.723929 -0.039438 0.109051
0.726530 -0.036442 0.109973
0.729165 -0.035484 0.109840
0.729170 -0.035478 0.110590
0.729168 -0.035480 0.110340
0.732234 -0.033084 0.110694
0.734972 -0.030803 0.110072
0.734238 -0.031196 0.110072
0.736536 -0.029024 0.109438
0.736196 -0.030150 0.109687
0.739067 -0.027938 0.108801
0.741169 -0.025949 0.109419
0.741901 -0.025559 0.109169
0.743838 -0.023699 0.109053
0.743832 -0.023706 0.108553
0.747067 -0.022006 0.108354
0.749166 -0.020449 0.109447
0.748771 -0.019717 0.109197
0.751035 -0.018007 0.108879
0.751424 -0.018747 0.108629
0.753408 -0.017273 0.108088
0.756619 -0.013960 0.109709
0.756269 -0.015098 0.108958
0.758825 -0.013163 0.108279
0.758829 -0.013159 0.108529
0.760907 -0.011436 0.108388
0.763851 -0.008538 0.107399
0.766755 -0.006545 0.107361
0.770738 -0.003931 0.107246
0.771063 -0.002808 0.106497
0.775064 -0.001014 0.106710
0.778076 0.002023 0.106422
0.778410 0.003153 0.106423
0.781176 0.005984 0.106271
0.782307 0.005650 0.106520
0.784470 0.007404 0.106698
0.783733 0.007005 0.106197
0.787291 0.008682 0.106199
0.786153 0.009011 0.105199
0.789028 0.010881 0.104595
0.790735 0.012210 0.104645
0.789992 0.011812 0.104145
0.792512 0.013836 0.104628
0.792508 0.013833 0.104378
0.796073 0.015215 0.104216
0.796419 0.016335 0.103964
0.798637 0.016970 0.103507
0.799006 0.018108 0.104756
0.801224 0.019674 0.103427
0.804185 0.020986 0.103210
0.803805 0.019841 0.101713
0.806729 0.021899 0.102215
0.806737 0.021908 0.102715
0.809182 0.023541 0.102321
0.808807 0.024282 0.102318
0.812063 0.026447 0.102613
0.810928 0.024941 0.101369
0.813302 0.026922 0.100806
0.815673 0.028709 0.100410
0.816764 0.028294 0.099164
0.819904 0.030613 0.100958
0.820658 0.030981 0.101456
0.823341 0.033051 0.100711
0.826434 0.035963 0.099312
0.826044 0.034875 0.100069
0.829786 0.037059 0.098451
0.832990 0.038160 0.097802
0.832988 0.038155 0.097552
0.835815 0.040985 0.097789
0.834694 0.041355 0.096536
0.838627 0.043038 0.097018
0.841194 0.044267 0.095376
0.840806 0.043164 0.095629
0.843766 0.045361 0.095068
0.846108 0.047176 0.094872
0.845715 0.046068 0.094874
0.847794 0.047672 0.093789
0.847810 0.047697 0.094788
0.852253 0.050386 0.092921
0.853372 0.050014 0.093923
0.855861 0.051951 0.092082
0.855849 0.051927 0.091082
0.859572 0.054434 0.092667
0.859914 0.053651 0.091419
0.862708 0.055626 0.091186
0.864549 0.057998 0.088244
0.865662 0.057593 0.088246
0.867694 0.059178 0.088625
0.867286 0.058060 0.088378
0.870094 0.060081 0.088096
0.872225 0.060770 0.086242
0.871099 0.061154 0.085491
0.873776 0.061403 0.084792
0.873436 0.062196 0.085790
0.874347 0.063546 0.085157
0.873923 0.062394 0.084158
0.873206 0.066830 0.084817
0.873564 0.066070 0.084817
0.870516 0.069314 0.083277
0.870162 0.068229 0.084527
0.871323 0.070907 0.085299
0.865263 0.075552 0.081313
0.865451 0.075631 0.084813
0.859834 0.077481 0.082861
0.861835 0.077499 0.084860
0.860367 0.079438 0.082860
0.856051 0.079203 0.085110
0.855074 0.081977 0.084226
0.853087 0.085189 0.085763
0.852250 0.084808 0.084762
0.848951 0.085076 0.082589
0.846600 0.087509 0.083965
0.844430 0.088761 0.083782
0.844762 0.088005 0.083532
0.844885 0.088047 0.084782
0.841086 0.091972 0.083783
0.840312 0.093792 0.084652
0.839021 0.094238 0.086270
0.838995 0.094229 0.086020
0.837927 0.095881 0.086446
0.836830 0.096271 0.086446
0.835110 0.098480 0.086130
0.831989 0.101423 0.086264
0.830867 0.101806 0.086013
0.827046 0.106021 0.086234
0.826351 0.105775 0.085157
0.827605 0.105431 0.086660
0.824429 0.108255 0.086684
0.820478 0.111606 0.085101
0.819911 0.113134 0.086096
0.817109 0.116746 0.085413
0.817559 0.116029 0.086416
0.815428 0.118526 0.086590
0.815399 0.118518 0.086340
0.813571 0.120866 0.086041
0.813627 0.120881 0.086541
0.811515 0.123557 0.086404
0.811487 0.123549 0.086154
0.808827 0.125701 0.085389
0.806325 0.128019 0.086930
0.804298 0.130449 0.086858
0.804643 0.129704 0.087114
0.801661 0.131874 0.087163
0.801348 0.132629 0.087157
0.800709 0.134551 0.088169
0.799660 0.134156 0.085668
0.796821 0.136222 0.085932
0.796910 0.136249 0.086682
0.794833 0.139263 0.086591
0.792867 0.141817 0.086750
0.791712 0.142258 0.085991
0.787295 0.146347 0.086019
0.787232 0.146333 0.085519
0.785096 0.149765 0.086641
0.784037 0.150245 0.086632
0.781874 0.153538 0.086992
0.777907 0.156511 0.085187
0.774681 0.160234 0.085815
0.774750 0.160243 0.086315
0.770651 0.163718 0.085172
0.767014 0.168043 0.085230
0.763841 0.171166 0.085086
0.764132 0.171197 0.087087
0.761450 0.174628 0.087100
0.760973 0.172799 0.085879
0.758388 0.175956 0.085698
0.753339 0.179832 0.083260
0.753526 0.179853 0.084511
0.751792 0.183406 0.085317
0.751227 0.182391 0.085333
0.746876 0.185567 0.085064
0.748506 0.186012 0.085316
0.745065 0.189163 0.086273
0.742204 0.192764 0.086699
0.741256 0.192541 0.085696
0.741331 0.192549 0.086197
0.737883 0.194528 0.084855
0.735730 0.197300 0.084180
0.735842 0.197313 0.084931
0.733798 0.200811 0.086092
0.732736 0.200589 0.084338
0.730645 0.204249 0.085907
0.728507 0.206261 0.086103
0.724651 0.210083 0.084099
0.723867 0.211514 0.086565
0.721251 0.214323 0.086742
0.718347 0.216970 0.086492
0.718289 0.217772 0.087226
0.714966 0.221332 0.086626
0.714122 0.221163 0.086373
0.710923 0.225331 0.084986
0.709618 0.226772 0.083949
0.705105 0.232658 0.083970
0.704419 0.232492 0.084719
0.699321 0.239132 0.083784
0.697103 0.243175 0.084958
0.696013 0.243845 0.084187
0.693317 0.247181 0.084636
0.694525 0.246493 0.086160
0.691193 0.250364 0.084751
0.690346 0.249437 0.083766
0.688265 0.253748 0.084606
0.684680 0.255557 0.083636
0.685899 0.254046 0.084684
0.683205 0.257978 0.085524
0.681088 0.258581 0.083239
0.681420 0.258570 0.085243
0.675385 0.264487 0.083841
0.669536 0.270713 0.084082
0.670576 0.270790 0.085340
0.664407 0.275868 0.082674
0.661247 0.281004 0.082670
0.661605 0.279350 0.083716
0.657090 0.283895 0.082573
0.658336 0.281502 0.083648
0.658097 0.283731 0.085740
0.654397 0.287192 0.082967
0.654843 0.286359 0.085247
0.652266 0.288624 0.082902
0.651462 0.289486 0.085302
0.651376 0.288666 0.084579
0.649906 0.291457 0.086027
0.649849 0.290639 0.085556
0.646886 0.294475 0.084899
0.645495 0.296436 0.086131
0.645443 0.293999 0.085978
0.641511 0.297109 0.083943
0.642503 0.297927 0.084925
0.639198 0.300207 0.085503
0.638350 0.302652 0.084635
0.632531 0.309909 0.083508
0.632491 0.309097 0.083543
0.631228 0.309770 0.086391
0.631319 0.310580 0.086606
0.627898 0.312415 0.083069
0.625276 0.315937 0.082487
0.625973 0.314247 0.082828
0.622467 0.317769 0.082647
0.619541 0.321683 0.082963
0.618750 0.322580 0.082407
0.615841 0.329045 0.082456
0.612025 0.332823 0.080964
0.609548 0.337399 0.082431
0.608443 0.336725 0.081445
0.605689 0.341838 0.081757
0.602444 0.343852 0.083458
0.601643 0.344001 0.083438
0.599269 0.346845 0.081951
0.599109 0.346054 0.081988
0.596016 0.349180 0.083137
0.593221 0.353449 0.081845
0.594057 0.353261 0.082121
0.590327 0.355918 0.081040
0.590844 0.354161 0.081897
0.588077 0.358501 0.081209
0.588212 0.355202 0.082649
0.585294 0.359166 0.081690
0.584057 0.357855 0.081741
0.582115 0.361241 0.081776
0.582005 0.360489 0.082569
0.580827 0.363425 0.083345
0.493879 0.421037 0.098171
0.494614 0.420490 0.099431
0.492897 0.419398 0.098745
0.493491 0.418824 0.099004
0.492225 0.417707 0.099909
0.492951 0.417151 0.101168
0.491592 0.414974 0.102348
0.489518 0.413040 0.103893
0.490077 0.412461 0.103900
0.488634 0.409775 0.107603
0.488538 0.409762 0.106853
0.486368 0.407740 0.108325
0.483308 0.407199 0.106830
0.482408 0.405034 0.110367
0.482245 0.405013 0.109117
0.481952 0.404618 0.111373
0.478842 0.402946 0.111979
0.479297 0.403495 0.110975
0.477496 0.401933 0.111549
0.478140 0.402497 0.112046
0.474950 0.400454 0.114098
0.474109 0.398516 0.115442
0.474202 0.398519 0.116193
0.472046 0.396668 0.116527
0.471602 0.394978 0.117784
0.468449 0.390853 0.119294
0.469136 0.390290 0.120297
0.466502 0.388761 0.121093
0.466734 0.389291 0.118341
0.464777 0.387136 0.120188
0.465434 0.386567 0.120941
0.462726 0.381472 0.123891
0.459830 0.378460 0.122936
0.459123 0.380160 0.121681
0.456318 0.376763 0.123651
0.457941 0.378440 0.122649
0.456321 0.376485 0.124064
0.457323 0.378748 0.122561
0.454969 0.376064 0.123981
0.452892 0.373635 0.124824
0.454156 0.374769 0.125573
0.451224 0.372715 0.125407
0.451823 0.372132 0.125658
0.450486 0.370372 0.126640
0.449436 0.367484 0.131148
0.448910 0.369780 0.126395
0.447856 0.367131 0.128520
0.448191 0.370018 0.126017
0.446420 0.368986 0.126947
0.447232 0.367226 0.129198
0.445992 0.365876 0.128540
0.445840 0.367046 0.127038
0.443148 0.362782 0.130068
0.443298 0.361510 0.130697
0.443887 0.362078 0.130697
0.442517 0.360529 0.131440
0.440034 0.359416 0.130190
0.439531 0.358684 0.130654
0.438437 0.357540 0.131404
0.436271 0.356278 0.130941
0.435015 0.356301 0.130190
0.431849 0.354389 0.130577
0.431912 0.354388 0.131077
0.430226 0.353849 0.132102
0.428889 0.353355 0.132800
0.428395 0.352791 0.133551
0.426928 0.352191 0.132583
0.426336 0.350475 0.132837
0.426717 0.349100 0.134989
0.426749 0.346811 0.135744
0.426878 0.346652 0.135913
0.426169 0.345129 0.134831
0.425028 0.343370 0.134127
0.426459 0.340379 0.134594
0.428214 0.338612 0.135348
0.430696 0.336715 0.135162
0.432893 0.334321 0.135168
0.433975 0.335233 0.136082
0.433774 0.334023 0.134838
0.440569 0.330181 0.135801
0.441169 0.329616 0.136302
0.442050 0.329229 0.136442
0.442382 0.327376 0.134697
0.446982 0.324034 0.135082
0.448151 0.324030 0.135337
0.449572 0.322110 0.135504
0.451192 0.320016 0.135971
0.451783 0.319467 0.136222
0.450604 0.318277 0.135703
0.452494 0.317151 0.135173
0.455766 0.314831 0.136676
0.455203 0.314217 0.136408
0.456946 0.313082 0.135686
0.457508 0.313725 0.136209
0.458759 0.311904 0.135376
0.461024 0.310659 0.135696
0.461162 0.309546 0.135916
0.463858 0.307535 0.136423
0.465776 0.304552 0.136087
0.465573 0.305653 0.135875
0.467183 0.303451 0.136981
0.466491 0.303840 0.136225
0.469333 0.300497 0.135502
0.467983 0.301365 0.136248
0.470627 0.299242 0.135967
0.474024 0.296148 0.135481
0.472257 0.296190 0.136168
0.474057 0.293816 0.136549
0.472975 0.293362 0.135478
0.475484 0.287687 0.137033
0.474274 0.288941 0.135559
0.475104 0.282283 0.135890
0.475572 0.281256 0.135845
0.477937 0.277178 0.135858
0.477708 0.276472 0.136558
0.479868 0.273747 0.135475
0.481997 0.270643 0.135331
0.480654 0.271808 0.135113
0.481552 0.269994 0.134551
0.480952 0.270942 0.134344
0.484775 0.266499 0.134503
0.483370 0.267596 0.134286
0.485438 0.265616 0.134867
0.485427 0.265600 0.134616
0.487280 0.262406 0.134312
0.489792 0.259607 0.134877
0.489149 0.260549 0.135420
0.491614 0.256768 0.135620
0.490316 0.259297 0.134734
0.492423 0.258309 0.134272
0.494422 0.255516 0.133623
0.496438 0.253280 0.134844
0.497219 0.253179 0.134597
0.500121 0.249148 0.136029
0.502146 0.245923 0.134473
0.504569 0.242622 0.134614
0.504535 0.242567 0.133861
0.506838 0.240229 0.133817
0.507564 0.239350 0.133540
0.510666 0.235071 0.133066
0.511456 0.234997 0.132820
0.513716 0.231125 0.132901
0.514596 0.231942 0.133685
0.516375 0.227224 0.132528
0.516325 0.227116 0.131274
0.518773 0.223834 0.132290
0.519542 0.223010 0.132521
0.521424 0.219350 0.131620
0.524128 0.215630 0.131709
0.523298 0.216331 0.130221
0.526251 0.212113 0.130401
0.526316 0.212993 0.131171
0.528802 0.208441 0.131234
0.529804 0.203375 0.130336
0.530687 0.203524 0.132093
0.530646 0.202691 0.131827
0.532022 0.198916 0.131448
0.532042 0.199699 0.131211
0.533347 0.196524 0.130677
0.534702 0.192273 0.130937
0.534677 0.192219 0.130436
0.536765 0.188034 0.129844
0.537518 0.183252 0.128755
0.538655 0.179659 0.129252
0.538617 0.179571 0.128501
0.540671 0.176037 0.129549
0.539837 0.176039 0.129046
0.541057 0.171799 0.128965
0.544092 0.164388 0.128602
0.544042 0.164261 0.127602
0.545659 0.159157 0.127675
0.547070 0.154337 0.127777
0.546154 0.153524 0.127274
0.547718 0.150115 0.128678
0.547303 0.154271 0.128676
0.547906 0.151172 0.129107
0.549171 0.146205 0.129195
0.548488 0.147827 0.128440
0.549167 0.144874 0.128302
0.548293 0.144840 0.127300
0.549444 0.139521 0.127574
0.548642 0.140277 0.126320
0.550031 0.136738 0.127895
0.549950 0.136589 0.126645
0.550092 0.132893 0.126692
0.551599 0.129230 0.126232
0.551616 0.129260 0.126482
0.552239 0.124716 0.125601
0.552127 0.123896 0.125605
0.554021 0.117905 0.126532
0.554153 0.114390 0.126622
0.556769 0.110358 0.124664
0.556037 0.106138 0.123540
0.556790 0.100319 0.124840
0.558834 0.096083 0.125296
0.560064 0.087473 0.124517
0.561426 0.085668 0.125291
0.561775 0.079441 0.122899
0.563258 0.077703 0.122527
0.562766 0.079496 0.122508
0.563180 0.074139 0.121973
0.562976 0.077459 0.121193
0.564447 0.070831 0.122285
0.564956 0.063529 0.121282
0.565414 0.061689 0.121049
0.566293 0.056526 0.120530
0.565235 0.059834 0.118498
0.565838 0.054980 0.118127
0.565244 0.056079 0.118865
0.567694 0.049636 0.119954
0.567460 0.048671 0.118959
0.568385 0.042876 0.117955
0.568944 0.041290 0.119467
0.569139 0.032478 0.117891
0.568759 0.030756 0.117398
0.570137 0.022785 0.115505
0.570746 0.016335 0.115372
0.570859 0.012863 0.115389
0.571585 0.007519 0.114726
0.570962 0.008560 0.114969
0.570936 0.003429 0.113866
0.568698 0.004865 0.114351
0.567208 -0.000259 0.114480
0.567440 -0.004449 0.113659
0.566994 -0.002624 0.113650
0.566258 -0.006136 0.113317
0.565840 -0.004276 0.113558
0.566429 -0.009128 0.114183
0.565673 -0.011692 0.115282
0.565846 -0.010911 0.115030
0.564177 -0.016015 0.111543
0.563338 -0.018521 0.113380
0.562312 -0.015136 0.111110
0.562223 -0.019183 0.110809
0.563105 -0.019295 0.111564
0.562579 -0.025987 0.111942
0.562116 -0.031599 0.111567
0.562557 -0.033370 0.112077
0.560964 -0.037492 0.111222
0.560988 -0.037461 0.111472
0.560221 -0.041552 0.110488
0.558837 -0.045209 0.109633
0.559701 -0.045353 0.110137
0.559495 -0.050058 0.109939
0.559163 -0.048139 0.110684
0.560110 -0.047604 0.109936
0.558962 -0.052400 0.109482
0.559628 -0.057040 0.109386
0.559824 -0.059722 0.109138
0.558976 -0.063988 0.109948
0.559623 -0.064968 0.110198
0.557546 -0.069796 0.108371
0.556453 -0.074786 0.109125
0.554155 -0.079859 0.106564
0.554005 -0.080659 0.106812
0.553304 -0.084221 0.107381
0.553472 -0.083391 0.107383
0.553123 -0.088521 0.107489
0.551049 -0.089314 0.105250
0.550301 -0.093749 0.106756
0.550214 -0.093838 0.106007
0.548278 -0.098688 0.106510
0.547997 -0.103641 0.106227
0.547070 -0.103608 0.105489
0.545745 -0.108059 0.104529
0.544605 -0.112862 0.104162
0.544636 -0.112832 0.104412
0.542560 -0.117989 0.104201
0.539238 -0.120743 0.100475
0.539525 -0.125484 0.103307
0.537475 -0.126445 0.101333
0.536724 -0.131184 0.102441
0.536190 -0.136597 0.101628
0.535094 -0.136779 0.099900
0.534741 -0.141934 0.099672
0.534070 -0.140090 0.100472
0.532386 -0.145613 0.098825
0.529882 -0.152445 0.097964
0.531003 -0.151361 0.099705
0.528160 -0.157640 0.097908
0.527228 -0.157712 0.097432
0.526254 -0.162801 0.096699
0.525175 -0.163019 0.095225
0.523483 -0.168340 0.096075
0.521428 -0.173656 0.095103
0.520492 -0.173764 0.094630
0.517348 -0.178785 0.092825
0.517231 -0.177986 0.092343
0.515594 -0.182951 0.094215
0.515505 -0.182122 0.093983
0.512242 -0.188082 0.092011
0.508706 -0.192940 0.089586
0.507073 -0.196974 0.092945
0.507225 -0.195907 0.094459
0.502524 -0.202122 0.089508
0.501852 -0.201120 0.091301
0.498308 -0.207992 0.088517
0.498531 -0.206846 0.090530
0.495571 -0.211385 0.088771
0.493594 -0.217077 0.087520
0.492362 -0.216564 0.086072
0.489863 -0.220006 0.086744
0.489893 -0.219007 0.087760
0.487923 -0.223942 0.086554
0.484644 -0.227922 0.083496
0.482831 -0.230812 0.085208
0.481170 -0.229655 0.082542
0.480928 -0.234691 0.083868
0.480133 -0.231326 0.083710
0.478606 -0.236173 0.083414
0.476902 -0.234029 0.082022
0.476037 -0.237892 0.082557
0.473571 -0.240621 0.082073
0.473470 -0.239694 0.082845
0.470364 -0.243923 0.079893
0.469495 -0.241514 0.078970
0.467410 -0.246456 0.078363
0.466882 -0.244807 0.078162
0.466082 -0.248057 0.079784
0.465209 -0.246633 0.077591
0.462682 -0.249662 0.076869
0.462625 -0.248700 0.078138
0.461087 -0.251018 0.077563
0.459390 -0.254358 0.075719
0.461270 -0.249894 0.078965
0.459306 -0.253526 0.078298
0.461389 -0.250908 0.079507
0.457971 -0.254535 0.077620
0.457335 -0.257928 0.088507
