0.398987 -0.249157 0.022604 2.890571 0.275881 -2.425931 0.000000 0.000000 10.000000
0.406766 -0.244500 0.024568 2.896156 0.250869 -2.418297 0.000000 0.000000 10.000000
0.408611 -0.243386 0.025006 2.894890 0.244787 -2.417151 0.000000 0.000000 10.000000
0.415248 -0.239338 0.026476 2.883698 0.224472 -2.414840 0.000000 0.000000 10.000000
0.420780 -0.235925 0.027592 2.877824 0.216031 -2.414019 0.000000 0.000000 10.000000
0.424861 -0.233392 0.028372 2.878162 0.203574 -2.410666 0.000000 0.000000 10.000000
0.431915 -0.228970 0.029602 2.867337 0.189180 -2.409053 0.000000 0.000000 10.000000
0.432100 -0.228853 0.029631 2.867075 0.188825 -2.409008 0.000000 0.000000 10.000000
0.433601 -0.227902 0.029866 2.866400 0.184723 -2.408010 0.000000 0.000000 10.000000
0.438877 -0.224554 0.030679 2.864229 0.169971 -2.404316 0.000000 0.000000 10.000000
0.439304 -0.224283 0.030746 2.864146 0.168792 -2.404001 0.000000 0.000000 10.000000
0.439640 -0.224070 0.030797 2.863812 0.168030 -2.403848 0.000000 0.000000 10.000000
0.441329 -0.222984 0.031018 2.861149 0.163508 -2.403047 0.000000 0.000000 10.000000
0.450593 -0.217005 0.032171 2.849754 0.140598 -2.398268 0.000000 0.000000 10.000000
0.460241 -0.210654 0.033056 2.851671 0.112192 -2.389582 0.000000 0.000000 10.000000
0.461232 -0.209998 0.033137 2.850823 0.109732 -2.388954 0.000000 0.000000 10.000000
0.463742 -0.208313 0.033286 2.848784 0.102940 -2.387164 0.000000 0.000000 10.000000
0.470816 -0.203542 0.033653 2.846845 0.083261 -2.381437 0.000000 0.000000 10.000000
0.476007 -0.199983 0.033768 2.846370 0.067859 -2.376812 0.000000 0.000000 10.000000
0.477968 -0.198631 0.033795 2.845850 0.058521 -2.374012 0.000000 0.000000 10.000000
0.485281 -0.193555 0.033795 2.841921 0.028209 -2.364909 0.000000 0.000000 10.000000
0.487767 -0.191831 0.033797 2.840138 0.016496 -2.361323 0.000000 0.000000 10.000000
0.488161 -0.191546 0.033769 2.840108 0.014833 -2.360807 0.000000 0.000000 10.000000
0.497322 -0.185000 0.033286 2.822111 -0.016363 -2.350782 0.000000 0.000000 10.000000
0.497350 -0.184981 0.033285 2.822089 -0.016473 -2.350745 0.000000 0.000000 10.000000
0.497381 -0.184958 0.033281 2.822048 -0.016532 -2.350725 0.000000 0.000000 10.000000
0.497571 -0.184818 0.033262 2.821937 -0.017069 -2.350545 0.000000 0.000000 10.000000
0.506376 -0.178307 0.032272 2.817664 -0.039484 -2.342942 0.000000 0.000000 10.000000
0.507776 -0.177274 0.032122 2.816014 -0.043241 -2.341602 0.000000 0.000000 10.000000
0.509002 -0.176371 0.031993 2.815176 -0.046429 -2.340484 0.000000 0.000000 10.000000
0.511048 -0.174839 0.031712 2.810401 -0.056357 -2.336828 0.000000 0.000000 10.000000
0.521940 -0.166564 0.029914 2.808666 -0.101752 -2.321084 0.000000 0.000000 10.000000
0.523760 -0.165140 0.029511 2.807266 -0.108423 -2.318624 0.000000 0.000000 10.000000
0.523760 -0.165140 0.029511 2.807266 -0.108423 -2.318624 0.000000 0.000000 10.000000
0.524227 -0.156492 0.030644 2.810178 -0.122056 -2.314323 0.000000 0.000000 10.000000
0.524439 -0.152532 0.031156 2.811671 -0.127969 -2.312521 0.000000 0.000000 10.000000
0.524446 -0.152406 0.031173 2.811680 -0.128060 -2.312491 0.000000 0.000000 10.000000
0.524471 -0.151771 0.031232 2.812690 -0.129713 -2.312076 0.000000 0.000000 10.000000
0.525010 -0.138122 0.032470 2.843566 -0.159570 -2.307425 0.000000 0.000000 10.000000
0.525200 -0.132867 0.032897 2.848695 -0.163465 -2.307157 0.000000 0.000000 10.000000
0.525549 -0.122530 0.033664 2.861306 -0.183148 -2.303815 0.000000 0.000000 10.000000
0.525594 -0.120415 0.033744 2.869892 -0.188842 -2.303945 0.000000 0.000000 10.000000
0.525745 -0.110542 0.033933 2.900961 -0.212903 -2.304391 0.000000 0.000000 10.000000
0.525760 -0.107280 0.033886 2.912731 -0.221852 -2.304983 0.000000 0.000000 10.000000
0.525758 -0.103819 0.033781 2.933399 -0.226968 -2.308693 0.000000 0.000000 10.000000
0.525721 -0.096059 0.033451 2.939403 -0.239606 -2.307584 0.000000 0.000000 10.000000
0.525728 -0.092602 0.033374 2.944858 -0.241107 -2.308639 0.000000 0.000000 10.000000
0.525701 -0.087330 0.033135 2.957793 -0.247014 -2.310772 0.000000 0.000000 10.000000
0.525688 -0.083022 0.032970 2.966304 -0.247679 -2.312804 0.000000 0.000000 10.000000
0.525673 -0.081386 0.032876 2.970334 -0.250499 -2.313348 0.000000 0.000000 10.000000
0.525559 -0.074266 0.032302 2.977803 -0.273524 -2.311580 0.000000 0.000000 10.000000
0.525518 -0.072177 0.032107 2.979660 -0.276986 -2.311551 0.000000 0.000000 10.000000
0.525465 -0.069496 0.031857 2.980305 -0.280080 -2.311249 0.000000 0.000000 10.000000
0.525363 -0.065075 0.031401 2.985362 -0.282423 -2.312326 0.000000 0.000000 10.000000
0.525338 -0.063589 0.031275 2.985922 -0.281484 -2.312627 0.000000 0.000000 10.000000
0.525146 -0.055708 0.030421 2.995569 -0.280507 -2.315502 0.000000 0.000000 10.000000
0.525110 -0.054106 0.030256 2.998123 -0.283432 -2.315817 0.000000 0.000000 10.000000
0.524960 -0.047914 0.029589 3.008892 -0.289476 -2.318110 0.000000 0.000000 10.000000
0.524614 -0.037094 0.028145 3.021053 -0.310859 -2.319161 0.000000 0.000000 10.000000
0.524505 -0.033748 0.027691 3.028228 -0.317748 -2.320639 0.000000 0.000000 10.000000
0.524414 -0.031416 0.027326 3.031910 -0.321688 -2.321391 0.000000 0.000000 10.000000
0.524079 -0.023489 0.026001 3.052878 -0.335946 -2.326880 0.000000 0.000000 10.000000
0.523556 -0.012970 0.023994 3.068996 -0.357563 -2.330747 0.000000 0.000000 10.000000
0.523515 -0.012206 0.023840 3.070133 -0.359025 -2.331049 0.000000 0.000000 10.000000
0.523515 -0.012206 0.023840 3.070133 -0.359025 -2.331049 0.000000 0.000000 10.000000
0.521130 -0.010086 0.024153 3.075536 -0.360216 -2.332881 0.000000 0.000000 10.000000
0.520986 -0.009960 0.024169 3.076120 -0.360369 -2.333079 0.000000 0.000000 10.000000
0.514267 -0.004116 0.024791 3.108720 -0.366262 -2.344418 0.000000 0.000000 10.000000
0.512486 -0.002584 0.024922 3.115976 -0.366136 -2.347022 0.000000 0.000000 10.000000
0.506536 0.002509 0.025312 3.131602 -0.360115 -2.352674 0.000000 0.000000 10.000000
0.505884 0.003063 0.025348 3.133511 -0.359841 -2.353349 0.000000 0.000000 10.000000
0.498526 0.009235 0.025574 -3.118474 -0.355928 -2.364252 0.000000 0.000000 10.000000
0.494098 0.012883 0.025569 -3.091155 -0.350720 -2.373537 0.000000 0.000000 10.000000
0.491158 0.015274 0.025501 -3.075041 -0.345466 -2.378761 0.000000 0.000000 10.000000
0.487697 0.018046 0.025328 -3.070511 -0.341100 -2.380009 0.000000 0.000000 10.000000
0.483430 0.021473 0.025135 -3.052639 -0.339142 -2.385857 0.000000 0.000000 10.000000
0.476223 0.027204 0.024687 -3.025522 -0.334484 -2.394452 0.000000 0.000000 10.000000
0.475364 0.027878 0.024614 -3.022720 -0.333451 -2.395267 0.000000 0.000000 10.000000
0.474161 0.028817 0.024500 -3.020457 -0.333182 -2.395986 0.000000 0.000000 10.000000
0.467186 0.034204 0.023710 -2.994346 -0.327580 -2.403881 0.000000 0.000000 10.000000
0.463935 0.036686 0.023283 -2.975652 -0.325537 -2.409707 0.000000 0.000000 10.000000
0.457901 0.041258 0.022408 -2.954591 -0.326098 -2.416734 0.000000 0.000000 10.000000
0.455995 0.042690 0.022107 -2.948275 -0.325650 -2.418742 0.000000 0.000000 10.000000
0.455089 0.043377 0.021978 -2.946090 -0.324104 -2.419176 0.000000 0.000000 10.000000
0.441539 0.053342 0.019367 -2.908110 -0.306364 -2.427797 0.000000 0.000000 10.000000
0.441221 0.053574 0.019302 -2.906948 -0.306270 -2.428144 0.000000 0.000000 10.000000
0.440672 0.053969 0.019177 -2.904784 -0.306442 -2.428870 0.000000 0.000000 10.000000
0.433974 0.058766 0.017618 -2.876988 -0.311950 -2.439165 0.000000 0.000000 10.000000
0.432262 0.059982 0.017198 -2.870957 -0.309871 -2.440596 0.000000 0.000000 10.000000
0.428821 0.062422 0.016344 -2.859040 -0.307302 -2.443788 0.000000 0.000000 10.000000
0.424721 0.065286 0.015234 -2.843883 -0.303489 -2.447635 0.000000 0.000000 10.000000
0.420690 0.068072 0.014082 -2.835062 -0.300333 -2.449557 0.000000 0.000000 10.000000
0.414981 0.072004 0.012421 -2.819893 -0.300369 -2.454484 0.000000 0.000000 10.000000
0.414981 0.072004 0.012421 -2.819893 -0.300369 -2.454484 0.000000 0.000000 10.000000
0.408428 0.069136 0.013911 -2.818447 -0.290591 -2.451852 0.000000 0.000000 10.000000
0.407846 0.068878 0.014035 -2.818618 -0.289637 -2.451495 0.000000 0.000000 10.000000
0.406342 0.068204 0.014341 -2.818082 -0.286638 -2.450708 0.000000 0.000000 10.000000
0.395871 0.063482 0.016403 -2.811148 -0.265740 -2.446037 0.000000 0.000000 10.000000
0.390352 0.060936 0.017369 -2.807241 -0.252023 -2.442606 0.000000 0.000000 10.000000
0.385745 0.058801 0.018151 -2.803466 -0.238906 -2.439213 0.000000 0.000000 10.000000
0.382892 0.057457 0.018586 -2.805134 -0.227798 -2.435017 0.000000 0.000000 10.000000
0.376143 0.054219 0.019489 -2.806265 -0.199252 -2.425064 0.000000 0.000000 10.000000
0.368691 0.050523 0.020208 -2.794634 -0.174238 -2.418796 0.000000 0.000000 10.000000
0.364925 0.048638 0.020532 -2.790109 -0.156385 -2.413247 0.000000 0.000000 10.000000
0.361046 0.046610 0.020670 -2.782456 -0.139341 -2.408289 0.000000 0.000000 10.000000
0.352207 0.041958 0.020913 -2.774998 -0.120625 -2.402364 0.000000 0.000000 10.000000
0.350148 0.040871 0.020963 -2.772511 -0.115032 -2.400563 0.000000 0.000000 10.000000
0.348597 0.040037 0.020964 -2.773120 -0.109634 -2.398415 0.000000 0.000000 10.000000
0.337540 0.034036 0.020857 -2.769316 -0.084489 -2.389135 0.000000 0.000000 10.000000
0.327654 0.028586 0.020579 -2.773194 -0.062687 -2.380373 0.000000 0.000000 10.000000
0.326851 0.028141 0.020550 -2.772720 -0.060129 -2.379420 0.000000 0.000000 10.000000
0.325029 0.027104 0.020432 -2.770476 -0.054942 -2.377561 0.000000 0.000000 10.000000
0.315798 0.021827 0.019771 -2.758585 -0.028233 -2.367568 0.000000 0.000000 10.000000
0.313148 0.020285 0.019518 -2.753094 -0.022666 -2.365471 0.000000 0.000000 10.000000
0.312436 0.019869 0.019447 -2.753117 -0.021778 -2.365107 0.000000 0.000000 10.000000
0.312436 0.019869 0.019447 -2.753117 -0.021778 -2.365107 0.000000 0.000000 10.000000
0.311238 0.012434 0.021233 -2.774949 -0.012849 -2.361128 0.000000 0.000000 10.000000
0.310655 0.008744 0.022081 -2.784120 -0.004677 -2.357942 0.000000 0.000000 10.000000
0.309436 0.000855 0.023793 -2.795379 0.010933 -2.352251 0.000000 0.000000 10.000000
0.307909 -0.009518 0.025777 -2.807898 0.035572 -2.343866 0.000000 0.000000 10.000000
0.307728 -0.010763 0.026006 -2.808889 0.037629 -2.343196 0.000000 0.000000 10.000000
0.307217 -0.014396 0.026613 -2.812522 0.039874 -2.342583 0.000000 0.000000 10.000000
0.306063 -0.022651 0.027973 -2.817827 0.046379 -2.340638 0.000000 0.000000 10.000000
0.305824 -0.024429 0.028232 -2.820195 0.049677 -2.339663 0.000000 0.000000 10.000000
0.303706 -0.040184 0.030539 -2.853083 0.069608 -2.335555 0.000000 0.000000 10.000000
0.303603 -0.040947 0.030651 -2.853350 0.071034 -2.335154 0.000000 0.000000 10.000000
0.301864 -0.055472 0.032030 -2.867006 0.107629 -2.325943 0.000000 0.000000 10.000000
0.301608 -0.057791 0.032177 -2.872105 0.114669 -2.324602 0.000000 0.000000 10.000000
0.301216 -0.061187 0.032448 -2.877891 0.119614 -2.323988 0.000000 0.000000 10.000000
0.299875 -0.073812 0.033047 -2.897666 0.150624 -2.318866 0.000000 0.000000 10.000000
0.299132 -0.081735 0.033062 -2.914416 0.157291 -2.320000 0.000000 0.000000 10.000000
0.298708 -0.086109 0.033119 -2.917468 0.159574 -2.319989 0.000000 0.000000 10.000000
0.297903 -0.094170 0.033306 -2.925091 0.166688 -2.319718 0.000000 0.000000 10.000000
0.297470 -0.098994 0.033241 -2.923752 0.173169 -2.318073 0.000000 0.000000 10.000000
0.296733 -0.106765 0.033286 -2.927616 0.171890 -2.319043 0.000000 0.000000 10.000000
0.296478 -0.109588 0.033256 -2.926934 0.175645 -2.318116 0.000000 0.000000 10.000000
0.296147 -0.113384 0.033172 -2.935234 0.184359 -2.317838 0.000000 0.000000 10.000000
0.295374 -0.122336 0.032952 -2.950646 0.215947 -2.314799 0.000000 0.000000 10.000000
0.295111 -0.125778 0.032747 -2.962881 0.227192 -2.315529 0.000000 0.000000 10.000000
0.294405 -0.135822 0.031930 -2.972459 0.267037 -2.311165 0.000000 0.000000 10.000000
0.294214 -0.138872 0.031603 -2.979036 0.277110 -2.311357 0.000000 0.000000 10.000000
0.293743 -0.147339 0.030496 -2.998040 0.308166 -2.312380 0.000000 0.000000 10.000000
0.293488 -0.153145 0.029511 -3.011441 0.321644 -2.314840 0.000000 0.000000 10.000000
0.293383 -0.155383 0.029152 -3.017592 0.328765 -2.315973 0.000000 0.000000 10.000000
0.293233 -0.159339 0.028407 -3.024298 0.342194 -2.316675 0.000000 0.000000 10.000000
0.293047 -0.164291 0.027465 -3.034610 0.352483 -2.319136 0.000000 0.000000 10.000000
0.292947 -0.167280 0.026861 -3.038893 0.353197 -2.320560 0.000000 0.000000 10.000000
0.292723 -0.174698 0.025283 -3.051270 0.353309 -2.324868 0.000000 0.000000 10.000000
0.292723 -0.174698 0.025283 -3.051270 0.353309 -2.324868 0.000000 0.000000 10.000000
0.296378 -0.173068 0.026790 -3.058697 0.358608 -2.327042 0.000000 0.000000 10.000000
0.301830 -0.170638 0.029073 -3.065006 0.339094 -2.330675 0.000000 0.000000 10.000000
0.304968 -0.169236 0.030333 -3.068047 0.332924 -2.332120 0.000000 0.000000 10.000000
0.306619 -0.168498 0.030996 -3.069113 0.328827 -2.332751 0.000000 0.000000 10.000000
0.310592 -0.166715 0.032475 -3.071233 0.311348 -2.334608 0.000000 0.000000 10.000000
0.315145 -0.164670 0.034111 -3.073490 0.295471 -2.336335 0.000000 0.000000 10.000000
0.316511 -0.164055 0.034573 -3.074705 0.290491 -2.337010 0.000000 0.000000 10.000000
0.325088 -0.160190 0.037274 -3.086737 0.264325 -2.341850 0.000000 0.000000 10.000000
0.327824 -0.158957 0.038145 -3.090058 0.255437 -2.343163 0.000000 0.000000 10.000000
0.331490 -0.157296 0.039145 -3.094934 0.238982 -2.345142 0.000000 0.000000 10.000000
0.336222 -0.155147 0.040344 -3.101211 0.213656 -2.347628 0.000000 0.000000 10.000000
0.342342 -0.152361 0.041787 -3.117296 0.190265 -2.351599 0.000000 0.000000 10.000000
0.342710 -0.152193 0.041861 -3.118044 0.188967 -2.351770 0.000000 0.000000 10.000000
0.343973 -0.151616 0.042108 -3.119648 0.184570 -2.352167 0.000000 0.000000 10.000000
0.352307 -0.147807 0.043648 -3.128769 0.157215 -2.354187 0.000000 0.000000 10.000000
0.359876 -0.144335 0.044829 -3.131641 0.128240 -2.354922 0.000000 0.000000 10.000000
0.362939 -0.142928 0.045260 -3.134827 0.116890 -2.355405 0.000000 0.000000 10.000000
0.365532 -0.141732 0.045488 -3.137875 0.106000 -2.355801 0.000000 0.000000 10.000000
0.377577 -0.136182 0.046637 3.138589 0.054276 -2.356357 0.000000 0.000000 10.000000
0.388306 -0.131218 0.046810 -3.139075 0.027113 -2.356126 0.000000 0.000000 10.000000
0.389102 -0.130849 0.046812 -3.138547 0.027605 -2.356110 0.000000 0.000000 10.000000
0.398457 -0.126519 0.047117 3.091520 0.114620 -2.361926 0.000000 0.000000 10.000000
0.399543 -0.126018 0.047201 3.087733 0.122163 -2.362764 0.000000 0.000000 10.000000
0.400548 -0.125559 0.047426 3.080651 0.121323 -2.363579 0.000000 0.000000 10.000000
0.415109 -0.118577 0.048096 3.010858 0.058144 -2.363835 0.000000 0.000000 10.000000
0.415978 -0.118153 0.048103 3.003992 0.039434 -2.361654 0.000000 0.000000 10.000000
0.429387 -0.111473 0.047647 2.994653 -0.045778 -2.349422 0.000000 0.000000 10.000000
0.431241 -0.110479 0.047253 3.012616 -0.045850 -2.350250 0.000000 0.000000 10.000000
0.439226 -0.106350 0.047018 3.107272 -0.031921 -2.355099 0.000000 0.000000 10.000000
0.440303 -0.105791 0.046944 3.111792 -0.026977 -2.355390 0.000000 0.000000 10.000000
0.442282 -0.104766 0.046864 3.114441 -0.028985 -2.355407 0.000000 0.000000 10.000000
0.442282 -0.104766 0.046864 3.114441 -0.028985 -2.355407 0.000000 0.000000 10.000000
0.440997 -0.104259 0.046892 3.112251 -0.029683 -2.355323 0.000000 0.000000 10.000000
0.436914 -0.102641 0.047161 3.087171 -0.067188 -2.352537 0.000000 0.000000 10.000000
0.433010 -0.101095 0.047330 3.045816 -0.096514 -2.346937 0.000000 0.000000 10.000000
0.428911 -0.099454 0.048406 3.012943 -0.119355 -2.340792 0.000000 0.000000 10.000000
0.420574 -0.096280 0.049243 2.997963 -0.195804 -2.328064 0.000000 0.000000 10.000000
0.414705 -0.093655 0.051528 -3.140342 -0.160026 -2.356394 0.000000 0.000000 10.000000
0.410482 -0.092168 0.051994 -3.071965 -0.132263 -2.365391 0.000000 0.000000 10.000000
0.401983 -0.090279 0.049848 -2.952577 -0.020567 -2.360129 0.000000 0.000000 10.000000
0.399437 -0.089751 0.048969 -2.920842 0.004364 -2.355215 0.000000 0.000000 10.000000
0.398253 -0.089497 0.048847 -2.926465 0.001955 -2.355767 0.000000 0.000000 10.000000
0.390095 -0.087781 0.047421 -3.008079 0.008761 -2.355018 0.000000 0.000000 10.000000
0.385949 -0.086872 0.047103 -3.027746 0.018117 -2.354123 0.000000 0.000000 10.000000
0.378710 -0.085296 0.046399 -3.046995 0.017041 -2.354578 0.000000 0.000000 10.000000
0.375701 -0.084644 0.046046 -3.057430 0.015438 -2.354892 0.000000 0.000000 10.000000
0.374293 -0.084336 0.045949 -3.059774 0.013521 -2.355086 0.000000 0.000000 10.000000
0.363150 -0.081900 0.045242 -3.054586 0.042093 -2.352524 0.000000 0.000000 10.000000
0.362930 -0.081852 0.045223 -3.053972 0.042602 -2.352453 0.000000 0.000000 10.000000
0.362381 -0.081733 0.045165 -3.051668 0.043545 -2.352269 0.000000 0.000000 10.000000
0.359842 -0.081181 0.044869 -3.042114 0.044863 -2.351718 0.000000 0.000000 10.000000
0.359842 -0.081181 0.044869 -3.042114 0.044863 -2.351718 0.000000 0.000000 10.000000
0.360542 -0.079459 0.044823 -3.043395 0.043921 -2.351869 0.000000 0.000000 10.000000
0.362001 -0.075807 0.044893 -3.044682 0.039265 -2.352378 0.000000 0.000000 10.000000
0.364176 -0.070422 0.044810 -3.046757 0.028344 -2.353499 0.000000 0.000000 10.000000
0.366842 -0.063817 0.044715 -3.046976 0.015299 -2.354743 0.000000 0.000000 10.000000
0.370029 -0.055924 0.044586 -3.036772 0.018146 -2.354286 0.000000 0.000000 10.000000
0.370365 -0.055094 0.044570 -3.036381 0.016527 -2.354449 0.000000 0.000000 10.000000
0.371400 -0.052553 0.044430 -3.034306 0.010205 -2.355095 0.000000 0.000000 10.000000
0.376392 -0.040300 0.043739 -3.023271 -0.027896 -2.359510 0.000000 0.000000 10.000000
0.377790 -0.036903 0.043429 -3.013337 -0.038028 -2.361097 0.000000 0.000000 10.000000
0.380261 -0.030912 0.042822 -2.991911 -0.056764 -2.364750 0.000000 0.000000 10.000000
0.382239 -0.026185 0.042101 -2.979921 -0.068981 -2.367436 0.000000 0.000000 10.000000
0.385017 -0.019538 0.041121 -2.971635 -0.075904 -2.369207 0.000000 0.000000 10.000000
0.386349 -0.016349 0.040658 -2.972379 -0.078955 -2.369669 0.000000 0.000000 10.000000
0.389685 -0.008405 0.039347 -2.966501 -0.101496 -2.374117 0.000000 0.000000 10.000000
0.391000 -0.005304 0.038748 -2.963268 -0.109666 -2.375918 0.000000 0.000000 10.000000
0.392625 -0.001469 0.038004 -2.951738 -0.123305 -2.379825 0.000000 0.000000 10.000000
0.395089 0.004315 0.036787 -2.936920 -0.140660 -2.385288 0.000000 0.000000 10.000000
0.396837 0.008361 0.035748 -2.929043 -0.154237 -2.389336 0.000000 0.000000 10.000000
0.396837 0.008361 0.035748 -2.929043 -0.154237 -2.389336 0.000000 0.000000 10.000000
0.397151 0.003984 0.036927 -2.943161 -0.143672 -2.384977 0.000000 0.000000 10.000000
0.397680 -0.003343 0.038585 -2.970847 -0.128184 -2.378232 0.000000 0.000000 10.000000
0.397856 -0.005783 0.039106 -2.979917 -0.121874 -2.376020 0.000000 0.000000 10.000000
0.398021 -0.008071 0.039599 -2.982699 -0.119356 -2.375273 0.000000 0.000000 10.000000
0.398677 -0.017119 0.041315 -2.996290 -0.106599 -2.371763 0.000000 0.000000 10.000000
0.398840 -0.019361 0.041712 -3.004546 -0.101391 -2.370153 0.000000 0.000000 10.000000
0.399036 -0.022061 0.042157 -3.017576 -0.093020 -2.367773 0.000000 0.000000 10.000000
0.399456 -0.027832 0.043039 -3.040227 -0.084282 -2.364757 0.000000 0.000000 10.000000
0.400002 -0.035303 0.043936 -3.064648 -0.074183 -2.361908 0.000000 0.000000 10.000000
0.400173 -0.037646 0.044190 -3.073374 -0.067495 -2.360803 0.000000 0.000000 10.000000
0.400477 -0.041813 0.044512 -3.086411 -0.060064 -2.359510 0.000000 0.000000 10.000000
0.401056 -0.049753 0.045065 -3.101452 -0.044897 -2.357997 0.000000 0.000000 10.000000
0.401927 -0.061729 0.045755 -3.057730 -0.055362 -2.360846 0.000000 0.000000 10.000000
0.402082 -0.063864 0.045880 -3.057351 -0.060720 -2.361319 0.000000 0.000000 10.000000
0.402344 -0.067388 0.046386 -3.034490 -0.085990 -2.365428 0.000000 0.000000 10.000000
0.403357 -0.080830 0.047780 -2.985388 -0.133901 -2.377216 0.000000 0.000000 10.000000
0.403716 -0.085964 0.048740 -2.936414 -0.084738 -2.373806 0.000000 0.000000 10.000000
0.404030 -0.091693 0.050681 -2.989275 -0.038681 -2.362131 0.000000 0.000000 10.000000
0.404788 -0.099695 0.051938 -3.087007 -0.028133 -2.357731 0.000000 0.000000 10.000000
0.406619 -0.110376 0.050162 3.032214 0.145895 -2.372158 0.000000 0.000000 10.000000
0.406654 -0.110580 0.050125 3.028407 0.146807 -2.372821 0.000000 0.000000 10.000000
0.406759 -0.111254 0.050070 3.028223 0.144887 -2.372632 0.000000 0.000000 10.000000
0.408672 -0.122715 0.047581 3.043619 0.081369 -2.364183 0.000000 0.000000 10.000000
0.409872 -0.129923 0.047091 3.090020 0.072185 -2.359917 0.000000 0.000000 10.000000
0.411869 -0.141981 0.047022 3.121829 0.027671 -2.356741 0.000000 0.000000 10.000000
0.411979 -0.142645 0.047016 3.125139 0.021656 -2.356551 0.000000 0.000000 10.000000
0.412040 -0.143009 0.047014 3.123781 0.021636 -2.356580 0.000000 0.000000 10.000000
0.412187 -0.143900 0.046968 3.120665 0.025455 -2.356727 0.000000 0.000000 10.000000
0.414065 -0.155232 0.046456 3.077026 0.054528 -2.359718 0.000000 0.000000 10.000000
0.414857 -0.159991 0.045994 3.071592 0.082424 -2.361967 0.000000 0.000000 10.000000
0.414943 -0.160510 0.045935 3.069948 0.083689 -2.362194 0.000000 0.000000 10.000000
0.416381 -0.169140 0.045031 3.043552 0.097570 -2.365776 0.000000 0.000000 10.000000
0.416441 -0.169504 0.044988 3.042124 0.098915 -2.366050 0.000000 0.000000 10.000000
0.416657 -0.170801 0.044786 3.037261 0.102357 -2.366893 0.000000 0.000000 10.000000
0.417627 -0.176613 0.043757 3.017613 0.117576 -2.370812 0.000000 0.000000 10.000000
0.417627 -0.176613 0.043757 3.017613 0.117576 -2.370812 0.000000 0.000000 10.000000
0.419599 -0.175502 0.043999 3.014687 0.110039 -2.370205 0.000000 0.000000 10.000000
0.430459 -0.169275 0.044686 3.011356 0.067657 -2.365049 0.000000 0.000000 10.000000
0.430531 -0.169233 0.044689 3.011341 0.067332 -2.365008 0.000000 0.000000 10.000000
0.430644 -0.169169 0.044693 3.011293 0.067051 -2.364974 0.000000 0.000000 10.000000
0.439995 -0.163738 0.044815 3.006389 0.043383 -2.362094 0.000000 0.000000 10.000000
0.448556 -0.158759 0.044889 3.010138 0.038883 -2.361334 0.000000 0.000000 10.000000
0.449677 -0.158104 0.044881 3.009962 0.037035 -2.361097 0.000000 0.000000 10.000000
0.451859 -0.156825 0.044848 3.006245 0.031528 -2.360487 0.000000 0.000000 10.000000
0.459323 -0.152436 0.044646 2.993186 0.009509 -2.357616 0.000000 0.000000 10.000000
0.461040 -0.151423 0.044579 2.991741 0.009758 -2.357668 0.000000 0.000000 10.000000
0.465353 -0.148883 0.044437 2.986862 -0.001154 -2.356014 0.000000 0.000000 10.000000
0.471599 -0.145182 0.044102 2.983932 -0.016020 -2.353648 0.000000 0.000000 10.000000
0.474864 -0.143239 0.043881 2.981336 -0.031859 -2.351046 0.000000 0.000000 10.000000
0.477642 -0.141573 0.043621 2.979746 -0.046540 -2.348599 0.000000 0.000000 10.000000
0.479636 -0.140378 0.043437 2.975922 -0.051506 -2.347586 0.000000 0.000000 10.000000
0.485228 -0.136985 0.042672 2.970098 -0.064765 -2.344986 0.000000 0.000000 10.000000
0.491282 -0.133298 0.041767 2.959805 -0.080947 -2.341332 0.000000 0.000000 10.000000
0.493606 -0.131890 0.041461 2.961334 -0.088146 -2.340153 0.000000 0.000000 10.000000
0.496423 -0.130161 0.040954 2.952554 -0.101310 -2.336847 0.000000 0.000000 10.000000
0.505600 -0.124547 0.039422 2.944052 -0.134101 -2.329441 0.000000 0.000000 10.000000
0.508373 -0.122818 0.038799 2.934701 -0.142512 -2.326392 0.000000 0.000000 10.000000
0.515612 -0.118280 0.037061 2.921502 -0.169859 -2.318395 0.000000 0.000000 10.000000
0.517509 -0.117068 0.036503 2.918539 -0.177760 -2.316107 0.000000 0.000000 10.000000
0.527662 -0.110533 0.033298 2.891860 -0.217383 -2.301240 0.000000 0.000000 10.000000
0.528253 -0.110148 0.033089 2.892441 -0.218884 -2.301002 0.000000 0.000000 10.000000
0.531555 -0.108007 0.031975 2.895679 -0.224872 -2.300286 0.000000 0.000000 10.000000
0.534899 -0.105828 0.030793 2.901306 -0.230580 -2.300255 0.000000 0.000000 10.000000
0.535511 -0.105428 0.030569 2.899543 -0.231675 -2.299567 0.000000 0.000000 10.000000
0.535921 -0.105162 0.030434 2.898912 -0.231633 -2.299424 0.000000 0.000000 10.000000
0.536514 -0.104774 0.030214 2.898006 -0.233002 -2.298874 0.000000 0.000000 10.000000
