0.508031 -0.287735 0.0384702 0 0 0 0 0 0
0.508314 -0.287547 0.0385312 0 0 0 0 0 0
0.508607 -0.287348 0.0385951 0 0 0 0 0 0
0.508913 -0.287129 0.0386637 0 0 0 0 0 0
0.509256 -0.286868 0.0387434 0 0 0 0 0 0
0.50963 -0.28654 0.0388377 0 0 0 0 0 0
0.510058 -0.286112 0.0389548 0 0 0 0 0 0
0.510536 -0.285586 0.0390939 0 0 0 0 0 0
0.511101 -0.284932 0.0392638 0 0 0 0 0 0
0.511764 -0.284147 0.0394663 0 0 0 0 0 0
0.512543 -0.283215 0.0397058 0 0 0 0 0 0
0.513421 -0.282145 0.0399792 0 0 0 0 0 0
0.514408 -0.280916 0.0402923 0 0 0 0 0 0
0.51552 -0.27953 0.040646 0 0 0 0 0 0
0.516724 -0.277995 0.0410347 0 0 0 0 0 0
0.51802 -0.276353 0.0414514 0 0 0 0 0 0
0.519385 -0.274632 0.0418888 0 0 0 0 0 0
0.520846 -0.272806 0.0423566 0 0 0 0 0 0
0.522349 -0.270926 0.0428372 0 0 0 0 0 0
0.523891 -0.268994 0.0433307 0 0 0 0 0 0
0.525427 -0.267051 0.0438255 0 0 0 0 0 0
0.526989 -0.26507 0.0443296 0 0 0 0 0 0
0.52856 -0.263105 0.0448197 0 0 0 0 0 0
0.530101 -0.261158 0.0453042 0 0 0 0 0 0
0.531629 -0.259229 0.0457952 0 0 0 0 0 0
0.533147 -0.25731 0.0462849 0 0 0 0 0 0
0.534645 -0.255407 0.04677 0 0 0 0 0 0
0.536083 -0.253568 0.0472328 0 0 0 0 0 0
0.537498 -0.251757 0.0476721 0 0 0 0 0 0
0.538877 -0.249997 0.0480938 0 0 0 0 0 0
0.540262 -0.248242 0.0485153 0 0 0 0 0 0
0.541622 -0.246549 0.0489196 0 0 0 0 0 0
0.542961 -0.244852 0.049321 0 0 0 0 0 0
0.544295 -0.243169 0.0497255 0 0 0 0 0 0
0.545627 -0.241503 0.0501295 0 0 0 0 0 0
0.546966 -0.23982 0.0505332 0 0 0 0 0 0
0.548312 -0.238136 0.0509353 0 0 0 0 0 0
0.549707 -0.23639 0.0513458 0 0 0 0 0 0
0.551126 -0.23462 0.0517522 0 0 0 0 0 0
0.552601 -0.23277 0.0521761 0 0 0 0 0 0
0.554111 -0.230853 0.0526135 0 0 0 0 0 0
0.555701 -0.228796 0.0530828 0 0 0 0 0 0
0.557382 -0.226627 0.0535847 0 0 0 0 0 0
0.559174 -0.224301 0.0541268 0 0 0 0 0 0
0.561041 -0.221863 0.0547029 0 0 0 0 0 0
0.562967 -0.219335 0.0552896 0 0 0 0 0 0
0.564982 -0.216679 0.0558832 0 0 0 0 0 0
0.567036 -0.213982 0.0564815 0 0 0 0 0 0
0.569128 -0.211228 0.0571084 0 0 0 0 0 0
0.571226 -0.208466 0.0577276 0 0 0 0 0 0
0.573291 -0.205753 0.0583155 0 0 0 0 0 0
0.575297 -0.203137 0.0588805 0 0 0 0 0 0
0.577223 -0.200643 0.0594152 0 0 0 0 0 0
0.579047 -0.198308 0.0599178 0 0 0 0 0 0
0.580816 -0.196054 0.0603892 0 0 0 0 0 0
0.582529 -0.193887 0.0608368 0 0 0 0 0 0
0.584153 -0.191864 0.0612556 0 0 0 0 0 0
0.585725 -0.189905 0.0616599 0 0 0 0 0 0
0.587258 -0.188002 0.062041 0 0 0 0 0 0
0.588755 -0.186149 0.0624053 0 0 0 0 0 0
0.590291 -0.184271 0.0627798 0 0 0 0 0 0
0.591839 -0.182382 0.0631569 0 0 0 0 0 0
0.593411 -0.180462 0.0635222 0 0 0 0 0 0
0.594992 -0.178533 0.0638873 0 0 0 0 0 0
0.596561 -0.176638 0.0642441 0 0 0 0 0 0
0.598088 -0.174816 0.0645769 0 0 0 0 0 0
0.599606 -0.172996 0.0649109 0 0 0 0 0 0
0.601073 -0.171253 0.0652325 0 0 0 0 0 0
0.602508 -0.169552 0.065548 0 0 0 0 0 0
0.6039 -0.167926 0.065847 0 0 0 0 0 0
0.605196 -0.166407 0.0661073 0 0 0 0 0 0
0.606435 -0.16497 0.0663546 0 0 0 0 0 0
0.607574 -0.163646 0.0665823 0 0 0 0 0 0
0.608649 -0.162385 0.0667983 0 0 0 0 0 0
0.609672 -0.161186 0.0670052 0 0 0 0 0 0
0.610676 -0.160002 0.0672052 0 0 0 0 0 0
0.611638 -0.158868 0.0673937 0 0 0 0 0 0
0.612607 -0.157708 0.0675854 0 0 0 0 0 0
0.613551 -0.156599 0.06777 0 0 0 0 0 0
0.614494 -0.155479 0.0679556 0 0 0 0 0 0
0.615441 -0.154376 0.0680777 0 0 0 0 0 0
0.616364 -0.153295 0.0677292 0 0 0 0 0 0
0.617317 -0.152179 0.0673693 0 0 0 0 0 0
0.618283 -0.151045 0.0674151 0 0 0 0 0 0
0.619239 -0.149912 0.0679117 0 0 0 0 0 0
0.620164 -0.14878 0.0684049 0 0 0 0 0 0
0.621086 -0.14765 0.0688971 0 0 0 0 0 0
0.621974 -0.146546 0.0693607 0 0 0 0 0 0
0.62284 -0.145421 0.0695218 0 0 0 0 0 0
0.62369 -0.14429 0.0696811 0 0 0 0 0 0
0.624557 -0.143088 0.0698456 0 0 0 0 0 0
0.625442 -0.141824 0.0700166 0 0 0 0 0 0
0.62635 -0.14052 0.0701907 0 0 0 0 0 0
0.627275 -0.139171 0.0703696 0 0 0 0 0 0
0.62824 -0.137742 0.0705514 0 0 0 0 0 0
0.629285 -0.136208 0.0707468 0 0 0 0 0 0
0.630375 -0.134579 0.0709452 0 0 0 0 0 0
0.631514 -0.132869 0.071146 0 0 0 0 0 0
0.632721 -0.131079 0.0713573 0 0 0 0 0 0
0.633965 -0.12922 0.0715786 0 0 0 0 0 0
0.635219 -0.127324 0.0718034 0 0 0 0 0 0
0.636517 -0.125381 0.072022 0 0 0 0 0 0
0.637832 -0.1234 0.0722409 0 0 0 0 0 0
0.639172 -0.121399 0.0724626 0 0 0 0 0 0
0.640559 -0.11937 0.0726894 0 0 0 0 0 0
0.641974 -0.117332 0.0729141 0 0 0 0 0 0
0.643416 -0.115296 0.0731321 0 0 0 0 0 0
0.644912 -0.113224 0.0733567 0 0 0 0 0 0
0.646445 -0.111138 0.0735715 0 0 0 0 0 0
0.648058 -0.109007 0.0737915 0 0 0 0 0 0
0.649737 -0.106859 0.074001 0 0 0 0 0 0
0.651482 -0.10468 0.0741973 0 0 0 0 0 0
0.65327 -0.102501 0.0743965 0 0 0 0 0 0
0.655119 -0.100295 0.0746008 0 0 0 0 0 0
0.656973 -0.098123 0.0748195 0 0 0 0 0 0
0.658823 -0.095989 0.075004 0 0 0 0 0 0
0.660724 -0.093845 0.075186 0 0 0 0 0 0
0.662621 -0.091762 0.0753648 0 0 0 0 0 0
0.66455 -0.089685 0.0755448 0 0 0 0 0 0
0.666474 -0.087669 0.0756388 0 0 0 0 0 0
0.668385 -0.085711 0.0755544 0 0 0 0 0 0
0.670265 -0.083828 0.0754722 0 0 0 0 0 0
0.672159 -0.081976 0.0755859 0 0 0 0 0 0
0.67402 -0.080198 0.0758814 0 0 0 0 0 0
0.67591 -0.078417 0.0762485 0 0 0 0 0 0
0.677804 -0.076685 0.0764869 0 0 0 0 0 0
0.679661 -0.075028 0.0764996 0 0 0 0 0 0
0.681507 -0.073405 0.0766217 0 0 0 0 0 0
0.6833 -0.071869 0.0767416 0 0 0 0 0 0
0.685027 -0.070419 0.0768962 0 0 0 0 0 0
0.686758 -0.068986 0.0770789 0 0 0 0 0 0
0.68846 -0.067599 0.0771641 0 0 0 0 0 0
0.69012 -0.066256 0.0772462 0 0 0 0 0 0
0.691784 -0.064911 0.0773275 0 0 0 0 0 0
0.693406 -0.063633 0.0774032 0 0 0 0 0 0
0.695033 -0.062332 0.0774738 0 0 0 0 0 0
0.696637 -0.061059 0.0775423 0 0 0 0 0 0
0.698248 -0.059777 0.0776086 0 0 0 0 0 0
0.699841 -0.058516 0.0776713 0 0 0 0 0 0
0.701458 -0.057218 0.0777353 0 0 0 0 0 0
0.703016 -0.055963 0.0777973 0 0 0 0 0 0
0.704589 -0.054689 0.0778608 0 0 0 0 0 0
0.706177 -0.053424 0.0779193 0 0 0 0 0 0
0.707721 -0.052199 0.0779557 0 0 0 0 0 0
0.709263 -0.050961 0.0779965 0 0 0 0 0 0
0.710739 -0.049795 0.0780422 0 0 0 0 0 0
0.712204 -0.04862 0.0780884 0 0 0 0 0 0
0.713613 -0.047503 0.0781399 0 0 0 0 0 0
0.715019 -0.046369 0.0781915 0 0 0 0 0 0
0.716402 -0.045262 0.0782423 0 0 0 0 0 0
0.717804 -0.044147 0.078295 0 0 0 0 0 0
0.719155 -0.043078 0.0783418 0 0 0 0 0 0
0.720448 -0.042043 0.0783752 0 0 0 0 0 0
0.72176 -0.041009 0.0784088 0 0 0 0 0 0
0.723021 -0.04002 0.0784351 0 0 0 0 0 0
0.72431 -0.039004 0.0784611 0 0 0 0 0 0
0.725576 -0.038017 0.0784476 0 0 0 0 0 0
0.726877 -0.037 0.0782515 0 0 0 0 0 0
0.728186 -0.036 0.0780574 0 0 0 0 0 0
0.729487 -0.035008 0.0778648 0 0 0 0 0 0
0.730791 -0.034009 0.077671 0 0 0 0 0 0
0.732131 -0.032978 0.0775764 0 0 0 0 0 0
0.73351 -0.031922 0.0777073 0 0 0 0 0 0
0.734881 -0.030868 0.0779245 0 0 0 0 0 0
0.736293 -0.029783 0.0781481 0 0 0 0 0 0
0.737707 -0.0287 0.0783718 0 0 0 0 0 0
0.739158 -0.027592 0.0786009 0 0 0 0 0 0
0.740602 -0.026492 0.0786746 0 0 0 0 0 0
0.742053 -0.025377 0.078669 0 0 0 0 0 0
0.743521 -0.024257 0.0786626 0 0 0 0 0 0
0.744992 -0.02315 0.0786563 0 0 0 0 0 0
0.746466 -0.022055 0.07865 0 0 0 0 0 0
0.74793 -0.020964 0.0786412 0 0 0 0 0 0
0.7494 -0.019859 0.0786317 0 0 0 0 0 0
0.750904 -0.018736 0.0786195 0 0 0 0 0 0
0.752459 -0.017583 0.0785973 0 0 0 0 0 0
0.754059 -0.016384 0.0785692 0 0 0 0 0 0
0.755732 -0.015129 0.078526 0 0 0 0 0 0
0.757466 -0.013835 0.0784741 0 0 0 0 0 0
0.759276 -0.012462 0.0784094 0 0 0 0 0 0
0.761161 -0.011004 0.0783414 0 0 0 0 0 0
0.76313 -0.009463 0.07823 0 0 0 0 0 0
0.765197 -0.007839 0.0781112 0 0 0 0 0 0
0.767315 -0.006179 0.0779896 0 0 0 0 0 0
0.76946 -0.004498 0.0778542 0 0 0 0 0 0
0.771561 -0.002828 0.0777053 0 0 0 0 0 0
0.773645 -0.001182 0.077558 0 0 0 0 0 0
0.77567 0.000435 0.0773964 0 0 0 0 0 0
0.777599 0.00199 0.0772311 0 0 0 0 0 0
0.779448 0.003469 0.0770721 0 0 0 0 0 0
0.781186 0.004834 0.076922 0 0 0 0 0 0
0.782828 0.006108 0.076764 0 0 0 0 0 0
0.784353 0.007282 0.0766008 0 0 0 0 0 0
0.785829 0.008401 0.0764439 0 0 0 0 0 0
0.787216 0.009462 0.0762958 0 0 0 0 0 0
0.7886 0.0105 0.0761493 0 0 0 0 0 0
0.789956 0.011502 0.0760098 0 0 0 0 0 0
0.791286 0.012448 0.0758777 0 0 0 0 0 0
0.792664 0.013397 0.0757466 0 0 0 0 0 0
0.794043 0.01432 0.0756169 0 0 0 0 0 0
0.795476 0.015261 0.0754728 0 0 0 0 0 0
0.796898 0.016198 0.0753037 0 0 0 0 0 0
0.798357 0.017146 0.0751311 0 0 0 0 0 0
0.79979 0.018074 0.0749561 0 0 0 0 0 0
0.801249 0.018997 0.0747775 0 0 0 0 0 0
0.802702 0.019903 0.0745988 0 0 0 0 0 0
0.804129 0.020781 0.074423 0 0 0 0 0 0
0.805586 0.02169 0.0742255 0 0 0 0 0 0
0.807016 0.02259 0.0740201 0 0 0 0 0 0
0.808469 0.02352 0.0738102 0 0 0 0 0 0
0.809927 0.024477 0.0735975 0 0 0 0 0 0
0.811431 0.02545 0.0733792 0 0 0 0 0 0
0.812956 0.026427 0.0731554 0 0 0 0 0 0
0.814578 0.027457 0.0729069 0 0 0 0 0 0
0.816254 0.028511 0.0726441 0 0 0 0 0 0
0.817987 0.029598 0.0723744 0 0 0 0 0 0
0.819774 0.030742 0.0720963 0 0 0 0 0 0
0.821587 0.031903 0.071798 0 0 0 0 0 0
0.823466 0.033105 0.0714624 0 0 0 0 0 0
0.825353 0.034298 0.0711178 0 0 0 0 0 0
0.827242 0.03546 0.0707751 0 0 0 0 0 0
0.829158 0.036639 0.0704274 0 0 0 0 0 0
0.831057 0.037802 0.0700835 0 0 0 0 0 0
0.832883 0.038929 0.0697408 0 0 0 0 0 0
0.834661 0.040038 0.0693934 0 0 0 0 0 0
0.836401 0.041118 0.0690429 0 0 0 0 0 0
0.838149 0.042155 0.068677 0 0 0 0 0 0
0.839882 0.043156 0.0683064 0 0 0 0 0 0
0.841556 0.044101 0.0679513 0 0 0 0 0 0
0.843243 0.045058 0.0675928 0 0 0 0 0 0
0.844919 0.046003 0.0672238 0 0 0 0 0 0
0.84656 0.04691 0.0668331 0 0 0 0 0 0
0.848229 0.047847 0.0664401 0 0 0 0 0 0
0.84993 0.048787 0.0660363 0 0 0 0 0 0
0.851681 0.049747 0.0655997 0 0 0 0 0 0
0.853418 0.050689 0.0651682 0 0 0 0 0 0
0.855135 0.051646 0.0647376 0 0 0 0 0 0
0.856844 0.052601 0.0643086 0 0 0 0 0 0
0.858559 0.053573 0.063876 0 0 0 0 0 0
0.860228 0.054501 0.063429 0 0 0 0 0 0
0.861871 0.055432 0.062959 0 0 0 0 0 0
0.863464 0.056357 0.0624898 0 0 0 0 0 0
0.864962 0.057208 0.0620518 0 0 0 0 0 0
0.866358 0.058051 0.061635 0 0 0 0 0 0
0.867613 0.058848 0.0612481 0 0 0 0 0 0
0.86875 0.059682 0.0608662 0 0 0 0 0 0
0.869721 0.060496 0.0605224 0 0 0 0 0 0
0.870519 0.061323 0.0601911 0 0 0 0 0 0
0.871106 0.062202 0.0598804 0 0 0 0 0 0
0.871468 0.063153 0.0596078 0 0 0 0 0 0
0.871558 0.064172 0.0593881 0 0 0 0 0 0
0.871407 0.065252 0.0592181 0 0 0 0 0 0
0.871027 0.066457 0.0590777 0 0 0 0 0 0
0.8704 0.067695 0.0589886 0 0 0 0 0 0
0.869529 0.069022 0.0589391 0 0 0 0 0 0
0.868452 0.070395 0.0589288 0 0 0 0 0 0
0.867195 0.071853 0.058943 0 0 0 0 0 0
0.865723 0.073351 0.0589905 0 0 0 0 0 0
0.864123 0.074825 0.05907 0 0 0 0 0 0
0.862396 0.076288 0.059181 0 0 0 0 0 0
0.860654 0.077703 0.0593021 0 0 0 0 0 0
0.858868 0.079084 0.0594339 0 0 0 0 0 0
0.857024 0.08042 0.0595795 0 0 0 0 0 0
0.855195 0.081778 0.0597132 0 0 0 0 0 0
0.85339 0.0831 0.0598465 0 0 0 0 0 0
0.851618 0.084353 0.0599862 0 0 0 0 0 0
0.849883 0.085551 0.0601286 0 0 0 0 0 0
0.848249 0.08672 0.0602681 0 0 0 0 0 0
0.846688 0.087878 0.0604017 0 0 0 0 0 0
0.845212 0.089032 0.060476 0 0 0 0 0 0
0.843749 0.090219 0.0605384 0 0 0 0 0 0
0.842276 0.09148 0.0605906 0 0 0 0 0 0
0.840849 0.092754 0.060682 0 0 0 0 0 0
0.839452 0.093998 0.0607703 0 0 0 0 0 0
0.838069 0.09526 0.0608501 0 0 0 0 0 0
0.836643 0.096605 0.0609157 0 0 0 0 0 0
0.835179 0.098012 0.0609673 0 0 0 0 0 0
0.83364 0.099511 0.0610137 0 0 0 0 0 0
0.832039 0.101077 0.0610571 0 0 0 0 0 0
0.830398 0.102687 0.0610942 0 0 0 0 0 0
0.828741 0.104326 0.0611474 0 0 0 0 0 0
0.827128 0.105934 0.0611969 0 0 0 0 0 0
0.825534 0.107554 0.0612404 0 0 0 0 0 0
0.823907 0.10924 0.0612765 0 0 0 0 0 0
0.822297 0.110938 0.0612993 0 0 0 0 0 0
0.820755 0.112604 0.0613095 0 0 0 0 0 0
0.819257 0.114246 0.0612581 0 0 0 0 0 0
0.817828 0.11582 0.0613025 0 0 0 0 0 0
0.816446 0.117355 0.0613126 0 0 0 0 0 0
0.815092 0.118853 0.0613182 0 0 0 0 0 0
0.813752 0.120325 0.0613256 0 0 0 0 0 0
0.812418 0.121785 0.0613311 0 0 0 0 0 0
0.811071 0.123227 0.0613178 0 0 0 0 0 0
0.809739 0.124615 0.0613119 0 0 0 0 0 0
0.80839 0.125976 0.0613142 0 0 0 0 0 0
0.807018 0.127332 0.0613219 0 0 0 0 0 0
0.805647 0.128678 0.0613266 0 0 0 0 0 0
0.804278 0.130004 0.0613767 0 0 0 0 0 0
0.802865 0.13136 0.0614404 0 0 0 0 0 0
0.801445 0.132727 0.0614963 0 0 0 0 0 0
0.800004 0.134124 0.0615401 0 0 0 0 0 0
0.798524 0.135542 0.0615654 0 0 0 0 0 0
0.797006 0.13702 0.0615484 0 0 0 0 0 0
0.795446 0.138575 0.0615863 0 0 0 0 0 0
0.793809 0.140242 0.0616072 0 0 0 0 0 0
0.792111 0.141984 0.0616266 0 0 0 0 0 0
0.790329 0.143811 0.0616471 0 0 0 0 0 0
0.788425 0.145778 0.0616464 0 0 0 0 0 0
0.78646 0.147826 0.0616193 0 0 0 0 0 0
0.784408 0.149979 0.0615876 0 0 0 0 0 0
0.782282 0.152209 0.0615583 0 0 0 0 0 0
0.780093 0.154507 0.0615317 0 0 0 0 0 0
0.777846 0.156836 0.0614966 0 0 0 0 0 0
0.775543 0.159195 0.0614639 0 0 0 0 0 0
0.77325 0.161511 0.06144 0 0 0 0 0 0
0.770929 0.163848 0.0614107 0 0 0 0 0 0
0.768632 0.166145 0.0613826 0 0 0 0 0 0
0.766379 0.168359 0.0613584 0 0 0 0 0 0
0.764208 0.170473 0.0613319 0 0 0 0 0 0
0.762077 0.172518 0.061306 0 0 0 0 0 0
0.759991 0.174496 0.0612844 0 0 0 0 0 0
0.757938 0.176446 0.0612632 0 0 0 0 0 0
0.755949 0.178337 0.0612439 0 0 0 0 0 0
0.754051 0.180143 0.0612251 0 0 0 0 0 0
0.752186 0.181926 0.061219 0 0 0 0 0 0
0.750392 0.183617 0.061222 0 0 0 0 0 0
0.74862 0.18531 0.0612157 0 0 0 0 0 0
0.746908 0.186978 0.0612021 0 0 0 0 0 0
0.745171 0.18868 0.0611861 0 0 0 0 0 0
0.743459 0.190373 0.0611668 0 0 0 0 0 0
0.741764 0.192057 0.0611309 0 0 0 0 0 0
0.740092 0.193735 0.0610908 0 0 0 0 0 0
0.73839 0.195463 0.0610478 0 0 0 0 0 0
0.736647 0.19727 0.0609942 0 0 0 0 0 0
0.734908 0.199106 0.0609319 0 0 0 0 0 0
0.733119 0.201044 0.0608447 0 0 0 0 0 0
0.731308 0.203001 0.0607611 0 0 0 0 0 0
0.72942 0.205056 0.0606484 0 0 0 0 0 0
0.727501 0.207153 0.0605776 0 0 0 0 0 0
0.725527 0.209325 0.0604876 0 0 0 0 0 0
0.723515 0.211573 0.0603907 0 0 0 0 0 0
0.721441 0.213907 0.0602984 0 0 0 0 0 0
0.719327 0.216312 0.0601955 0 0 0 0 0 0
0.717184 0.21876 0.0600877 0 0 0 0 0 0
0.714966 0.221299 0.0599812 0 0 0 0 0 0
0.712753 0.223849 0.0598686 0 0 0 0 0 0
0.710506 0.226487 0.0597349 0 0 0 0 0 0
0.708273 0.229119 0.0596047 0 0 0 0 0 0
0.706036 0.231795 0.0594835 0 0 0 0 0 0
0.703801 0.234472 0.0593616 0 0 0 0 0 0
0.701604 0.237091 0.0592446 0 0 0 0 0 0
0.699474 0.239624 0.0591255 0 0 0 0 0 0
0.697425 0.242022 0.0590194 0 0 0 0 0 0
0.695453 0.244298 0.0589337 0 0 0 0 0 0
0.693569 0.246438 0.0588668 0 0 0 0 0 0
0.691674 0.248533 0.0588151 0 0 0 0 0 0
0.689783 0.250548 0.0587855 0 0 0 0 0 0
0.687838 0.252586 0.0587451 0 0 0 0 0 0
0.685836 0.254627 0.0587332 0 0 0 0 0 0
0.683822 0.256659 0.0587346 0 0 0 0 0 0
0.681694 0.258799 0.0587378 0 0 0 0 0 0
0.679488 0.260985 0.058749 0 0 0 0 0 0
0.677212 0.263268 0.0587619 0 0 0 0 0 0
0.674812 0.265691 0.0587695 0 0 0 0 0 0
0.67235 0.268191 0.0587767 0 0 0 0 0 0
0.669898 0.270697 0.0588017 0 0 0 0 0 0
0.667499 0.273172 0.0588318 0 0 0 0 0 0
0.665229 0.27551 0.0588393 0 0 0 0 0 0
0.663116 0.27768 0.0588426 0 0 0 0 0 0
0.661116 0.279725 0.0588576 0 0 0 0 0 0
0.659302 0.281577 0.0588875 0 0 0 0 0 0
0.657609 0.283343 0.0589092 0 0 0 0 0 0
0.656019 0.284961 0.0589399 0 0 0 0 0 0
0.65457 0.286391 0.0589927 0 0 0 0 0 0
0.653221 0.287703 0.0590495 0 0 0 0 0 0
0.651948 0.288916 0.0591051 0 0 0 0 0 0
0.650715 0.290082 0.0591406 0 0 0 0 0 0
0.649425 0.291332 0.0591693 0 0 0 0 0 0
0.648073 0.292654 0.0591961 0 0 0 0 0 0
0.646654 0.294054 0.0592398 0 0 0 0 0 0
0.64518 0.29551 0.0593017 0 0 0 0 0 0
0.643659 0.296976 0.0593603 0 0 0 0 0 0
0.642063 0.298558 0.0594071 0 0 0 0 0 0
0.64044 0.300213 0.059443 0 0 0 0 0 0
0.638741 0.301951 0.059479 0 0 0 0 0 0
0.636975 0.303787 0.0595318 0 0 0 0 0 0
0.635145 0.305692 0.0596096 0 0 0 0 0 0
0.633334 0.30756 0.059685 0 0 0 0 0 0
0.631499 0.309485 0.0597523 0 0 0 0 0 0
0.629633 0.311495 0.0598059 0 0 0 0 0 0
0.627695 0.313605 0.0597638 0 0 0 0 0 0
0.62571 0.31585 0.0596565 0 0 0 0 0 0
0.623698 0.318155 0.0595563 0 0 0 0 0 0
0.621599 0.320586 0.0596496 0 0 0 0 0 0
0.619468 0.323109 0.0597291 0 0 0 0 0 0
0.617329 0.325661 0.0597972 0 0 0 0 0 0
0.615159 0.32828 0.0597631 0 0 0 0 0 0
0.612932 0.330982 0.0597141 0 0 0 0 0 0
0.610719 0.333658 0.0596641 0 0 0 0 0 0
0.608531 0.336244 0.059618 0 0 0 0 0 0
0.606395 0.338742 0.0595881 0 0 0 0 0 0
0.604305 0.341113 0.059571 0 0 0 0 0 0
0.602302 0.343318 0.0595836 0 0 0 0 0 0
0.600378 0.345377 0.0595896 0 0 0 0 0 0
0.598533 0.347255 0.0596262 0 0 0 0 0 0
0.596724 0.349042 0.0596796 0 0 0 0 0 0
0.595001 0.350675 0.0597551 0 0 0 0 0 0
0.593379 0.35215 0.0598526 0 0 0 0 0 0
0.590941 0.354094 0.0600814 0 0 0 0 0 0
0.587738 0.356498 0.0604409 0 0 0 0 0 0
0.583732 0.35938 0.0609134 0 0 0 0 0 0
0.578956 0.362699 0.0615361 0 0 0 0 0 0
0.573362 0.36653 0.0622787 0 0 0 0 0 0
0.567009 0.370789 0.063089 0 0 0 0 0 0
0.559882 0.375509 0.0640046 0 0 0 0 0 0
0.552 0.380595 0.0650501 0 0 0 0 0 0
0.543339 0.386087 0.0662563 0 0 0 0 0 0
0.533879 0.391944 0.0675476 0 0 0 0 0 0
0.525368 0.39701 0.0686899 0 0 0 0 0 0
0.517732 0.401302 0.069861 0 0 0 0 0 0
0.510979 0.404821 0.0709366 0 0 0 0 0 0
0.505062 0.407598 0.0719376 0 0 0 0 0 0
0.500004 0.409623 0.0729389 0 0 0 0 0 0
0.49576 0.410943 0.0738452 0 0 0 0 0 0
0.492313 0.411571 0.0747263 0 0 0 0 0 0
0.489689 0.411587 0.0755162 0 0 0 0 0 0
0.48786 0.410977 0.0762484 0 0 0 0 0 0
0.486847 0.40983 0.0769068 0 0 0 0 0 0
0.485751 0.408704 0.0775828 0 0 0 0 0 0
0.484616 0.407613 0.0782585 0 0 0 0 0 0
0.483485 0.406557 0.0789211 0 0 0 0 0 0
0.482362 0.405555 0.0795616 0 0 0 0 0 0
0.481232 0.404579 0.0801488 0 0 0 0 0 0
0.480077 0.403592 0.080746 0 0 0 0 0 0
0.478952 0.402598 0.0813371 0 0 0 0 0 0
0.477802 0.401552 0.0819498 0 0 0 0 0 0
0.47667 0.400485 0.0825632 0 0 0 0 0 0
0.475509 0.399338 0.0831998 0 0 0 0 0 0
0.474389 0.398144 0.0838104 0 0 0 0 0 0
0.473277 0.396872 0.0844396 0 0 0 0 0 0
0.472113 0.395487 0.0850867 0 0 0 0 0 0
0.470924 0.39402 0.0857538 0 0 0 0 0 0
0.469687 0.392471 0.0864493 0 0 0 0 0 0
0.468481 0.390936 0.0871337 0 0 0 0 0 0
0.467244 0.389389 0.0877793 0 0 0 0 0 0
0.466043 0.38789 0.0883933 0 0 0 0 0 0
0.464832 0.386385 0.0890083 0 0 0 0 0 0
0.463636 0.384898 0.089616 0 0 0 0 0 0
0.462422 0.383432 0.0902228 0 0 0 0 0 0
0.461207 0.382049 0.0907925 0 0 0 0 0 0
0.460055 0.380804 0.0913001 0 0 0 0 0 0
0.458947 0.379625 0.0917748 0 0 0 0 0 0
0.457922 0.378536 0.0922092 0 0 0 0 0 0
0.456912 0.377484 0.0926259 0 0 0 0 0 0
0.455946 0.376477 0.0929903 0 0 0 0 0 0
0.45498 0.375483 0.0933527 0 0 0 0 0 0
0.454046 0.37455 0.0937041 0 0 0 0 0 0
0.453175 0.373689 0.0940289 0 0 0 0 0 0
0.452335 0.372856 0.0943405 0 0 0 0 0 0
0.451556 0.372054 0.0946366 0 0 0 0 0 0
0.45077 0.371222 0.0949397 0 0 0 0 0 0
0.449998 0.370399 0.0952384 0 0 0 0 0 0
0.449241 0.369615 0.0955271 0 0 0 0 0 0
0.448509 0.368825 0.0957806 0 0 0 0 0 0
0.447784 0.368051 0.0960238 0 0 0 0 0 0
0.447063 0.367252 0.0962707 0 0 0 0 0 0
0.446349 0.366408 0.0965242 0 0 0 0 0 0
0.445581 0.36552 0.096784 0 0 0 0 0 0
0.444785 0.364624 0.0970492 0 0 0 0 0 0
0.443903 0.363659 0.0973386 0 0 0 0 0 0
0.442995 0.362703 0.0976307 0 0 0 0 0 0
0.442029 0.361759 0.097922 0 0 0 0 0 0
0.440968 0.360782 0.0982315 0 0 0 0 0 0
0.43983 0.35982 0.0985472 0 0 0 0 0 0
0.438639 0.358863 0.0988643 0 0 0 0 0 0
0.437402 0.357937 0.0991574 0 0 0 0 0 0
0.436128 0.357041 0.0994305 0 0 0 0 0 0
0.434869 0.35616 0.0996996 0 0 0 0 0 0
0.433638 0.355279 0.0999647 0 0 0 0 0 0
0.43249 0.354431 0.100215 0 0 0 0 0 0
0.431386 0.353557 0.100464 0 0 0 0 0 0
0.430374 0.352625 0.100678 0 0 0 0 0 0
0.429506 0.351633 0.100882 0 0 0 0 0 0
0.428803 0.350558 0.101079 0 0 0 0 0 0
0.428289 0.349376 0.101269 0 0 0 0 0 0
0.427985 0.348123 0.101436 0 0 0 0 0 0
0.427868 0.346804 0.101589 0 0 0 0 0 0
0.427984 0.345414 0.101726 0 0 0 0 0 0
0.428325 0.34395 0.101827 0 0 0 0 0 0
0.428881 0.342419 0.101909 0 0 0 0 0 0
0.42968 0.340839 0.101982 0 0 0 0 0 0
0.430721 0.33923 0.10204 0 0 0 0 0 0
0.431969 0.337622 0.102063 0 0 0 0 0 0
0.433382 0.336029 0.10206 0 0 0 0 0 0
0.434919 0.334472 0.102038 0 0 0 0 0 0
0.436557 0.33291 0.101982 0 0 0 0 0 0
0.438294 0.331341 0.101935 0 0 0 0 0 0
0.440011 0.329808 0.101607 0 0 0 0 0 0
0.441731 0.328297 0.10157 0 0 0 0 0 0
0.443424 0.326795 0.101712 0 0 0 0 0 0
0.445089 0.325311 0.101817 0 0 0 0 0 0
0.446654 0.323886 0.101755 0 0 0 0 0 0
0.448126 0.322487 0.1017 0 0 0 0 0 0
0.449524 0.321118 0.101652 0 0 0 0 0 0
0.450838 0.319788 0.101613 0 0 0 0 0 0
0.452095 0.318497 0.101577 0 0 0 0 0 0
0.453336 0.317226 0.101537 0 0 0 0 0 0
0.454588 0.31597 0.101494 0 0 0 0 0 0
0.455808 0.314748 0.101452 0 0 0 0 0 0
0.457009 0.313572 0.101409 0 0 0 0 0 0
0.458189 0.312413 0.101366 0 0 0 0 0 0
0.459368 0.311234 0.101325 0 0 0 0 0 0
0.46056 0.31005 0.101266 0 0 0 0 0 0
0.461767 0.308835 0.101207 0 0 0 0 0 0
0.462986 0.307591 0.101142 0 0 0 0 0 0
0.464186 0.306329 0.101081 0 0 0 0 0 0
0.465306 0.305093 0.101027 0 0 0 0 0 0
0.466394 0.303792 0.100981 0 0 0 0 0 0
0.467439 0.30246 0.100942 0 0 0 0 0 0
0.468458 0.301015 0.100925 0 0 0 0 0 0
0.469415 0.299505 0.100922 0 0 0 0 0 0
0.470366 0.297876 0.100901 0 0 0 0 0 0
0.47127 0.296146 0.100914 0 0 0 0 0 0
0.472102 0.294337 0.100901 0 0 0 0 0 0
0.472921 0.292406 0.100896 0 0 0 0 0 0
0.473704 0.290392 0.100898 0 0 0 0 0 0
0.4745 0.288256 0.100907 0 0 0 0 0 0
0.475252 0.286133 0.100925 0 0 0 0 0 0
0.476039 0.28393 0.100943 0 0 0 0 0 0
0.476821 0.281797 0.100959 0 0 0 0 0 0
0.47764 0.279699 0.100953 0 0 0 0 0 0
0.478434 0.277727 0.100941 0 0 0 0 0 0
0.479254 0.275842 0.100921 0 0 0 0 0 0
0.480114 0.27404 0.100887 0 0 0 0 0 0
0.480948 0.272392 0.100847 0 0 0 0 0 0
0.481826 0.270814 0.100791 0 0 0 0 0 0
0.482705 0.269363 0.100729 0 0 0 0 0 0
0.483645 0.267953 0.100658 0 0 0 0 0 0
0.484576 0.266657 0.100581 0 0 0 0 0 0
0.485555 0.265365 0.100496 0 0 0 0 0 0
0.486553 0.264105 0.100407 0 0 0 0 0 0
0.487624 0.262797 0.10031 0 0 0 0 0 0
0.488747 0.261464 0.100207 0 0 0 0 0 0
0.489919 0.260103 0.100098 0 0 0 0 0 0
0.491173 0.258663 0.0999809 0 0 0 0 0 0
0.49247 0.257208 0.0998451 0 0 0 0 0 0
0.493851 0.25566 0.0996985 0 0 0 0 0 0
0.495301 0.254006 0.0995454 0 0 0 0 0 0
0.496824 0.252257 0.0993848 0 0 0 0 0 0
0.498389 0.25043 0.09921 0 0 0 0 0 0
0.50001 0.248515 0.0990163 0 0 0 0 0 0
0.501647 0.246545 0.0988192 0 0 0 0 0 0
0.503277 0.244551 0.0986127 0 0 0 0 0 0
0.504902 0.24254 0.0984058 0 0 0 0 0 0
0.506522 0.240513 0.0982068 0 0 0 0 0 0
0.508136 0.238442 0.0980084 0 0 0 0 0 0
0.509743 0.236334 0.0978035 0 0 0 0 0 0
0.511295 0.234271 0.0975943 0 0 0 0 0 0
0.512823 0.232184 0.0973891 0 0 0 0 0 0
0.514305 0.230137 0.0971905 0 0 0 0 0 0
0.515756 0.228068 0.0970008 0 0 0 0 0 0
0.517178 0.225979 0.0968096 0 0 0 0 0 0
0.518601 0.223843 0.096621 0 0 0 0 0 0
0.520002 0.221683 0.0964375 0 0 0 0 0 0
0.521377 0.219478 0.0962482 0 0 0 0 0 0
0.522713 0.217284 0.0960607 0 0 0 0 0 0
0.523975 0.215138 0.0958786 0 0 0 0 0 0
0.525225 0.212937 0.0956727 0 0 0 0 0 0
0.526411 0.210767 0.0954606 0 0 0 0 0 0
0.527576 0.208529 0.0952509 0 0 0 0 0 0
0.528685 0.206273 0.0950541 0 0 0 0 0 0
0.529749 0.204019 0.0948978 0 0 0 0 0 0
0.530749 0.201762 0.094761 0 0 0 0 0 0
0.53173 0.199449 0.0946273 0 0 0 0 0 0
0.532665 0.197148 0.0944817 0 0 0 0 0 0
0.533583 0.194765 0.0943198 0 0 0 0 0 0
0.534502 0.192288 0.0941705 0 0 0 0 0 0
0.535399 0.189772 0.0940025 0 0 0 0 0 0
0.536323 0.187124 0.0938177 0 0 0 0 0 0
0.537244 0.184388 0.0936315 0 0 0 0 0 0
0.538165 0.181607 0.0934256 0 0 0 0 0 0
0.539089 0.178768 0.0932179 0 0 0 0 0 0
0.540019 0.175915 0.0930077 0 0 0 0 0 0
0.540922 0.173081 0.0928056 0 0 0 0 0 0
0.54184 0.170176 0.0925995 0 0 0 0 0 0
0.542742 0.167311 0.0923841 0 0 0 0 0 0
0.543618 0.1645 0.0921721 0 0 0 0 0 0
0.544444 0.161774 0.091973 0 0 0 0 0 0
0.545197 0.159182 0.0917896 0 0 0 0 0 0
0.545863 0.156787 0.091625 0 0 0 0 0 0
0.546482 0.154521 0.0914652 0 0 0 0 0 0
0.547032 0.152416 0.0913241 0 0 0 0 0 0
0.547523 0.150349 0.0911911 0 0 0 0 0 0
0.547979 0.148312 0.0910503 0 0 0 0 0 0
0.548366 0.146404 0.0909229 0 0 0 0 0 0
0.548716 0.144504 0.0907881 0 0 0 0 0 0
0.54903 0.142627 0.0906719 0 0 0 0 0 0
0.549351 0.140686 0.0905562 0 0 0 0 0 0
0.549684 0.13869 0.090437 0 0 0 0 0 0
0.550071 0.136527 0.0902906 0 0 0 0 0 0
0.550487 0.134212 0.0901336 0 0 0 0 0 0
0.550961 0.131667 0.0899591 0 0 0 0 0 0
0.551496 0.128959 0.0897711 0 0 0 0 0 0
0.552082 0.126082 0.0895056 0 0 0 0 0 0
0.552741 0.122939 0.0892676 0 0 0 0 0 0
0.553458 0.119575 0.0891237 0 0 0 0 0 0
0.554256 0.115958 0.0888581 0 0 0 0 0 0
0.5551 0.112202 0.0885545 0 0 0 0 0 0
0.55598 0.108296 0.0882609 0 0 0 0 0 0
0.556865 0.104377 0.0879378 0 0 0 0 0 0
0.557759 0.100437 0.0876193 0 0 0 0 0 0
0.558643 0.096498 0.0873019 0 0 0 0 0 0
0.5595 0.092601 0.0869869 0 0 0 0 0 0
0.560331 0.088752 0.0866667 0 0 0 0 0 0
0.561101 0.085081 0.0863629 0 0 0 0 0 0
0.561817 0.081618 0.0860886 0 0 0 0 0 0
0.562442 0.078401 0.0858456 0 0 0 0 0 0
0.563021 0.075282 0.0856327 0 0 0 0 0 0
0.563555 0.072309 0.0854236 0 0 0 0 0 0
0.564066 0.069319 0.0851859 0 0 0 0 0 0
0.56454 0.066344 0.0849572 0 0 0 0 0 0
0.564983 0.063432 0.0847349 0 0 0 0 0 0
0.565403 0.060521 0.0845141 0 0 0 0 0 0
0.565799 0.057614 0.084295 0 0 0 0 0 0
0.566208 0.054547 0.0840551 0 0 0 0 0 0
0.566626 0.051304 0.0838027 0 0 0 0 0 0
0.567088 0.047791 0.0835345 0 0 0 0 0 0
0.567534 0.044166 0.0832505 0 0 0 0 0 0
0.567971 0.040344 0.0829532 0 0 0 0 0 0
0.568366 0.036473 0.0826566 0 0 0 0 0 0
0.568709 0.03254 0.0823414 0 0 0 0 0 0
0.568998 0.028531 0.0820316 0 0 0 0 0 0
0.569223 0.024548 0.0817556 0 0 0 0 0 0
0.569376 0.020607 0.0814496 0 0 0 0 0 0
0.569432 0.016862 0.0811585 0 0 0 0 0 0
0.569393 0.013319 0.0808908 0 0 0 0 0 0
0.569232 0.010069 0.0806513 0 0 0 0 0 0
0.568987 0.007035 0.0804242 0 0 0 0 0 0
0.568639 0.004259 0.0802197 0 0 0 0 0 0
0.568231 0.001636 0.080017 0 0 0 0 0 0
0.567786 -0.000749 0.079833 0 0 0 0 0 0
0.567303 -0.002903 0.079673 0 0 0 0 0 0
0.566806 -0.004916 0.079522 0 0 0 0 0 0
0.566308 -0.006835 0.0793735 0 0 0 0 0 0
0.565818 -0.008804 0.079222 0 0 0 0 0 0
0.565334 -0.010797 0.0790637 0 0 0 0 0 0
0.564861 -0.012854 0.0788863 0 0 0 0 0 0
0.564392 -0.014983 0.0787081 0 0 0 0 0 0
0.56395 -0.017173 0.0785244 0 0 0 0 0 0
0.563517 -0.019396 0.0783351 0 0 0 0 0 0
0.563107 -0.021772 0.0781282 0 0 0 0 0 0
0.562722 -0.024309 0.0778964 0 0 0 0 0 0
0.562336 -0.026969 0.0776508 0 0 0 0 0 0
0.561962 -0.029646 0.0774123 0 0 0 0 0 0
0.561594 -0.032257 0.0771712 0 0 0 0 0 0
0.561236 -0.034863 0.0769271 0 0 0 0 0 0
0.560913 -0.037434 0.0766835 0 0 0 0 0 0
0.560618 -0.040004 0.0764414 0 0 0 0 0 0
0.560358 -0.042552 0.0762052 0 0 0 0 0 0
0.560131 -0.045082 0.0759552 0 0 0 0 0 0
0.559894 -0.047604 0.0757059 0 0 0 0 0 0
0.559631 -0.050116 0.0754572 0 0 0 0 0 0
0.559355 -0.052664 0.0752054 0 0 0 0 0 0
0.559036 -0.055363 0.0749276 0 0 0 0 0 0
0.558694 -0.058163 0.0746393 0 0 0 0 0 0
0.558316 -0.061042 0.0743333 0 0 0 0 0 0
0.557861 -0.063994 0.0740156 0 0 0 0 0 0
0.55734 -0.066978 0.0737016 0 0 0 0 0 0
0.556731 -0.070017 0.0733831 0 0 0 0 0 0
0.556037 -0.073096 0.0730498 0 0 0 0 0 0
0.5553 -0.076168 0.0727004 0 0 0 0 0 0
0.554546 -0.079179 0.0723626 0 0 0 0 0 0
0.553761 -0.082138 0.0720294 0 0 0 0 0 0
0.552957 -0.085018 0.0716778 0 0 0 0 0 0
0.55212 -0.087883 0.0713263 0 0 0 0 0 0
0.551242 -0.090727 0.0709749 0 0 0 0 0 0
0.550351 -0.093599 0.0706145 0 0 0 0 0 0
0.54944 -0.096492 0.0702471 0 0 0 0 0 0
0.548495 -0.099421 0.0698767 0 0 0 0 0 0
0.54753 -0.102388 0.0694987 0 0 0 0 0 0
0.546527 -0.105397 0.0691045 0 0 0 0 0 0
0.545475 -0.108501 0.0686785 0 0 0 0 0 0
0.544395 -0.111669 0.0682343 0 0 0 0 0 0
0.543297 -0.114823 0.0677857 0 0 0 0 0 0
0.542165 -0.11801 0.0673256 0 0 0 0 0 0
0.541012 -0.121248 0.0668572 0 0 0 0 0 0
0.539858 -0.124457 0.0663684 0 0 0 0 0 0
0.538699 -0.12767 0.0658621 0 0 0 0 0 0
0.537564 -0.130871 0.0653593 0 0 0 0 0 0
0.536441 -0.134062 0.0648539 0 0 0 0 0 0
0.535325 -0.137188 0.0643526 0 0 0 0 0 0
0.534213 -0.140298 0.0638421 0 0 0 0 0 0
0.533077 -0.143386 0.0633269 0 0 0 0 0 0
0.531912 -0.146539 0.0628027 0 0 0 0 0 0
0.530718 -0.149696 0.0622771 0 0 0 0 0 0
0.529525 -0.152763 0.0617544 0 0 0 0 0 0
0.528278 -0.15585 0.0612159 0 0 0 0 0 0
0.527018 -0.158861 0.0606787 0 0 0 0 0 0
0.525715 -0.161852 0.0601412 0 0 0 0 0 0
0.524354 -0.16482 0.0595781 0 0 0 0 0 0
0.522921 -0.167862 0.0590084 0 0 0 0 0 0
0.521442 -0.170865 0.0584424 0 0 0 0 0 0
0.519907 -0.173836 0.057833 0 0 0 0 0 0
0.518321 -0.176743 0.0571866 0 0 0 0 0 0
0.516696 -0.17961 0.056542 0 0 0 0 0 0
0.51501 -0.182511 0.055887 0 0 0 0 0 0
0.513277 -0.18538 0.0553779 0 0 0 0 0 0
0.511452 -0.188354 0.0548781 0 0 0 0 0 0
0.50957 -0.191329 0.0542516 0 0 0 0 0 0
0.50765 -0.194292 0.0536238 0 0 0 0 0 0
0.50574 -0.197135 0.0530136 0 0 0 0 0 0
0.5038 -0.199983 0.0522747 0 0 0 0 0 0
0.501869 -0.202805 0.051366 0 0 0 0 0 0
0.499935 -0.20565 0.0504967 0 0 0 0 0 0
0.49802 -0.208419 0.0501855 0 0 0 0 0 0
0.496116 -0.211179 0.0498813 0 0 0 0 0 0
0.494258 -0.213853 0.0493454 0 0 0 0 0 0
0.492469 -0.216369 0.0487669 0 0 0 0 0 0
0.490729 -0.218764 0.0482204 0 0 0 0 0 0
0.48905 -0.221059 0.0477047 0 0 0 0 0 0
0.48738 -0.223349 0.0471894 0 0 0 0 0 0
0.485759 -0.225517 0.0466732 0 0 0 0 0 0
0.484174 -0.227586 0.0461723 0 0 0 0 0 0
0.482645 -0.229466 0.0457154 0 0 0 0 0 0
0.481151 -0.231297 0.045274 0 0 0 0 0 0
0.479692 -0.232951 0.0448428 0 0 0 0 0 0
0.478246 -0.234572 0.0443976 0 0 0 0 0 0
0.476817 -0.236108 0.0439691 0 0 0 0 0 0
0.4754 -0.237625 0.0435549 0 0 0 0 0 0
0.473987 -0.239071 0.043185 0 0 0 0 0 0
0.472613 -0.240405 0.0428378 0 0 0 0 0 0
0.471242 -0.241728 0.0424927 0 0 0 0 0 0
0.469924 -0.242951 0.0421694 0 0 0 0 0 0
0.468636 -0.244187 0.0418464 0 0 0 0 0 0
0.467426 -0.245299 0.0415487 0 0 0 0 0 0
0.466268 -0.246408 0.0412486 0 0 0 0 0 0
0.465169 -0.247414 0.0409719 0 0 0 0 0 0
0.464131 -0.248394 0.0407055 0 0 0 0 0 0
0.463154 -0.249303 0.0404571 0 0 0 0 0 0
0.462252 -0.250173 0.0402225 0 0 0 0 0 0
0.46141 -0.25102 0.0399976 0 0 0 0 0 0
0.460681 -0.251724 0.039804 0 0 0 0 0 0
0.459978 -0.25245 0.0396179 0 0 0 0 0 0
0.459318 -0.253124 0.0394383 0 0 0 0 0 0
0.458636 -0.253839 0.0392494 0 0 0 0 0 0
0.457971 -0.254535 0.0390655 0 0 0 0 0 0
