0.508031 -0.287735 0.076920
0.508314 -0.287547 0.076940
0.508607 -0.287348 0.076966
0.508913 -0.287129 0.077015
0.509256 -0.286868 0.077097
0.509630 -0.286540 0.077218
0.510058 -0.286112 0.077374
0.510536 -0.285586 0.077550
0.511101 -0.284932 0.077712
0.511764 -0.284147 0.077863
0.512543 -0.283215 0.078034
0.513421 -0.282145 0.078231
0.514408 -0.280916 0.078427
0.515520 -0.279530 0.078583
0.516724 -0.277995 0.078709
0.518020 -0.276353 0.078844
0.519385 -0.274632 0.078986
0.520846 -0.272806 0.079184
0.522349 -0.270926 0.079447
0.523891 -0.268994 0.079751
0.525427 -0.267051 0.080039
0.526989 -0.265070 0.080295
0.528560 -0.263105 0.080581
0.530101 -0.261158 0.080905
0.531629 -0.259229 0.081249
0.533147 -0.257310 0.081587
0.534645 -0.255407 0.081919
0.536083 -0.253568 0.082195
0.537498 -0.251757 0.082442
0.538877 -0.249997 0.082673
0.540262 -0.248242 0.082918
0.541622 -0.246549 0.083192
0.542961 -0.244852 0.083427
0.544295 -0.243169 0.083672
0.545627 -0.241503 0.083928
0.546966 -0.239820 0.084198
0.548312 -0.238136 0.084500
0.549707 -0.236390 0.084834
0.551126 -0.234620 0.085172
0.552601 -0.232770 0.085531
0.554111 -0.230853 0.085911
0.555701 -0.228796 0.086331
0.557382 -0.226627 0.086822
0.559174 -0.224301 0.087325
0.561041 -0.221863 0.087852
0.562967 -0.219335 0.088384
0.564982 -0.216679 0.088906
0.567036 -0.213982 0.089454
0.569128 -0.211228 0.090014
0.571226 -0.208466 0.090564
0.573291 -0.205753 0.091108
0.575297 -0.203137 0.091615
0.577223 -0.200643 0.092070
0.579047 -0.198308 0.092502
0.580816 -0.196054 0.092895
0.582529 -0.193887 0.093259
0.584153 -0.191864 0.093610
0.585725 -0.189905 0.093927
0.587258 -0.188002 0.094248
0.588755 -0.186149 0.094581
0.590291 -0.184271 0.094899
0.591839 -0.182382 0.095208
0.593411 -0.180462 0.095542
0.594992 -0.178533 0.095874
0.596561 -0.176638 0.096236
0.598088 -0.174816 0.096624
0.599606 -0.172996 0.097015
0.601073 -0.171253 0.097402
0.602508 -0.169552 0.097754
0.603900 -0.167926 0.098064
0.605196 -0.166407 0.098369
0.606435 -0.164970 0.098672
0.607574 -0.163646 0.098942
0.608649 -0.162385 0.099204
0.609672 -0.161186 0.099431
0.610676 -0.160002 0.099627
0.611638 -0.158868 0.099822
0.612607 -0.157708 0.100024
0.613551 -0.156599 0.100253
0.614494 -0.155479 0.100486
0.615441 -0.154376 0.100700
0.616364 -0.153295 0.100895
0.617317 -0.152179 0.101087
0.618283 -0.151045 0.101255
0.619239 -0.149912 0.101411
0.620164 -0.148780 0.101551
0.621086 -0.147650 0.101656
0.621974 -0.146546 0.101725
0.622840 -0.145421 0.101746
0.623690 -0.144290 0.101778
0.624557 -0.143088 0.101841
0.625442 -0.141824 0.101937
0.626350 -0.140520 0.102048
0.627275 -0.139171 0.102190
0.628240 -0.137742 0.102345
0.629285 -0.136208 0.102523
0.630375 -0.134579 0.102738
0.631514 -0.132869 0.102982
0.632721 -0.131079 0.103278
0.633965 -0.129220 0.103571
0.635219 -0.127324 0.103822
0.636517 -0.125381 0.104031
0.637832 -0.123400 0.104217
0.639172 -0.121399 0.104376
0.640559 -0.119370 0.104534
0.641974 -0.117332 0.104686
0.643416 -0.115296 0.104795
0.644912 -0.113224 0.104887
0.646445 -0.111138 0.104946
0.648058 -0.109007 0.105014
0.649737 -0.106859 0.105123
0.651482 -0.104680 0.105278
0.653270 -0.102501 0.105459
0.655119 -0.100295 0.105667
0.656973 -0.098123 0.105890
0.658823 -0.095989 0.106136
0.660724 -0.093845 0.106422
0.662621 -0.091762 0.106715
0.664550 -0.089685 0.107019
0.666474 -0.087669 0.107299
0.668385 -0.085711 0.107552
0.670265 -0.083828 0.107773
0.672159 -0.081976 0.107956
0.674020 -0.080198 0.108102
0.675910 -0.078417 0.108220
0.677804 -0.076685 0.108299
0.679661 -0.075028 0.108363
0.681507 -0.073405 0.108413
0.683300 -0.071869 0.108451
0.685027 -0.070419 0.108490
0.686758 -0.068986 0.108528
0.688460 -0.067599 0.108553
0.690120 -0.066256 0.108593
0.691784 -0.064911 0.108637
0.693406 -0.063633 0.108683
0.695033 -0.062332 0.108728
0.696637 -0.061059 0.108743
0.698248 -0.059777 0.108763
0.699841 -0.058516 0.108777
0.701458 -0.057218 0.108773
0.703016 -0.055963 0.108760
0.704589 -0.054689 0.108759
0.706177 -0.053424 0.108756
0.707721 -0.052199 0.108764
0.709263 -0.050961 0.108763
0.710739 -0.049795 0.108775
0.712204 -0.048620 0.108811
0.713613 -0.047503 0.108844
0.715019 -0.046369 0.108887
0.716402 -0.045262 0.108962
0.717804 -0.044147 0.109052
0.719155 -0.043078 0.109142
0.720448 -0.042043 0.109249
0.721760 -0.041009 0.109355
0.723021 -0.040020 0.109475
0.724310 -0.039004 0.109579
0.725576 -0.038017 0.109670
0.726877 -0.037000 0.109754
0.728186 -0.036000 0.109823
0.729487 -0.035008 0.109864
0.730791 -0.034009 0.109878
0.732131 -0.032978 0.109864
0.733510 -0.031922 0.109806
0.734881 -0.030868 0.109732
0.736293 -0.029783 0.109638
0.737707 -0.028700 0.109545
0.739158 -0.027592 0.109442
0.740602 -0.026492 0.109335
0.742053 -0.025377 0.109236
0.743521 -0.024257 0.109142
0.744992 -0.023150 0.109056
0.746466 -0.022055 0.108987
0.747930 -0.020964 0.108942
0.749400 -0.019859 0.108882
0.750904 -0.018736 0.108813
0.752459 -0.017583 0.108734
0.754059 -0.016384 0.108643
0.755732 -0.015129 0.108546
0.757466 -0.013835 0.108413
0.759276 -0.012462 0.108257
0.761161 -0.011004 0.108089
0.763130 -0.009463 0.107900
0.765197 -0.007839 0.107695
0.767315 -0.006179 0.107498
0.769460 -0.004498 0.107307
0.771561 -0.002828 0.107113
0.773645 -0.001182 0.106920
0.775670 0.000435 0.106721
0.777599 0.001990 0.106532
0.779448 0.003469 0.106351
0.781186 0.004834 0.106170
0.782828 0.006108 0.105987
0.784353 0.007282 0.105793
0.785829 0.008401 0.105585
0.787216 0.009462 0.105373
0.788600 0.010500 0.105164
0.789956 0.011502 0.104961
0.791286 0.012448 0.104748
0.792664 0.013397 0.104540
0.794043 0.014320 0.104330
0.795476 0.015261 0.104118
0.796898 0.016198 0.103911
0.798357 0.017146 0.103717
0.799790 0.018074 0.103529
0.801249 0.018997 0.103315
0.802702 0.019903 0.103090
0.804129 0.020781 0.102837
0.805586 0.021690 0.102607
0.807016 0.022590 0.102388
0.808469 0.023520 0.102168
0.809927 0.024477 0.101939
0.811431 0.025450 0.101706
0.812956 0.026427 0.101445
0.814578 0.027457 0.101170
0.816254 0.028511 0.100902
0.817987 0.029598 0.100638
0.819774 0.030742 0.100388
0.821587 0.031903 0.100106
0.823466 0.033105 0.099771
0.825353 0.034298 0.099405
0.827242 0.035460 0.099026
0.829158 0.036639 0.098619
0.831057 0.037802 0.098217
0.832883 0.038929 0.097810
0.834661 0.040038 0.097409
0.836401 0.041118 0.096985
0.838149 0.042155 0.096561
0.839882 0.043156 0.096127
0.841556 0.044101 0.095712
0.843243 0.045058 0.095317
0.844919 0.046003 0.094928
0.846560 0.046910 0.094555
0.848229 0.047847 0.094150
0.849930 0.048787 0.093731
0.851681 0.049747 0.093277
0.853418 0.050689 0.092827
0.855135 0.051646 0.092345
0.856844 0.052601 0.091854
0.858559 0.053573 0.091349
0.860228 0.054501 0.090796
0.861871 0.055432 0.090223
0.863464 0.056357 0.089626
0.864962 0.057208 0.089055
0.866358 0.058051 0.088504
0.867613 0.058848 0.087978
0.868750 0.059682 0.087446
0.869721 0.060496 0.086936
0.870519 0.061323 0.086476
0.871106 0.062202 0.086029
0.871468 0.063153 0.085662
0.871558 0.064172 0.085321
0.871407 0.065252 0.085038
0.871027 0.066457 0.084783
0.870400 0.067695 0.084564
0.869529 0.069022 0.084379
0.868452 0.070395 0.084268
0.867195 0.071853 0.084196
0.865723 0.073351 0.084107
0.864123 0.074825 0.084085
0.862396 0.076288 0.084054
0.860654 0.077703 0.084058
0.858868 0.079084 0.084064
0.857024 0.080420 0.084092
0.855195 0.081778 0.084113
0.853390 0.083100 0.084161
0.851618 0.084353 0.084186
0.849883 0.085551 0.084225
0.848249 0.086720 0.084331
0.846688 0.087878 0.084431
0.845212 0.089032 0.084566
0.843749 0.090219 0.084720
0.842276 0.091480 0.084889
0.840849 0.092754 0.085062
0.839452 0.093998 0.085260
0.838069 0.095260 0.085442
0.836643 0.096605 0.085612
0.835179 0.098012 0.085762
0.833640 0.099511 0.085862
0.832039 0.101077 0.085944
0.830398 0.102687 0.086005
0.828741 0.104326 0.086043
0.827128 0.105934 0.086066
0.825534 0.107554 0.086088
0.823907 0.109240 0.086088
0.822297 0.110938 0.086079
0.820755 0.112604 0.086081
0.819257 0.114246 0.086095
0.817828 0.115820 0.086135
0.816446 0.117355 0.086178
0.815092 0.118853 0.086224
0.813752 0.120325 0.086274
0.812418 0.121785 0.086348
0.811071 0.123227 0.086399
0.809739 0.124615 0.086448
0.808390 0.125976 0.086508
0.807018 0.127332 0.086577
0.805647 0.128678 0.086635
0.804278 0.130004 0.086671
0.802865 0.131360 0.086689
0.801445 0.132727 0.086684
0.800004 0.134124 0.086666
0.798524 0.135542 0.086612
0.797006 0.137020 0.086579
0.795446 0.138575 0.086544
0.793809 0.140242 0.086494
0.792111 0.141984 0.086430
0.790329 0.143811 0.086358
0.788425 0.145778 0.086287
0.786460 0.147826 0.086218
0.784408 0.149979 0.086181
0.782282 0.152209 0.086153
0.780093 0.154507 0.086134
0.777846 0.156836 0.086088
0.775543 0.159195 0.086030
0.773250 0.161511 0.085968
0.770929 0.163848 0.085899
0.768632 0.166145 0.085835
0.766379 0.168359 0.085778
0.764208 0.170473 0.085731
0.762077 0.172518 0.085661
0.759991 0.174496 0.085583
0.757938 0.176446 0.085510
0.755949 0.178337 0.085455
0.754051 0.180143 0.085435
0.752186 0.181926 0.085425
0.750392 0.183617 0.085421
0.748620 0.185310 0.085429
0.746908 0.186978 0.085431
0.745171 0.188680 0.085437
0.743459 0.190373 0.085450
0.741764 0.192057 0.085440
0.740092 0.193735 0.085441
0.738390 0.195463 0.085443
0.736647 0.197270 0.085444
0.734908 0.199106 0.085480
0.733119 0.201044 0.085537
0.731308 0.203001 0.085588
0.729420 0.205056 0.085654
0.727501 0.207153 0.085694
0.725527 0.209325 0.085716
0.723515 0.211573 0.085768
0.721441 0.213907 0.085793
0.719327 0.216312 0.085795
0.717184 0.218760 0.085757
0.714966 0.221299 0.085663
0.712753 0.223849 0.085547
0.710506 0.226487 0.085412
0.708273 0.229119 0.085259
0.706036 0.231795 0.085131
0.703801 0.234472 0.085017
0.701604 0.237091 0.084902
0.699474 0.239624 0.084814
0.697425 0.242022 0.084726
0.695453 0.244298 0.084672
0.693569 0.246438 0.084643
0.691674 0.248533 0.084597
0.689783 0.250548 0.084553
0.687838 0.252586 0.084510
0.685836 0.254627 0.084441
0.683822 0.256659 0.084379
0.681694 0.258799 0.084293
0.679488 0.260985 0.084180
0.677212 0.263268 0.084110
0.674812 0.265691 0.084006
0.672350 0.268191 0.083909
0.669898 0.270697 0.083823
0.667499 0.273172 0.083772
0.665229 0.275510 0.083751
0.663116 0.277680 0.083782
0.661116 0.279725 0.083831
0.659302 0.281577 0.083925
0.657609 0.283343 0.084062
0.656019 0.284961 0.084177
0.654570 0.286391 0.084324
0.653221 0.287703 0.084461
0.651948 0.288916 0.084635
0.650715 0.290082 0.084782
0.649425 0.291332 0.084900
0.648073 0.292654 0.084959
0.646654 0.294054 0.085008
0.645180 0.295510 0.085051
0.643659 0.296976 0.085039
0.642063 0.298558 0.084989
0.640440 0.300213 0.084918
0.638741 0.301951 0.084828
0.636975 0.303787 0.084686
0.635145 0.305692 0.084529
0.633334 0.307560 0.084371
0.631499 0.309485 0.084228
0.629633 0.311495 0.084036
0.627695 0.313605 0.083775
0.625710 0.315850 0.083532
0.623698 0.318155 0.083334
0.621599 0.320586 0.083153
0.619468 0.323109 0.082988
0.617329 0.325661 0.082838
0.615159 0.328280 0.082718
0.612932 0.330982 0.082603
0.610719 0.333658 0.082496
0.608531 0.336244 0.082415
0.606395 0.338742 0.082391
0.604305 0.341113 0.082373
0.602302 0.343318 0.082338
0.600378 0.345377 0.082280
0.598533 0.347255 0.082226
0.596724 0.349042 0.082180
0.595001 0.350675 0.082121
0.593379 0.352150 0.082083
0.590941 0.354094 0.082208
0.587738 0.356498 0.082531
0.583732 0.359380 0.083018
0.578956 0.362699 0.083688
0.573362 0.366530 0.084539
0.567009 0.370789 0.085602
0.559882 0.375509 0.086874
0.552000 0.380595 0.088369
0.543339 0.386087 0.090083
0.533879 0.391944 0.092024
0.525368 0.397010 0.093892
0.517732 0.401302 0.095664
0.510979 0.404821 0.097349
0.505062 0.407598 0.098970
0.500004 0.409623 0.100510
0.495760 0.410943 0.101958
0.492313 0.411571 0.103296
0.489689 0.411587 0.104483
0.487860 0.410977 0.105533
0.486847 0.409830 0.106386
0.485751 0.408704 0.107224
0.484616 0.407613 0.108044
0.483485 0.406557 0.108877
0.482362 0.405555 0.109658
0.481232 0.404579 0.110434
0.480077 0.403592 0.111187
0.478952 0.402598 0.111926
0.477802 0.401552 0.112696
0.476670 0.400485 0.113458
0.475509 0.399338 0.114256
0.474389 0.398144 0.115051
0.473277 0.396872 0.115858
0.472113 0.395487 0.116640
0.470924 0.394020 0.117411
0.469687 0.392471 0.118155
0.468481 0.390936 0.118853
0.467244 0.389389 0.119505
0.466043 0.387890 0.120071
0.464832 0.386385 0.120625
0.463636 0.384898 0.121144
0.462422 0.383432 0.121641
0.461207 0.382049 0.122069
0.460055 0.380804 0.122457
0.458947 0.379625 0.122842
0.457922 0.378536 0.123244
0.456912 0.377484 0.123650
0.455946 0.376477 0.124063
0.454980 0.375483 0.124495
0.454046 0.374550 0.124901
0.453175 0.373689 0.125305
0.452335 0.372856 0.125691
0.451556 0.372054 0.126079
0.450770 0.371222 0.126483
0.449998 0.370399 0.126879
0.449241 0.369615 0.127195
0.448509 0.368825 0.127524
0.447784 0.368051 0.127826
0.447063 0.367252 0.128139
0.446349 0.366408 0.128467
0.445581 0.365520 0.128768
0.444785 0.364624 0.129057
0.443903 0.363659 0.129364
0.442995 0.362703 0.129638
0.442029 0.361759 0.129885
0.440968 0.360782 0.130157
0.439830 0.359820 0.130401
0.438639 0.358863 0.130651
0.437402 0.357937 0.130877
0.436128 0.357041 0.131094
0.434869 0.356160 0.131342
0.433638 0.355279 0.131631
0.432490 0.354431 0.131926
0.431386 0.353557 0.132242
0.430374 0.352625 0.132569
0.429506 0.351633 0.132901
0.428803 0.350558 0.133227
0.428289 0.349376 0.133556
0.427985 0.348123 0.133895
0.427868 0.346804 0.134196
0.427984 0.345414 0.134450
0.428325 0.343950 0.134651
0.428881 0.342419 0.134826
0.429680 0.340839 0.134975
0.430721 0.339230 0.135105
0.431969 0.337622 0.135209
0.433382 0.336029 0.135300
0.434919 0.334472 0.135373
0.436557 0.332910 0.135416
0.438294 0.331341 0.135468
0.440011 0.329808 0.135514
0.441731 0.328297 0.135559
0.443424 0.326795 0.135588
0.445089 0.325311 0.135622
0.446654 0.323886 0.135661
0.448126 0.322487 0.135702
0.449524 0.321118 0.135740
0.450838 0.319788 0.135770
0.452095 0.318497 0.135801
0.453336 0.317226 0.135827
0.454588 0.315970 0.135866
0.455808 0.314748 0.135905
0.457009 0.313572 0.135942
0.458189 0.312413 0.135967
0.459368 0.311234 0.135981
0.460560 0.310050 0.136001
0.461767 0.308835 0.136017
0.462986 0.307591 0.136036
0.464186 0.306329 0.136054
0.465306 0.305093 0.136062
0.466394 0.303792 0.136075
0.467439 0.302460 0.136071
0.468458 0.301015 0.136065
0.469415 0.299505 0.136064
0.470366 0.297876 0.136059
0.471270 0.296146 0.136054
0.472102 0.294337 0.136051
0.472921 0.292406 0.136037
0.473704 0.290392 0.136008
0.474500 0.288256 0.135975
0.475252 0.286133 0.135904
0.476039 0.283930 0.135837
0.476821 0.281797 0.135757
0.477640 0.279699 0.135663
0.478434 0.277727 0.135561
0.479254 0.275842 0.135431
0.480114 0.274040 0.135295
0.480948 0.272392 0.135168
0.481826 0.270814 0.135061
0.482705 0.269363 0.134964
0.483645 0.267953 0.134894
0.484576 0.266657 0.134826
0.485555 0.265365 0.134779
0.486553 0.264105 0.134739
0.487624 0.262797 0.134726
0.488747 0.261464 0.134737
0.489919 0.260103 0.134751
0.491173 0.258663 0.134749
0.492470 0.257208 0.134724
0.493851 0.255660 0.134685
0.495301 0.254006 0.134634
0.496824 0.252257 0.134585
0.498389 0.250430 0.134510
0.500010 0.248515 0.134429
0.501647 0.246545 0.134299
0.503277 0.244551 0.134135
0.504902 0.242540 0.133950
0.506522 0.240513 0.133768
0.508136 0.238442 0.133582
0.509743 0.236334 0.133389
0.511295 0.234271 0.133180
0.512823 0.232184 0.132955
0.514305 0.230137 0.132732
0.515756 0.228068 0.132494
0.517178 0.225979 0.132269
0.518601 0.223843 0.132084
0.520002 0.221683 0.131917
0.521377 0.219478 0.131753
0.522713 0.217284 0.131607
0.523975 0.215138 0.131469
0.525225 0.212937 0.131367
0.526411 0.210767 0.131289
0.527576 0.208529 0.131216
0.528685 0.206273 0.131141
0.529749 0.204019 0.131079
0.530749 0.201762 0.130971
0.531730 0.199449 0.130846
0.532665 0.197148 0.130708
0.533583 0.194765 0.130551
0.534502 0.192288 0.130380
0.535399 0.189772 0.130169
0.536323 0.187124 0.129930
0.537244 0.184388 0.129684
0.538165 0.181607 0.129448
0.539089 0.178768 0.129216
0.540019 0.175915 0.129023
0.540922 0.173081 0.128847
0.541840 0.170176 0.128698
0.542742 0.167311 0.128565
0.543618 0.164500 0.128457
0.544444 0.161774 0.128379
0.545197 0.159182 0.128327
0.545863 0.156787 0.128282
0.546482 0.154521 0.128257
0.547032 0.152416 0.128218
0.547523 0.150349 0.128158
0.547979 0.148312 0.128073
0.548366 0.146404 0.127959
0.548716 0.144504 0.127823
0.549030 0.142627 0.127659
0.549351 0.140686 0.127481
0.549684 0.138690 0.127283
0.550071 0.136527 0.127092
0.550487 0.134212 0.126870
0.550961 0.131667 0.126656
0.551496 0.128959 0.126448
0.552082 0.126082 0.126261
0.552741 0.122939 0.126088
0.553458 0.119575 0.125917
0.554256 0.115958 0.125742
0.555100 0.112202 0.125554
0.555980 0.108296 0.125351
0.556865 0.104377 0.125113
0.557759 0.100437 0.124868
0.558643 0.096498 0.124594
0.559500 0.092601 0.124290
0.560331 0.088752 0.123947
0.561101 0.085081 0.123548
0.561817 0.081618 0.123129
0.562442 0.078401 0.122703
0.563021 0.075282 0.122283
0.563555 0.072309 0.121868
0.564066 0.069319 0.121468
0.564540 0.066344 0.121057
0.564983 0.063432 0.120648
0.565403 0.060521 0.120242
0.565799 0.057614 0.119842
0.566208 0.054547 0.119484
0.566626 0.051304 0.119146
0.567088 0.047791 0.118804
0.567534 0.044166 0.118437
0.567971 0.040344 0.118050
0.568366 0.036473 0.117649
0.568709 0.032540 0.117257
0.568998 0.028531 0.116865
0.569223 0.024548 0.116483
0.569376 0.020607 0.116110
0.569432 0.016862 0.115740
0.569393 0.013319 0.115386
0.569232 0.010069 0.115078
0.568987 0.007035 0.114821
0.568639 0.004259 0.114592
0.568231 0.001636 0.114394
0.567786 -0.000749 0.114196
0.567303 -0.002903 0.114008
0.566806 -0.004916 0.113832
0.566308 -0.006835 0.113673
0.565818 -0.008804 0.113517
0.565334 -0.010797 0.113353
0.564861 -0.012854 0.113142
0.564392 -0.014983 0.112895
0.563950 -0.017173 0.112661
0.563517 -0.019396 0.112399
0.563107 -0.021772 0.112161
0.562722 -0.024309 0.111943
0.562336 -0.026969 0.111737
0.561962 -0.029646 0.111524
0.561594 -0.032257 0.111311
0.561236 -0.034863 0.111092
0.560913 -0.037434 0.110892
0.560618 -0.040004 0.110713
0.560358 -0.042552 0.110541
0.560131 -0.045082 0.110401
0.559894 -0.047604 0.110247
0.559631 -0.050116 0.110067
0.559355 -0.052664 0.109858
0.559036 -0.055363 0.109643
0.558694 -0.058163 0.109428
0.558316 -0.061042 0.109221
0.557861 -0.063994 0.108996
0.557340 -0.066978 0.108754
0.556731 -0.070017 0.108473
0.556037 -0.073096 0.108174
0.555300 -0.076168 0.107883
0.554546 -0.079179 0.107615
0.553761 -0.082138 0.107363
0.552957 -0.085018 0.107105
0.552120 -0.087883 0.106837
0.551242 -0.090727 0.106556
0.550351 -0.093599 0.106299
0.549440 -0.096492 0.106039
0.548495 -0.099421 0.105774
0.547530 -0.102388 0.105493
0.546527 -0.105397 0.105182
0.545475 -0.108501 0.104825
0.544395 -0.111669 0.104443
0.543297 -0.114823 0.104057
0.542165 -0.118010 0.103644
0.541012 -0.121248 0.103201
0.539858 -0.124457 0.102733
0.538699 -0.127670 0.102246
0.537564 -0.130871 0.101766
0.536441 -0.134062 0.101269
0.535325 -0.137188 0.100755
0.534213 -0.140298 0.100258
0.533077 -0.143386 0.099764
0.531912 -0.146539 0.099248
0.530718 -0.149696 0.098729
0.529525 -0.152763 0.098215
0.528278 -0.155850 0.097687
0.527018 -0.158861 0.097174
0.525715 -0.161852 0.096662
0.524354 -0.164820 0.096173
0.522921 -0.167862 0.095726
0.521442 -0.170865 0.095300
0.519907 -0.173836 0.094864
0.518321 -0.176743 0.094454
0.516696 -0.179610 0.094060
0.515010 -0.182511 0.093705
0.513277 -0.185380 0.093349
0.511452 -0.188354 0.092969
0.509570 -0.191329 0.092551
0.507650 -0.194292 0.092101
0.505740 -0.197135 0.091622
0.503800 -0.199983 0.091081
0.501869 -0.202805 0.090535
0.499935 -0.205650 0.089962
0.498020 -0.208419 0.089372
0.496116 -0.211179 0.088733
0.494258 -0.213853 0.088099
0.492469 -0.216369 0.087488
0.490729 -0.218764 0.086912
0.489050 -0.221059 0.086359
0.487380 -0.223349 0.085802
0.485759 -0.225517 0.085286
0.484174 -0.227586 0.084795
0.482645 -0.229466 0.084302
0.481151 -0.231297 0.083827
0.479692 -0.232951 0.083362
0.478246 -0.234572 0.082908
0.476817 -0.236108 0.082437
0.475400 -0.237625 0.081955
0.473987 -0.239071 0.081471
0.472613 -0.240405 0.080998
0.471242 -0.241728 0.080491
0.469924 -0.242951 0.080011
0.468636 -0.244187 0.079587
0.467426 -0.245299 0.079215
0.466268 -0.246408 0.078896
0.465169 -0.247414 0.078594
0.464131 -0.248394 0.078351
0.463154 -0.249303 0.078147
0.462252 -0.250173 0.077976
0.461410 -0.251020 0.077838
0.460681 -0.251724 0.077808
0.459978 -0.252450 0.077775
0.459318 -0.253124 0.077737
0.458636 -0.253839 0.077675
0.457971 -0.254535 0.077620
