0.469 -0.195 0.084 3.317 -6.149 -0.936 0 0 10.261
0.469 -0.195 0.084 3.317 -6.149 -0.936 0 0 12.177
0.469 -0.195 0.084 3.317 -6.149 -0.936 0 0 12.177
0.469 -0.195 0.084 3.315 -6.149 -0.932 0 0 12.607
0.469 -0.195 0.084 3.315 -6.149 -0.932 0 0 12.608
0.469 -0.195 0.084 3.315 -6.149 -0.932 0 0 12.848
0.469 -0.195 0.084 3.313 -6.150 -0.931 0 0 12.848
0.469 -0.195 0.084 3.313 -6.150 -0.931 0 0 12.849
0.469 -0.195 0.084 3.313 -6.150 -0.931 0 0 12.849
0.469 -0.195 0.084 3.313 -6.150 -0.931 0 0 12.899
0.469 -0.195 0.084 3.309 -6.150 -0.930 0 0 12.899
0.469 -0.195 0.084 3.309 -6.150 -0.930 0 0 13.050
0.469 -0.195 0.084 3.309 -6.150 -0.930 0 0 13.050
0.469 -0.195 0.084 3.304 -6.148 -0.929 0 0 12.860
0.469 -0.195 0.084 3.304 -6.148 -0.929 0 0 12.862
0.469 -0.195 0.084 3.304 -6.148 -0.929 0 0 12.952
0.468 -0.195 0.084 3.299 -6.145 -0.928 0 0 12.952
0.468 -0.195 0.084 3.299 -6.145 -0.928 0 0 13.323
0.468 -0.195 0.084 3.299 -6.145 -0.928 0 0 13.323
0.468 -0.195 0.084 3.299 -6.145 -0.928 0 0 13.793
0.469 -0.195 0.084 3.294 -6.141 -0.928 0 0 13.793
0.469 -0.195 0.084 3.294 -6.141 -0.928 0 0 13.594
0.469 -0.195 0.084 3.294 -6.141 -0.928 0 0 13.594
0.469 -0.195 0.084 3.292 -6.137 -0.930 0 0 13.464
0.469 -0.195 0.084 3.292 -6.137 -0.930 0 0 13.465
0.469 -0.195 0.084 3.292 -6.137 -0.930 0 0 13.475
0.469 -0.195 0.084 3.289 -6.133 -0.934 0 0 13.475
0.469 -0.195 0.084 3.289 -6.133 -0.934 0 0 13.965
0.469 -0.195 0.084 3.289 -6.133 -0.934 0 0 13.965
0.469 -0.195 0.084 3.289 -6.133 -0.934 0 0 14.045
0.469 -0.195 0.084 3.290 -6.126 -0.936 0 0 14.045
0.469 -0.195 0.084 3.290 -6.126 -0.936 0 0 13.744
0.469 -0.195 0.084 3.290 -6.126 -0.936 0 0 13.744
0.469 -0.195 0.084 3.294 -6.121 -0.938 0 0 13.584
0.469 -0.195 0.084 3.294 -6.121 -0.938 0 0 13.582
0.469 -0.195 0.084 3.294 -6.121 -0.938 0 0 13.652
0.469 -0.195 0.084 3.297 -6.120 -0.942 0 0 13.652
0.469 -0.195 0.084 3.297 -6.120 -0.942 0 0 14.001
0.469 -0.195 0.084 3.297 -6.120 -0.942 0 0 14.001
0.469 -0.195 0.084 3.297 -6.120 -0.942 0 0 13.921
0.469 -0.195 0.084 3.300 -6.119 -0.946 0 0 13.921
0.469 -0.195 0.084 3.300 -6.119 -0.946 0 0 14.090
0.469 -0.195 0.084 3.300 -6.119 -0.946 0 0 14.090
0.469 -0.195 0.084 3.303 -6.120 -0.951 0 0 14.360
0.469 -0.195 0.084 3.303 -6.120 -0.951 0 0 14.359
0.469 -0.195 0.084 3.303 -6.120 -0.951 0 0 14.519
0.470 -0.195 0.084 3.304 -6.121 -0.959 0 0 14.519
0.470 -0.195 0.084 3.304 -6.121 -0.959 0 0 14.569
0.470 -0.195 0.084 3.304 -6.121 -0.959 0 0 14.569
0.470 -0.195 0.084 3.304 -6.121 -0.959 0 0 14.879
0.470 -0.196 0.084 3.304 -6.118 -0.967 0 0 14.879
0.470 -0.196 0.084 3.304 -6.118 -0.967 0 0 15.188
0.470 -0.196 0.084 3.304 -6.118 -0.967 0 0 15.188
0.470 -0.196 0.084 3.304 -6.111 -0.972 0 0 15.098
0.470 -0.196 0.084 3.304 -6.111 -0.972 0 0 15.097
0.470 -0.196 0.084 3.304 -6.111 -0.972 0 0 15.207
0.470 -0.196 0.084 3.303 -6.104 -0.974 0 0 15.207
0.470 -0.196 0.084 3.303 -6.104 -0.974 0 0 15.487
0.470 -0.196 0.084 3.303 -6.104 -0.974 0 0 15.487
0.470 -0.196 0.084 3.303 -6.104 -0.974 0 0 15.377
0.472 -0.198 0.083 3.301 -6.112 -0.979 0 0 15.377
0.472 -0.198 0.083 3.301 -6.112 -0.979 0 0 15.939
0.472 -0.198 0.083 3.301 -6.112 -0.979 0 0 15.939
0.473 -0.200 0.083 3.297 -6.109 -0.981 0 0 17.039
0.473 -0.200 0.083 3.297 -6.109 -0.981 0 0 17.040
0.473 -0.200 0.083 3.297 -6.109 -0.981 0 0 17.060
0.473 -0.201 0.083 3.295 -6.106 -0.983 0 0 17.060
0.473 -0.201 0.083 3.295 -6.106 -0.983 0 0 16.870
0.473 -0.201 0.083 3.295 -6.106 -0.983 0 0 16.870
0.473 -0.201 0.083 3.295 -6.106 -0.983 0 0 17.170
0.475 -0.204 0.082 3.292 -6.109 -0.985 0 0 17.170
0.475 -0.204 0.082 3.292 -6.109 -0.985 0 0 18.022
0.475 -0.204 0.082 3.292 -6.109 -0.985 0 0 18.022
0.476 -0.205 0.082 3.290 -6.103 -0.989 0 0 18.412
0.476 -0.205 0.082 3.290 -6.103 -0.989 0 0 18.411
0.476 -0.205 0.082 3.290 -6.103 -0.989 0 0 17.921
0.477 -0.206 0.083 3.291 -6.097 -0.992 0 0 17.921
0.477 -0.206 0.083 3.291 -6.097 -0.992 0 0 17.750
0.477 -0.206 0.083 3.291 -6.097 -0.992 0 0 17.750
0.477 -0.206 0.083 3.291 -6.097 -0.992 0 0 17.520
0.479 -0.208 0.082 3.294 -6.098 -0.992 0 0 17.520
0.479 -0.208 0.082 3.294 -6.098 -0.992 0 0 17.529
0.479 -0.208 0.082 3.294 -6.098 -0.992 0 0 17.529
0.480 -0.210 0.082 3.296 -6.098 -0.989 0 0 17.559
0.480 -0.210 0.082 3.296 -6.098 -0.989 0 0 17.558
0.480 -0.210 0.082 3.296 -6.098 -0.989 0 0 17.778
0.482 -0.212 0.082 3.297 -6.097 -0.990 0 0 17.778
0.482 -0.212 0.082 3.297 -6.097 -0.990 0 0 17.548
0.482 -0.212 0.082 3.297 -6.097 -0.990 0 0 17.548
0.482 -0.212 0.082 3.297 -6.097 -0.990 0 0 17.268
0.484 -0.214 0.082 3.297 -6.096 -0.991 0 0 17.268
0.484 -0.214 0.082 3.297 -6.096 -0.991 0 0 17.497
0.484 -0.214 0.082 3.297 -6.096 -0.991 0 0 17.497
0.485 -0.215 0.081 3.297 -6.094 -0.993 0 0 17.737
0.485 -0.215 0.081 3.297 -6.094 -0.993 0 0 17.737
0.485 -0.215 0.081 3.297 -6.094 -0.993 0 0 17.897
0.487 -0.216 0.081 3.295 -6.092 -0.995 0 0 17.897
0.487 -0.216 0.081 3.295 -6.092 -0.995 0 0 17.878
0.487 -0.216 0.081 3.295 -6.092 -0.995 0 0 17.878
0.487 -0.216 0.081 3.295 -6.092 -0.995 0 0 17.748
0.490 -0.218 0.081 3.295 -6.094 -0.996 0 0 17.748
0.490 -0.218 0.081 3.295 -6.094 -0.996 0 0 17.448
0.490 -0.218 0.081 3.295 -6.094 -0.996 0 0 17.448
0.493 -0.219 0.081 3.296 -6.096 -0.994 0 0 17.578
0.493 -0.219 0.081 3.296 -6.096 -0.994 0 0 17.578
0.493 -0.219 0.081 3.296 -6.096 -0.994 0 0 17.388
0.496 -0.221 0.081 3.297 -6.099 -0.989 0 0 17.388
0.496 -0.221 0.081 3.297 -6.099 -0.989 0 0 17.598
0.496 -0.221 0.081 3.297 -6.099 -0.989 0 0 17.598
0.496 -0.221 0.081 3.297 -6.099 -0.989 0 0 17.708
0.499 -0.223 0.081 3.299 -6.104 -0.981 0 0 17.708
0.499 -0.223 0.081 3.299 -6.104 -0.981 0 0 17.878
0.499 -0.223 0.081 3.299 -6.104 -0.981 0 0 17.878
0.502 -0.225 0.081 3.299 -6.108 -0.974 0 0 17.778
0.502 -0.225 0.081 3.299 -6.108 -0.974 0 0 17.779
0.502 -0.225 0.081 3.299 -6.108 -0.974 0 0 17.849
0.505 -0.226 0.081 3.299 -6.113 -0.970 0 0 17.849
0.505 -0.226 0.081 3.299 -6.113 -0.970 0 0 17.830
0.505 -0.226 0.081 3.299 -6.113 -0.970 0 0 17.830
0.505 -0.226 0.081 3.299 -6.113 -0.970 0 0 17.850
0.508 -0.227 0.081 3.296 -6.114 -0.969 0 0 17.850
0.508 -0.227 0.081 3.296 -6.114 -0.969 0 0 18.161
0.508 -0.227 0.081 3.296 -6.114 -0.969 0 0 18.161
0.511 -0.228 0.081 3.294 -6.117 -0.969 0 0 18.471
0.511 -0.228 0.081 3.294 -6.117 -0.969 0 0 18.472
0.511 -0.228 0.081 3.294 -6.117 -0.969 0 0 18.352
0.514 -0.229 0.081 3.293 -6.119 -0.967 0 0 18.352
0.514 -0.229 0.081 3.293 -6.119 -0.967 0 0 17.853
0.514 -0.229 0.081 3.293 -6.119 -0.967 0 0 17.853
0.514 -0.229 0.081 3.293 -6.119 -0.967 0 0 17.813
0.517 -0.230 0.081 3.292 -6.121 -0.965 0 0 17.813
0.517 -0.230 0.081 3.292 -6.121 -0.965 0 0 17.593
0.517 -0.230 0.081 3.292 -6.121 -0.965 0 0 17.593
0.520 -0.230 0.082 3.292 -6.123 -0.963 0 0 17.853
0.520 -0.230 0.082 3.292 -6.123 -0.963 0 0 17.854
0.520 -0.230 0.082 3.292 -6.123 -0.963 0 0 17.594
0.523 -0.231 0.082 3.291 -6.123 -0.961 0 0 17.594
0.523 -0.231 0.082 3.291 -6.123 -0.961 0 0 17.534
0.523 -0.231 0.082 3.291 -6.123 -0.961 0 0 17.534
0.523 -0.231 0.082 3.291 -6.123 -0.961 0 0 17.464
0.526 -0.231 0.082 3.290 -6.124 -0.956 0 0 17.464
0.526 -0.231 0.082 3.290 -6.124 -0.956 0 0 17.414
0.526 -0.231 0.082 3.290 -6.124 -0.956 0 0 17.414
0.530 -0.231 0.082 3.290 -6.125 -0.950 0 0 17.364
0.530 -0.231 0.082 3.290 -6.125 -0.950 0 0 17.364
0.530 -0.231 0.082 3.290 -6.125 -0.950 0 0 17.304
0.534 -0.232 0.083 3.291 -6.126 -0.943 0 0 17.304
0.534 -0.232 0.083 3.291 -6.126 -0.943 0 0 17.294
0.534 -0.232 0.083 3.291 -6.126 -0.943 0 0 17.294
0.534 -0.232 0.083 3.291 -6.126 -0.943 0 0 17.364
0.538 -0.232 0.083 3.291 -6.126 -0.935 0 0 17.364
0.538 -0.232 0.083 3.291 -6.126 -0.935 0 0 17.233
0.538 -0.232 0.083 3.291 -6.126 -0.935 0 0 17.233
0.542 -0.232 0.083 3.292 -6.125 -0.927 0 0 17.113
0.542 -0.232 0.083 3.292 -6.125 -0.927 0 0 17.113
0.542 -0.232 0.083 3.292 -6.125 -0.927 0 0 17.183
0.546 -0.232 0.084 3.291 -6.123 -0.917 0 0 17.183
0.546 -0.232 0.084 3.291 -6.123 -0.917 0 0 17.323
0.546 -0.232 0.084 3.291 -6.123 -0.917 0 0 17.323
0.546 -0.232 0.084 3.291 -6.123 -0.917 0 0 17.043
0.550 -0.231 0.084 3.290 -6.121 -0.908 0 0 17.043
0.550 -0.231 0.084 3.290 -6.121 -0.908 0 0 16.843
0.550 -0.231 0.084 3.290 -6.121 -0.908 0 0 16.843
0.553 -0.230 0.085 3.289 -6.118 -0.898 0 0 16.873
0.553 -0.230 0.085 3.289 -6.118 -0.898 0 0 16.872
0.553 -0.230 0.085 3.289 -6.118 -0.898 0 0 16.852
0.557 -0.229 0.085 3.288 -6.114 -0.890 0 0 16.852
0.557 -0.229 0.085 3.288 -6.114 -0.890 0 0 16.752
0.557 -0.229 0.085 3.288 -6.114 -0.890 0 0 16.752
0.557 -0.229 0.085 3.288 -6.114 -0.890 0 0 16.732
0.560 -0.227 0.086 3.288 -6.112 -0.882 0 0 16.732
0.560 -0.227 0.086 3.288 -6.112 -0.882 0 0 16.332
0.560 -0.227 0.086 3.288 -6.112 -0.882 0 0 16.332
0.562 -0.226 0.086 3.286 -6.110 -0.877 0 0 16.572
0.562 -0.226 0.086 3.286 -6.110 -0.877 0 0 16.572
0.562 -0.226 0.086 3.286 -6.110 -0.877 0 0 16.722
0.565 -0.224 0.087 3.286 -6.111 -0.873 0 0 16.722
0.565 -0.224 0.087 3.286 -6.111 -0.873 0 0 16.442
0.565 -0.224 0.087 3.286 -6.111 -0.873 0 0 16.442
0.565 -0.224 0.087 3.286 -6.111 -0.873 0 0 16.232
0.567 -0.222 0.087 3.283 -6.114 -0.870 0 0 16.232
0.567 -0.222 0.087 3.283 -6.114 -0.870 0 0 16.073
0.567 -0.222 0.087 3.283 -6.114 -0.870 0 0 16.073
0.569 -0.219 0.088 3.281 -6.119 -0.872 0 0 16.363
0.569 -0.219 0.088 3.281 -6.119 -0.872 0 0 16.365
0.569 -0.219 0.088 3.281 -6.119 -0.872 0 0 16.375
0.570 -0.217 0.088 3.280 -6.128 -0.873 0 0 16.375
0.570 -0.217 0.088 3.280 -6.128 -0.873 0 0 16.466
0.570 -0.217 0.088 3.280 -6.128 -0.873 0 0 16.466
0.570 -0.217 0.088 3.280 -6.128 -0.873 0 0 16.276
0.571 -0.214 0.089 3.277 -6.138 -0.876 0 0 16.276
0.571 -0.214 0.089 3.277 -6.138 -0.876 0 0 16.479
0.571 -0.214 0.089 3.277 -6.138 -0.876 0 0 16.479
0.572 -0.212 0.089 3.278 -6.146 -0.877 0 0 15.909
0.572 -0.212 0.089 3.278 -6.146 -0.877 0 0 15.909
0.572 -0.212 0.089 3.278 -6.146 -0.877 0 0 15.979
0.573 -0.209 0.089 3.278 -6.154 -0.876 0 0 15.979
0.573 -0.209 0.089 3.278 -6.154 -0.876 0 0 16.100
0.573 -0.209 0.089 3.278 -6.154 -0.876 0 0 16.100
0.573 -0.209 0.089 3.278 -6.154 -0.876 0 0 16.270
0.573 -0.206 0.090 3.280 -6.161 -0.877 0 0 16.270
0.573 -0.206 0.090 3.280 -6.161 -0.877 0 0 15.900
0.573 -0.206 0.090 3.280 -6.161 -0.877 0 0 15.900
0.573 -0.203 0.090 3.280 -6.167 -0.877 0 0 15.910
0.573 -0.203 0.090 3.280 -6.167 -0.877 0 0 15.910
0.573 -0.203 0.090 3.280 -6.167 -0.877 0 0 16.020
0.573 -0.200 0.091 3.281 -6.170 -0.880 0 0 16.020
0.573 -0.200 0.091 3.281 -6.170 -0.880 0 0 16.101
0.573 -0.200 0.091 3.281 -6.170 -0.880 0 0 16.101
0.573 -0.200 0.091 3.281 -6.170 -0.880 0 0 16.011
0.572 -0.198 0.091 3.280 -6.173 -0.881 0 0 16.011
0.572 -0.198 0.091 3.280 -6.173 -0.881 0 0 16.111
0.572 -0.198 0.091 3.280 -6.173 -0.881 0 0 16.111
0.571 -0.194 0.091 3.278 -6.175 -0.886 0 0 16.401
0.571 -0.194 0.091 3.278 -6.175 -0.886 0 0 16.402
0.571 -0.194 0.091 3.278 -6.175 -0.886 0 0 16.322
0.569 -0.191 0.092 3.279 -6.173 -0.889 0 0 16.322
0.569 -0.191 0.092 3.279 -6.173 -0.889 0 0 15.971
0.569 -0.191 0.092 3.279 -6.173 -0.889 0 0 15.971
0.569 -0.191 0.092 3.279 -6.173 -0.889 0 0 15.961
0.567 -0.186 0.092 3.278 -6.169 -0.897 0 0 15.961
0.567 -0.186 0.092 3.278 -6.169 -0.897 0 0 16.052
0.567 -0.186 0.092 3.278 -6.169 -0.897 0 0 16.052
0.564 -0.181 0.093 3.277 -6.163 -0.906 0 0 16.062
0.564 -0.181 0.093 3.277 -6.163 -0.906 0 0 16.062
0.564 -0.181 0.093 3.277 -6.163 -0.906 0 0 15.762
0.561 -0.176 0.093 3.276 -6.159 -0.915 0 0 15.762
0.561 -0.176 0.093 3.276 -6.159 -0.915 0 0 15.952
0.561 -0.176 0.093 3.276 -6.159 -0.915 0 0 15.952
0.561 -0.176 0.093 3.276 -6.159 -0.915 0 0 16.032
0.557 -0.170 0.094 3.275 -6.153 -0.927 0 0 16.032
0.557 -0.170 0.094 3.275 -6.153 -0.927 0 0 15.781
0.557 -0.170 0.094 3.275 -6.153 -0.927 0 0 15.781
0.552 -0.164 0.095 3.273 -6.146 -0.940 0 0 15.611
0.552 -0.164 0.095 3.273 -6.146 -0.940 0 0 15.612
0.552 -0.164 0.095 3.273 -6.146 -0.940 0 0 15.662
0.548 -0.158 0.095 3.272 -6.143 -0.953 0 0 15.662
0.548 -0.158 0.095 3.272 -6.143 -0.953 0 0 15.812
0.548 -0.158 0.095 3.272 -6.143 -0.953 0 0 15.812
0.548 -0.158 0.095 3.272 -6.143 -0.953 0 0 16.082
0.544 -0.152 0.096 3.271 -6.140 -0.963 0 0 16.082
0.544 -0.152 0.096 3.271 -6.140 -0.963 0 0 16.142
0.544 -0.152 0.096 3.271 -6.140 -0.963 0 0 16.142
0.540 -0.146 0.096 3.271 -6.136 -0.976 0 0 16.412
0.540 -0.146 0.096 3.271 -6.136 -0.976 0 0 16.412
0.540 -0.146 0.096 3.271 -6.136 -0.976 0 0 16.482
0.536 -0.141 0.097 3.272 -6.133 -0.987 0 0 16.482
0.536 -0.141 0.097 3.272 -6.133 -0.987 0 0 16.321
0.536 -0.141 0.097 3.272 -6.133 -0.987 0 0 16.321
0.536 -0.141 0.097 3.272 -6.133 -0.987 0 0 16.081
0.532 -0.136 0.098 3.271 -6.131 -0.998 0 0 16.081
0.532 -0.136 0.098 3.271 -6.131 -0.998 0 0 16.082
0.532 -0.136 0.098 3.271 -6.131 -0.998 0 0 16.082
0.529 -0.131 0.098 3.271 -6.132 -1.008 0 0 16.292
0.529 -0.131 0.098 3.271 -6.132 -1.008 0 0 16.292
0.529 -0.131 0.098 3.271 -6.132 -1.008 0 0 16.202
0.527 -0.125 0.099 3.270 -6.129 -1.020 0 0 16.202
0.527 -0.125 0.099 3.270 -6.129 -1.020 0 0 16.272
0.527 -0.125 0.099 3.270 -6.129 -1.020 0 0 16.272
0.527 -0.125 0.099 3.270 -6.129 -1.020 0 0 15.962
0.525 -0.121 0.099 3.269 -6.130 -1.028 0 0 15.962
0.525 -0.121 0.099 3.269 -6.130 -1.028 0 0 15.883
0.525 -0.121 0.099 3.269 -6.130 -1.028 0 0 15.883
0.524 -0.116 0.100 3.268 -6.132 -1.035 0 0 15.763
0.524 -0.116 0.100 3.268 -6.132 -1.035 0 0 15.763
0.524 -0.116 0.100 3.268 -6.132 -1.035 0 0 16.263
0.524 -0.112 0.101 3.265 -6.132 -1.042 0 0 16.263
0.524 -0.112 0.101 3.265 -6.132 -1.042 0 0 16.274
0.524 -0.112 0.101 3.265 -6.132 -1.042 0 0 16.274
0.524 -0.112 0.101 3.265 -6.132 -1.042 0 0 16.384
0.524 -0.108 0.101 3.263 -6.132 -1.048 0 0 16.384
0.524 -0.108 0.101 3.263 -6.132 -1.048 0 0 16.405
0.524 -0.108 0.101 3.263 -6.132 -1.048 0 0 16.405
0.525 -0.103 0.102 3.261 -6.133 -1.054 0 0 16.525
0.525 -0.103 0.102 3.261 -6.133 -1.054 0 0 16.526
0.525 -0.103 0.102 3.261 -6.133 -1.054 0 0 16.466
0.526 -0.099 0.103 3.258 -6.133 -1.061 0 0 16.466
0.526 -0.099 0.103 3.258 -6.133 -1.061 0 0 16.507
0.526 -0.099 0.103 3.258 -6.133 -1.061 0 0 16.507
0.526 -0.099 0.103 3.258 -6.133 -1.061 0 0 16.547
0.527 -0.095 0.103 3.255 -6.132 -1.067 0 0 16.547
0.527 -0.095 0.103 3.255 -6.132 -1.067 0 0 16.708
0.527 -0.095 0.103 3.255 -6.132 -1.067 0 0 16.708
0.529 -0.092 0.104 3.251 -6.130 -1.072 0 0 16.688
0.529 -0.092 0.104 3.251 -6.130 -1.072 0 0 16.689
0.529 -0.092 0.104 3.251 -6.130 -1.072 0 0 16.739
0.531 -0.090 0.105 3.246 -6.127 -1.078 0 0 16.739
0.531 -0.090 0.105 3.246 -6.127 -1.078 0 0 16.679
0.531 -0.090 0.105 3.246 -6.127 -1.078 0 0 16.679
0.531 -0.090 0.105 3.246 -6.127 -1.078 0 0 16.609
0.534 -0.088 0.105 3.241 -6.123 -1.081 0 0 16.609
0.534 -0.088 0.105 3.241 -6.123 -1.081 0 0 16.690
0.534 -0.088 0.105 3.241 -6.123 -1.081 0 0 16.690
0.536 -0.086 0.106 3.238 -6.120 -1.084 0 0 16.790
0.536 -0.086 0.106 3.238 -6.120 -1.084 0 0 16.791
0.536 -0.086 0.106 3.238 -6.120 -1.084 0 0 16.831
0.539 -0.084 0.106 3.235 -6.117 -1.087 0 0 16.831
0.539 -0.084 0.106 3.235 -6.117 -1.087 0 0 16.791
0.539 -0.084 0.106 3.235 -6.117 -1.087 0 0 16.791
0.539 -0.084 0.106 3.235 -6.117 -1.087 0 0 16.841
0.542 -0.083 0.107 3.231 -6.116 -1.090 0 0 16.841
0.542 -0.083 0.107 3.231 -6.116 -1.090 0 0 17.192
0.542 -0.083 0.107 3.231 -6.116 -1.090 0 0 17.192
0.545 -0.082 0.107 3.229 -6.115 -1.094 0 0 17.092
0.545 -0.082 0.107 3.229 -6.115 -1.094 0 0 17.092
0.545 -0.082 0.107 3.229 -6.115 -1.094 0 0 17.332
0.548 -0.081 0.107 3.227 -6.114 -1.095 0 0 17.332
0.548 -0.081 0.107 3.227 -6.114 -1.095 0 0 17.352
0.548 -0.081 0.107 3.227 -6.114 -1.095 0 0 17.352
0.548 -0.081 0.107 3.227 -6.114 -1.095 0 0 17.432
0.551 -0.080 0.107 3.226 -6.114 -1.097 0 0 17.432
0.551 -0.080 0.107 3.226 -6.114 -1.097 0 0 17.443
0.551 -0.080 0.107 3.226 -6.114 -1.097 0 0 17.443
0.553 -0.080 0.108 3.225 -6.111 -1.100 0 0 17.413
0.553 -0.080 0.108 3.225 -6.111 -1.100 0 0 17.413
0.553 -0.080 0.108 3.225 -6.111 -1.100 0 0 17.353
0.556 -0.080 0.108 3.223 -6.109 -1.101 0 0 17.353
0.556 -0.080 0.108 3.223 -6.109 -1.101 0 0 17.543
0.556 -0.080 0.108 3.223 -6.109 -1.101 0 0 17.543
0.556 -0.080 0.108 3.223 -6.109 -1.101 0 0 17.963
0.559 -0.080 0.108 3.223 -6.108 -1.104 0 0 17.963
0.559 -0.080 0.108 3.223 -6.108 -1.104 0 0 17.973
0.559 -0.080 0.108 3.223 -6.108 -1.104 0 0 17.973
0.561 -0.080 0.109 3.221 -6.105 -1.107 0 0 17.743
0.561 -0.080 0.109 3.221 -6.105 -1.107 0 0 17.742
0.561 -0.080 0.109 3.221 -6.105 -1.107 0 0 17.852
0.564 -0.080 0.109 3.220 -6.103 -1.109 0 0 17.852
0.564 -0.080 0.109 3.220 -6.103 -1.109 0 0 18.163
0.564 -0.080 0.109 3.220 -6.103 -1.109 0 0 18.163
0.564 -0.080 0.109 3.220 -6.103 -1.109 0 0 17.963
0.567 -0.081 0.109 3.218 -6.101 -1.112 0 0 17.963
0.567 -0.081 0.109 3.218 -6.101 -1.112 0 0 18.043
0.567 -0.081 0.109 3.218 -6.101 -1.112 0 0 18.043
0.570 -0.082 0.109 3.217 -6.101 -1.112 0 0 18.213
0.570 -0.082 0.109 3.217 -6.101 -1.112 0 0 18.213
0.570 -0.082 0.109 3.217 -6.101 -1.112 0 0 18.103
0.573 -0.083 0.109 3.216 -6.101 -1.111 0 0 18.103
0.573 -0.083 0.109 3.216 -6.101 -1.111 0 0 18.213
0.573 -0.083 0.109 3.216 -6.101 -1.111 0 0 18.213
0.573 -0.083 0.109 3.216 -6.101 -1.111 0 0 18.213
0.577 -0.084 0.109 3.216 -6.101 -1.111 0 0 18.213
0.577 -0.084 0.109 3.216 -6.101 -1.111 0 0 18.313
0.577 -0.084 0.109 3.216 -6.101 -1.111 0 0 18.313
0.580 -0.085 0.109 3.215 -6.101 -1.110 0 0 18.403
0.580 -0.085 0.109 3.215 -6.101 -1.110 0 0 18.403
0.580 -0.085 0.109 3.215 -6.101 -1.110 0 0 18.383
0.584 -0.086 0.109 3.215 -6.102 -1.109 0 0 18.383
0.584 -0.086 0.109 3.215 -6.102 -1.109 0 0 18.153
0.584 -0.086 0.109 3.215 -6.102 -1.109 0 0 18.153
0.584 -0.086 0.109 3.215 -6.102 -1.109 0 0 18.213
0.587 -0.087 0.109 3.214 -6.103 -1.108 0 0 18.213
0.587 -0.087 0.109 3.214 -6.103 -1.108 0 0 18.284
0.587 -0.087 0.109 3.214 -6.103 -1.108 0 0 18.284
0.591 -0.089 0.109 3.214 -6.104 -1.107 0 0 18.044
0.591 -0.089 0.109 3.214 -6.104 -1.107 0 0 18.044
0.591 -0.089 0.109 3.214 -6.104 -1.107 0 0 18.114
0.595 -0.090 0.109 3.213 -6.105 -1.104 0 0 18.114
0.595 -0.090 0.109 3.213 -6.105 -1.104 0 0 17.994
0.595 -0.090 0.109 3.213 -6.105 -1.104 0 0 17.994
0.595 -0.090 0.109 3.213 -6.105 -1.104 0 0 17.944
0.599 -0.092 0.109 3.211 -6.108 -1.103 0 0 17.944
0.599 -0.092 0.109 3.211 -6.108 -1.103 0 0 17.985
0.599 -0.092 0.109 3.211 -6.108 -1.103 0 0 17.985
0.604 -0.093 0.109 3.210 -6.112 -1.101 0 0 18.005
0.604 -0.093 0.109 3.210 -6.112 -1.101 0 0 18.005
0.604 -0.093 0.109 3.210 -6.112 -1.101 0 0 18.135
0.608 -0.095 0.110 3.208 -6.115 -1.098 0 0 18.135
0.608 -0.095 0.110 3.208 -6.115 -1.098 0 0 18.056
0.608 -0.095 0.110 3.208 -6.115 -1.098 0 0 18.056
0.608 -0.095 0.110 3.208 -6.115 -1.098 0 0 17.916
0.613 -0.095 0.110 3.207 -6.120 -1.096 0 0 17.916
0.613 -0.095 0.110 3.207 -6.120 -1.096 0 0 17.917
0.613 -0.095 0.110 3.207 -6.120 -1.096 0 0 17.917
0.618 -0.096 0.110 3.207 -6.123 -1.094 0 0 18.007
0.618 -0.096 0.110 3.207 -6.123 -1.094 0 0 18.007
0.618 -0.096 0.110 3.207 -6.123 -1.094 0 0 17.967
0.622 -0.096 0.110 3.207 -6.127 -1.093 0 0 17.967
0.622 -0.096 0.110 3.207 -6.127 -1.093 0 0 17.908
0.622 -0.096 0.110 3.207 -6.127 -1.093 0 0 17.908
0.622 -0.096 0.110 3.207 -6.127 -1.093 0 0 17.748
0.627 -0.096 0.110 3.207 -6.129 -1.092 0 0 17.748
0.627 -0.096 0.110 3.207 -6.129 -1.092 0 0 17.658
0.627 -0.096 0.110 3.207 -6.129 -1.092 0 0 17.658
0.631 -0.096 0.111 3.207 -6.134 -1.090 0 0 17.868
0.631 -0.096 0.111 3.207 -6.134 -1.090 0 0 17.868
0.631 -0.096 0.111 3.207 -6.134 -1.090 0 0 17.838
0.636 -0.096 0.111 3.206 -6.137 -1.089 0 0 17.838
0.636 -0.096 0.111 3.206 -6.137 -1.089 0 0 17.799
0.636 -0.096 0.111 3.206 -6.137 -1.089 0 0 17.799
0.636 -0.096 0.111 3.206 -6.137 -1.089 0 0 17.789
0.640 -0.095 0.111 3.206 -6.138 -1.090 0 0 17.789
0.640 -0.095 0.111 3.206 -6.138 -1.090 0 0 17.729
0.640 -0.095 0.111 3.206 -6.138 -1.090 0 0 17.729
0.643 -0.094 0.111 3.205 -6.139 -1.089 0 0 17.609
0.643 -0.094 0.111 3.205 -6.139 -1.089 0 0 17.609
0.643 -0.094 0.111 3.205 -6.139 -1.089 0 0 17.489
0.647 -0.092 0.112 3.205 -6.140 -1.089 0 0 17.489
0.647 -0.092 0.112 3.205 -6.140 -1.089 0 0 17.659
0.647 -0.092 0.112 3.205 -6.140 -1.089 0 0 17.659
0.647 -0.092 0.112 3.205 -6.140 -1.089 0 0 17.309
0.651 -0.091 0.112 3.206 -6.140 -1.089 0 0 17.309
0.651 -0.091 0.112 3.206 -6.140 -1.089 0 0 17.109
0.651 -0.091 0.112 3.206 -6.140 -1.089 0 0 17.109
0.654 -0.089 0.113 3.204 -6.141 -1.090 0 0 17.049
0.654 -0.089 0.113 3.204 -6.141 -1.090 0 0 17.050
0.654 -0.089 0.113 3.204 -6.141 -1.090 0 0 17.290
0.658 -0.086 0.113 3.204 -6.143 -1.092 0 0 17.290
0.658 -0.086 0.113 3.204 -6.143 -1.092 0 0 17.320
0.658 -0.086 0.113 3.204 -6.143 -1.092 0 0 17.320
0.658 -0.086 0.113 3.204 -6.143 -1.092 0 0 17.210
0.661 -0.084 0.113 3.203 -6.146 -1.094 0 0 17.210
0.661 -0.084 0.113 3.203 -6.146 -1.094 0 0 17.310
0.661 -0.084 0.113 3.203 -6.146 -1.094 0 0 17.310
0.664 -0.081 0.113 3.201 -6.150 -1.097 0 0 17.250
0.664 -0.081 0.113 3.201 -6.150 -1.097 0 0 17.251
0.664 -0.081 0.113 3.201 -6.150 -1.097 0 0 17.211
0.666 -0.078 0.113 3.201 -6.154 -1.103 0 0 17.211
0.666 -0.078 0.113 3.201 -6.154 -1.103 0 0 16.982
0.666 -0.078 0.113 3.201 -6.154 -1.103 0 0 16.982
0.666 -0.078 0.113 3.201 -6.154 -1.103 0 0 16.672
0.668 -0.075 0.114 3.200 -6.158 -1.108 0 0 16.672
0.668 -0.075 0.114 3.200 -6.158 -1.108 0 0 16.812
0.668 -0.075 0.114 3.200 -6.158 -1.108 0 0 16.812
0.670 -0.071 0.114 3.200 -6.163 -1.113 0 0 16.782
0.670 -0.071 0.114 3.200 -6.163 -1.113 0 0 16.783
0.670 -0.071 0.114 3.200 -6.163 -1.113 0 0 16.863
0.671 -0.068 0.114 3.199 -6.168 -1.118 0 0 16.863
0.671 -0.068 0.114 3.199 -6.168 -1.118 0 0 16.983
0.671 -0.068 0.114 3.199 -6.168 -1.118 0 0 16.983
0.671 -0.068 0.114 3.199 -6.168 -1.118 0 0 17.073
0.671 -0.064 0.114 3.199 -6.169 -1.126 0 0 17.073
0.671 -0.064 0.114 3.199 -6.169 -1.126 0 0 17.063
0.671 -0.064 0.114 3.199 -6.169 -1.126 0 0 17.063
0.671 -0.061 0.114 3.199 -6.170 -1.133 0 0 16.743
0.671 -0.061 0.114 3.199 -6.170 -1.133 0 0 16.744
0.671 -0.061 0.114 3.199 -6.170 -1.133 0 0 16.704
0.671 -0.057 0.114 3.199 -6.172 -1.140 0 0 16.704
0.671 -0.057 0.114 3.199 -6.172 -1.140 0 0 16.814
0.671 -0.057 0.114 3.199 -6.172 -1.140 0 0 16.814
0.671 -0.057 0.114 3.199 -6.172 -1.140 0 0 16.734
0.670 -0.054 0.114 3.199 -6.174 -1.146 0 0 16.734
0.670 -0.054 0.114 3.199 -6.174 -1.146 0 0 16.434
0.670 -0.054 0.114 3.199 -6.174 -1.146 0 0 16.434
0.669 -0.050 0.115 3.198 -6.175 -1.154 0 0 16.864
0.669 -0.050 0.115 3.198 -6.175 -1.154 0 0 16.864
0.669 -0.050 0.115 3.198 -6.175 -1.154 0 0 17.094
0.668 -0.046 0.115 3.198 -6.176 -1.162 0 0 17.094
0.668 -0.046 0.115 3.198 -6.176 -1.162 0 0 17.285
0.668 -0.046 0.115 3.198 -6.176 -1.162 0 0 17.285
0.668 -0.046 0.115 3.198 -6.176 -1.162 0 0 17.345
0.666 -0.042 0.115 3.197 -6.175 -1.169 0 0 17.345
0.666 -0.042 0.115 3.197 -6.175 -1.169 0 0 17.865
0.666 -0.042 0.115 3.197 -6.175 -1.169 0 0 17.865
0.663 -0.038 0.115 3.196 -6.173 -1.181 0 0 18.275
0.663 -0.038 0.115 3.196 -6.173 -1.181 0 0 18.275
0.663 -0.038 0.115 3.196 -6.173 -1.181 0 0 18.515
0.660 -0.034 0.115 3.194 -6.171 -1.188 0 0 18.515
0.660 -0.034 0.115 3.194 -6.171 -1.188 0 0 18.516
0.660 -0.034 0.115 3.194 -6.171 -1.188 0 0 18.516
0.660 -0.034 0.115 3.194 -6.171 -1.188 0 0 18.426
0.656 -0.030 0.115 3.193 -6.167 -1.199 0 0 18.426
0.656 -0.030 0.115 3.193 -6.167 -1.199 0 0 18.716
0.656 -0.030 0.115 3.193 -6.167 -1.199 0 0 18.716
0.652 -0.026 0.115 3.191 -6.164 -1.207 0 0 18.606
0.652 -0.026 0.115 3.191 -6.164 -1.207 0 0 18.606
0.652 -0.026 0.115 3.191 -6.164 -1.207 0 0 18.926
0.648 -0.023 0.115 3.188 -6.162 -1.216 0 0 18.926
0.648 -0.023 0.115 3.188 -6.162 -1.216 0 0 19.227
0.648 -0.023 0.115 3.188 -6.162 -1.216 0 0 19.227
0.648 -0.023 0.115 3.188 -6.162 -1.216 0 0 19.487
0.644 -0.020 0.115 3.186 -6.159 -1.222 0 0 19.487
0.644 -0.020 0.115 3.186 -6.159 -1.222 0 0 19.227
0.644 -0.020 0.115 3.186 -6.159 -1.222 0 0 19.227
0.640 -0.017 0.115 3.183 -6.154 -1.227 0 0 19.037
0.640 -0.017 0.115 3.183 -6.154 -1.227 0 0 19.037
0.640 -0.017 0.115 3.183 -6.154 -1.227 0 0 19.167
0.635 -0.014 0.115 3.181 -6.151 -1.234 0 0 19.167
0.635 -0.014 0.115 3.181 -6.151 -1.234 0 0 19.327
0.635 -0.014 0.115 3.181 -6.151 -1.234 0 0 19.327
0.635 -0.014 0.115 3.181 -6.151 -1.234 0 0 19.197
0.630 -0.012 0.116 3.179 -6.145 -1.238 0 0 19.197
0.630 -0.012 0.116 3.179 -6.145 -1.238 0 0 19.177
0.630 -0.012 0.116 3.179 -6.145 -1.238 0 0 19.177
0.624 -0.010 0.116 3.176 -6.138 -1.243 0 0 19.097
0.624 -0.010 0.116 3.176 -6.138 -1.243 0 0 19.097
0.624 -0.010 0.116 3.176 -6.138 -1.243 0 0 19.277
0.619 -0.007 0.116 3.173 -6.134 -1.248 0 0 19.277
0.619 -0.007 0.116 3.173 -6.134 -1.248 0 0 19.397
0.619 -0.007 0.116 3.173 -6.134 -1.248 0 0 19.397
0.619 -0.007 0.116 3.173 -6.134 -1.248 0 0 19.417
0.613 -0.004 0.116 3.170 -6.127 -1.254 0 0 19.417
0.613 -0.004 0.116 3.170 -6.127 -1.254 0 0 19.457
0.613 -0.004 0.116 3.170 -6.127 -1.254 0 0 19.457
0.608 -0.002 0.116 3.168 -6.122 -1.260 0 0 19.537
0.608 -0.002 0.116 3.168 -6.122 -1.260 0 0 19.537
0.608 -0.002 0.116 3.168 -6.122 -1.260 0 0 19.247
0.602 0.001 0.117 3.164 -6.116 -1.266 0 0 19.247
0.602 0.001 0.117 3.164 -6.116 -1.266 0 0 19.347
0.602 0.001 0.117 3.164 -6.116 -1.266 0 0 19.347
0.602 0.001 0.117 3.164 -6.116 -1.266 0 0 19.467
0.596 0.004 0.117 3.162 -6.112 -1.273 0 0 19.467
0.596 0.004 0.117 3.162 -6.112 -1.273 0 0 19.097
0.596 0.004 0.117 3.162 -6.112 -1.273 0 0 19.097
0.590 0.007 0.117 3.158 -6.108 -1.279 0 0 18.927
0.590 0.007 0.117 3.158 -6.108 -1.279 0 0 18.926
0.590 0.007 0.117 3.158 -6.108 -1.279 0 0 19.206
0.584 0.010 0.118 3.155 -6.107 -1.287 0 0 19.206
0.584 0.010 0.118 3.155 -6.107 -1.287 0 0 19.647
0.584 0.010 0.118 3.155 -6.107 -1.287 0 0 19.647
0.584 0.010 0.118 3.155 -6.107 -1.287 0 0 19.517
0.579 0.014 0.118 3.149 -6.105 -1.295 0 0 19.517
0.579 0.014 0.118 3.149 -6.105 -1.295 0 0 19.347
0.579 0.014 0.118 3.149 -6.105 -1.295 0 0 19.347
0.573 0.018 0.119 3.146 -6.105 -1.305 0 0 19.307
0.573 0.018 0.119 3.146 -6.105 -1.305 0 0 19.308
0.573 0.018 0.119 3.146 -6.105 -1.305 0 0 19.468
0.569 0.023 0.120 3.142 -6.103 -1.315 0 0 19.468
0.569 0.023 0.120 3.142 -6.103 -1.315 0 0 19.278
0.569 0.023 0.120 3.142 -6.103 -1.315 0 0 19.278
0.569 0.023 0.120 3.142 -6.103 -1.315 0 0 19.108
0.565 0.027 0.120 3.138 -6.101 -1.326 0 0 19.108
0.565 0.027 0.120 3.138 -6.101 -1.326 0 0 19.018
0.565 0.027 0.120 3.138 -6.101 -1.326 0 0 19.018
0.561 0.032 0.121 3.134 -6.101 -1.337 0 0 19.328
0.561 0.032 0.121 3.134 -6.101 -1.337 0 0 19.329
0.561 0.032 0.121 3.134 -6.101 -1.337 0 0 19.039
0.558 0.037 0.121 3.131 -6.101 -1.347 0 0 19.039
0.558 0.037 0.121 3.131 -6.101 -1.347 0 0 18.669
0.558 0.037 0.121 3.131 -6.101 -1.347 0 0 18.669
0.558 0.037 0.121 3.131 -6.101 -1.347 0 0 18.639
0.556 0.042 0.122 3.127 -6.102 -1.357 0 0 18.639
0.556 0.042 0.122 3.127 -6.102 -1.357 0 0 18.510
0.556 0.042 0.122 3.127 -6.102 -1.357 0 0 18.510
0.555 0.046 0.123 3.123 -6.104 -1.365 0 0 18.640
0.555 0.046 0.123 3.123 -6.104 -1.365 0 0 18.640
0.555 0.046 0.123 3.123 -6.104 -1.365 0 0 18.530
0.554 0.050 0.123 3.119 -6.105 -1.372 0 0 18.530
0.554 0.050 0.123 3.119 -6.105 -1.372 0 0 17.921
0.554 0.050 0.123 3.119 -6.105 -1.372 0 0 17.921
0.554 0.050 0.123 3.119 -6.105 -1.372 0 0 17.741
0.554 0.053 0.124 3.113 -6.105 -1.380 0 0 17.741
0.554 0.053 0.124 3.113 -6.105 -1.380 0 0 17.691
0.554 0.053 0.124 3.113 -6.105 -1.380 0 0 17.691
0.555 0.057 0.124 3.107 -6.106 -1.387 0 0 17.491
0.555 0.057 0.124 3.107 -6.106 -1.387 0 0 17.491
0.555 0.057 0.124 3.107 -6.106 -1.387 0 0 17.051
0.557 0.060 0.124 3.101 -6.106 -1.393 0 0 17.051
0.557 0.060 0.124 3.101 -6.106 -1.393 0 0 17.151
0.557 0.060 0.124 3.101 -6.106 -1.393 0 0 17.151
0.557 0.060 0.124 3.101 -6.106 -1.393 0 0 17.421
0.559 0.063 0.125 3.094 -6.107 -1.400 0 0 17.421
0.559 0.063 0.125 3.094 -6.107 -1.400 0 0 17.311
0.559 0.063 0.125 3.094 -6.107 -1.400 0 0 17.311
0.561 0.067 0.125 3.088 -6.107 -1.409 0 0 17.341
0.561 0.067 0.125 3.088 -6.107 -1.409 0 0 17.341
0.561 0.067 0.125 3.088 -6.107 -1.409 0 0 17.511
0.564 0.071 0.126 3.081 -6.108 -1.416 0 0 17.511
0.564 0.071 0.126 3.081 -6.108 -1.416 0 0 17.411
0.564 0.071 0.126 3.081 -6.108 -1.416 0 0 17.411
0.564 0.071 0.126 3.081 -6.108 -1.416 0 0 17.261
0.568 0.074 0.126 3.076 -6.106 -1.424 0 0 17.261
0.568 0.074 0.126 3.076 -6.106 -1.424 0 0 17.121
0.568 0.074 0.126 3.076 -6.106 -1.424 0 0 17.121
0.572 0.078 0.126 3.070 -6.107 -1.433 0 0 17.231
0.572 0.078 0.126 3.070 -6.107 -1.433 0 0 17.231
0.572 0.078 0.126 3.070 -6.107 -1.433 0 0 17.311
0.577 0.081 0.126 3.064 -6.109 -1.441 0 0 17.311
0.577 0.081 0.126 3.064 -6.109 -1.441 0 0 17.351
0.577 0.081 0.126 3.064 -6.109 -1.441 0 0 17.351
0.577 0.081 0.126 3.064 -6.109 -1.441 0 0 17.261
0.582 0.083 0.126 3.059 -6.109 -1.449 0 0 17.261
0.582 0.083 0.126 3.059 -6.109 -1.449 0 0 17.070
0.582 0.083 0.126 3.059 -6.109 -1.449 0 0 17.070
0.588 0.086 0.125 3.051 -6.112 -1.457 0 0 17.160
0.588 0.086 0.125 3.051 -6.112 -1.457 0 0 17.160
0.588 0.086 0.125 3.051 -6.112 -1.457 0 0 17.320
0.594 0.088 0.125 3.047 -6.116 -1.465 0 0 17.320
0.594 0.088 0.125 3.047 -6.116 -1.465 0 0 17.360
0.594 0.088 0.125 3.047 -6.116 -1.465 0 0 17.360
0.594 0.088 0.125 3.047 -6.116 -1.465 0 0 16.940
0.601 0.091 0.125 3.046 -6.118 -1.473 0 0 16.940
0.601 0.091 0.125 3.046 -6.118 -1.473 0 0 17.110
0.601 0.091 0.125 3.046 -6.118 -1.473 0 0 17.110
0.608 0.093 0.124 3.043 -6.124 -1.480 0 0 17.320
0.608 0.093 0.124 3.043 -6.124 -1.480 0 0 17.321
0.608 0.093 0.124 3.043 -6.124 -1.480 0 0 17.741
0.615 0.095 0.124 3.040 -6.132 -1.490 0 0 17.741
0.615 0.095 0.124 3.040 -6.132 -1.490 0 0 17.662
0.615 0.095 0.124 3.040 -6.132 -1.490 0 0 17.662
0.615 0.095 0.124 3.040 -6.132 -1.490 0 0 17.502
0.623 0.097 0.123 3.041 -6.137 -1.501 0 0 17.502
0.623 0.097 0.123 3.041 -6.137 -1.501 0 0 17.833
0.623 0.097 0.123 3.041 -6.137 -1.501 0 0 17.833
0.630 0.098 0.123 3.038 -6.143 -1.507 0 0 17.993
0.630 0.098 0.123 3.038 -6.143 -1.507 0 0 17.993
0.630 0.098 0.123 3.038 -6.143 -1.507 0 0 17.923
0.637 0.100 0.122 3.037 -6.152 -1.518 0 0 17.923
0.637 0.100 0.122 3.037 -6.152 -1.518 0 0 17.924
0.637 0.100 0.122 3.037 -6.152 -1.518 0 0 17.924
0.637 0.100 0.122 3.037 -6.152 -1.518 0 0 18.014
0.644 0.101 0.122 3.041 -6.155 -1.527 0 0 18.014
0.644 0.101 0.122 3.041 -6.155 -1.527 0 0 17.955
0.644 0.101 0.122 3.041 -6.155 -1.527 0 0 17.955
0.652 0.102 0.121 3.043 -6.159 -1.530 0 0 17.845
0.652 0.102 0.121 3.043 -6.159 -1.530 0 0 17.846
0.652 0.102 0.121 3.043 -6.159 -1.530 0 0 18.016
0.659 0.102 0.121 3.045 -6.163 -1.533 0 0 18.016
0.659 0.102 0.121 3.045 -6.163 -1.533 0 0 17.906
0.659 0.102 0.121 3.045 -6.163 -1.533 0 0 17.906
0.659 0.102 0.121 3.045 -6.163 -1.533 0 0 17.906
0.666 0.103 0.121 3.049 -6.165 -1.536 0 0 17.906
0.666 0.103 0.121 3.049 -6.165 -1.536 0 0 17.957
0.666 0.103 0.121 3.049 -6.165 -1.536 0 0 17.957
0.673 0.102 0.121 3.050 -6.168 -1.537 0 0 17.967
0.673 0.102 0.121 3.050 -6.168 -1.537 0 0 17.967
0.673 0.102 0.121 3.050 -6.168 -1.537 0 0 18.067
0.680 0.102 0.120 3.049 -6.170 -1.540 0 0 18.067
0.680 0.102 0.120 3.049 -6.170 -1.540 0 0 17.967
0.680 0.102 0.120 3.049 -6.170 -1.540 0 0 17.967
0.680 0.102 0.120 3.049 -6.170 -1.540 0 0 18.217
0.687 0.101 0.120 3.049 -6.173 -1.541 0 0 18.217
0.687 0.101 0.120 3.049 -6.173 -1.541 0 0 18.448
0.687 0.101 0.120 3.049 -6.173 -1.541 0 0 18.448
0.694 0.101 0.120 3.049 -6.180 -1.543 0 0 18.498
0.694 0.101 0.120 3.049 -6.180 -1.543 0 0 18.498
0.694 0.101 0.120 3.049 -6.180 -1.543 0 0 18.318
0.701 0.100 0.119 3.049 -6.186 -1.548 0 0 18.318
0.701 0.100 0.119 3.049 -6.186 -1.548 0 0 18.148
0.701 0.100 0.119 3.049 -6.186 -1.548 0 0 18.148
0.701 0.100 0.119 3.049 -6.186 -1.548 0 0 18.378
0.709 0.100 0.119 3.046 -6.193 -1.552 0 0 18.378
0.709 0.100 0.119 3.046 -6.193 -1.552 0 0 18.348
0.709 0.100 0.119 3.046 -6.193 -1.552 0 0 18.348
0.716 0.099 0.119 3.043 -6.202 -1.556 0 0 18.348
0.716 0.099 0.119 3.043 -6.202 -1.556 0 0 18.347
0.716 0.099 0.119 3.043 -6.202 -1.556 0 0 18.377
0.724 0.100 0.118 3.042 -6.208 -1.565 0 0 18.377
0.724 0.100 0.118 3.042 -6.208 -1.565 0 0 18.027
0.724 0.100 0.118 3.042 -6.208 -1.565 0 0 18.027
0.724 0.100 0.118 3.042 -6.208 -1.565 0 0 18.027
0.731 0.100 0.117 3.041 -6.212 -1.569 0 0 18.027
0.731 0.100 0.117 3.041 -6.212 -1.569 0 0 17.957
0.731 0.100 0.117 3.041 -6.212 -1.569 0 0 17.957
0.739 0.100 0.117 3.037 -6.218 -1.575 0 0 17.687
0.739 0.100 0.117 3.037 -6.218 -1.575 0 0 17.686
0.739 0.100 0.117 3.037 -6.218 -1.575 0 0 17.696
0.747 0.100 0.116 3.034 -6.224 -1.583 0 0 17.696
0.747 0.100 0.116 3.034 -6.224 -1.583 0 0 17.696
0.747 0.100 0.116 3.034 -6.224 -1.583 0 0 17.696
0.747 0.100 0.116 3.034 -6.224 -1.583 0 0 17.606
0.754 0.100 0.116 3.028 -6.231 -1.591 0 0 17.606
0.754 0.100 0.116 3.028 -6.231 -1.591 0 0 17.695
0.754 0.100 0.116 3.028 -6.231 -1.591 0 0 17.695
0.762 0.100 0.115 3.022 -6.240 -1.602 0 0 17.755
0.762 0.100 0.115 3.022 -6.240 -1.602 0 0 17.753
0.762 0.100 0.115 3.022 -6.240 -1.602 0 0 18.143
0.769 0.100 0.114 3.016 -6.250 -1.614 0 0 18.143
0.769 0.100 0.114 3.016 -6.250 -1.614 0 0 18.412
0.769 0.100 0.114 3.016 -6.250 -1.614 0 0 18.412
0.769 0.100 0.114 3.016 -6.250 -1.614 0 0 18.412
0.776 0.101 0.113 3.012 -6.259 -1.626 0 0 18.412
0.776 0.101 0.113 3.012 -6.259 -1.626 0 0 18.170
0.776 0.101 0.113 3.012 -6.259 -1.626 0 0 18.170
0.783 0.101 0.112 3.007 -6.270 -1.642 0 0 18.370
0.783 0.101 0.112 3.007 -6.270 -1.642 0 0 18.368
0.783 0.101 0.112 3.007 -6.270 -1.642 0 0 18.638
0.789 0.102 0.111 3.002 -6.280 -1.656 0 0 18.638
0.789 0.102 0.111 3.002 -6.280 -1.656 0 0 18.576
0.789 0.102 0.111 3.002 -6.280 -1.656 0 0 18.576
0.789 0.102 0.111 3.002 -6.280 -1.656 0 0 18.706
0.795 0.103 0.110 2.998 -6.291 -1.669 0 0 18.706
0.795 0.103 0.110 2.998 -6.291 -1.669 0 0 18.624
0.795 0.103 0.110 2.998 -6.291 -1.669 0 0 18.624
0.800 0.104 0.109 2.994 -6.301 -1.682 0 0 18.504
0.800 0.104 0.109 2.994 -6.301 -1.682 0 0 18.502
0.800 0.104 0.109 2.994 -6.301 -1.682 0 0 18.752
0.804 0.105 0.108 2.991 -6.312 -1.694 0 0 18.752
0.804 0.105 0.108 2.991 -6.312 -1.694 0 0 18.760
0.804 0.105 0.108 2.991 -6.312 -1.694 0 0 18.760
0.804 0.105 0.108 2.991 -6.312 -1.694 0 0 18.600
0.808 0.107 0.107 2.989 -6.322 -1.704 0 0 18.600
0.808 0.107 0.107 2.989 -6.322 -1.704 0 0 18.678
0.808 0.107 0.107 2.989 -6.322 -1.704 0 0 18.678
0.811 0.109 0.106 2.987 -6.332 -1.714 0 0 18.378
0.811 0.109 0.106 2.987 -6.332 -1.714 0 0 18.375
0.811 0.109 0.106 2.987 -6.332 -1.714 0 0 18.325
0.814 0.111 0.106 2.988 -6.343 -1.723 0 0 18.325
0.814 0.111 0.106 2.988 -6.343 -1.723 0 0 18.483
0.814 0.111 0.106 2.988 -6.343 -1.723 0 0 18.483
0.814 0.111 0.106 2.988 -6.343 -1.723 0 0 18.103
0.817 0.113 0.105 2.989 -6.352 -1.732 0 0 18.103
0.817 0.113 0.105 2.989 -6.352 -1.732 0 0 18.032
0.817 0.113 0.105 2.989 -6.352 -1.732 0 0 18.032
0.819 0.116 0.104 2.989 -6.361 -1.739 0 0 17.662
0.819 0.116 0.104 2.989 -6.361 -1.739 0 0 17.660
0.819 0.116 0.104 2.989 -6.361 -1.739 0 0 17.620
0.821 0.119 0.103 2.988 -6.371 -1.745 0 0 17.620
0.821 0.119 0.103 2.988 -6.371 -1.745 0 0 17.657
0.821 0.119 0.103 2.988 -6.371 -1.745 0 0 17.657
0.821 0.119 0.103 2.988 -6.371 -1.745 0 0 17.627
0.822 0.122 0.102 2.988 -6.382 -1.754 0 0 17.627
0.822 0.122 0.102 2.988 -6.382 -1.754 0 0 17.444
0.822 0.122 0.102 2.988 -6.382 -1.754 0 0 17.444
0.822 0.125 0.101 2.986 -6.393 -1.761 0 0 17.704
0.822 0.125 0.101 2.986 -6.393 -1.761 0 0 17.700
0.822 0.125 0.101 2.986 -6.393 -1.761 0 0 17.930
0.822 0.128 0.100 2.986 -6.401 -1.772 0 0 17.930
0.822 0.128 0.100 2.986 -6.401 -1.772 0 0 18.338
0.822 0.128 0.100 2.986 -6.401 -1.772 0 0 18.338
0.822 0.128 0.100 2.986 -6.401 -1.772 0 0 18.518
0.822 0.132 0.100 2.985 -6.405 -1.783 0 0 18.518
0.822 0.132 0.100 2.985 -6.405 -1.783 0 0 18.586
0.822 0.132 0.100 2.985 -6.405 -1.783 0 0 18.586
0.821 0.135 0.099 2.983 -6.413 -1.789 0 0 18.766
0.821 0.135 0.099 2.983 -6.413 -1.789 0 0 18.764
0.821 0.135 0.099 2.983 -6.413 -1.789 0 0 18.904
0.820 0.138 0.098 2.984 -6.418 -1.792 0 0 18.904
0.820 0.138 0.098 2.984 -6.418 -1.792 0 0 18.902
0.820 0.138 0.098 2.984 -6.418 -1.792 0 0 18.902
0.820 0.138 0.098 2.984 -6.418 -1.792 0 0 19.272
0.819 0.142 0.098 2.986 -6.418 -1.793 0 0 19.272
0.819 0.142 0.098 2.986 -6.418 -1.793 0 0 19.183
0.819 0.142 0.098 2.986 -6.418 -1.793 0 0 19.183
0.817 0.145 0.098 2.988 -6.417 -1.794 0 0 18.993
0.817 0.145 0.098 2.988 -6.417 -1.794 0 0 18.994
0.817 0.145 0.098 2.988 -6.417 -1.794 0 0 19.444
0.814 0.148 0.098 2.988 -6.414 -1.794 0 0 19.444
0.814 0.148 0.098 2.988 -6.414 -1.794 0 0 19.335
0.814 0.148 0.098 2.988 -6.414 -1.794 0 0 19.335
0.814 0.148 0.098 2.988 -6.414 -1.794 0 0 19.455
0.811 0.152 0.098 2.990 -6.412 -1.792 0 0 19.455
0.811 0.152 0.098 2.990 -6.412 -1.792 0 0 19.506
0.811 0.152 0.098 2.990 -6.412 -1.792 0 0 19.506
0.807 0.155 0.098 2.990 -6.409 -1.791 0 0 19.696
0.807 0.155 0.098 2.990 -6.409 -1.791 0 0 19.697
0.807 0.155 0.098 2.990 -6.409 -1.791 0 0 19.967
0.803 0.158 0.099 2.990 -6.407 -1.790 0 0 19.967
0.803 0.158 0.099 2.990 -6.407 -1.790 0 0 20.098
0.803 0.158 0.099 2.990 -6.407 -1.790 0 0 20.098
0.803 0.158 0.099 2.990 -6.407 -1.790 0 0 20.218
0.798 0.161 0.099 2.991 -6.403 -1.785 0 0 20.218
0.798 0.161 0.099 2.991 -6.403 -1.785 0 0 20.109
0.798 0.161 0.099 2.991 -6.403 -1.785 0 0 20.109
0.793 0.164 0.100 2.993 -6.398 -1.781 0 0 20.189
0.793 0.164 0.100 2.993 -6.398 -1.781 0 0 20.191
0.793 0.164 0.100 2.993 -6.398 -1.781 0 0 20.341
0.788 0.167 0.101 2.993 -6.392 -1.775 0 0 20.341
0.788 0.167 0.101 2.993 -6.392 -1.775 0 0 20.533
0.788 0.167 0.101 2.993 -6.392 -1.775 0 0 20.533
0.788 0.167 0.101 2.993 -6.392 -1.775 0 0 20.813
0.782 0.169 0.101 2.995 -6.385 -1.767 0 0 20.813
0.782 0.169 0.101 2.995 -6.385 -1.767 0 0 21.046
0.782 0.169 0.101 2.995 -6.385 -1.767 0 0 21.046
0.776 0.171 0.102 2.997 -6.376 -1.758 0 0 21.276
0.776 0.171 0.102 2.997 -6.376 -1.758 0 0 21.278
0.776 0.171 0.102 2.997 -6.376 -1.758 0 0 21.358
0.769 0.173 0.103 2.998 -6.367 -1.749 0 0 21.358
0.769 0.173 0.103 2.998 -6.367 -1.749 0 0 21.761
0.769 0.173 0.103 2.998 -6.367 -1.749 0 0 21.761
0.769 0.173 0.103 2.998 -6.367 -1.749 0 0 22.011
0.763 0.175 0.105 3.000 -6.358 -1.739 0 0 22.011
0.763 0.175 0.105 3.000 -6.358 -1.739 0 0 22.054
0.763 0.175 0.105 3.000 -6.358 -1.739 0 0 22.054
0.756 0.176 0.106 3.002 -6.349 -1.729 0 0 22.194
0.756 0.176 0.106 3.002 -6.349 -1.729 0 0 22.196
0.756 0.176 0.106 3.002 -6.349 -1.729 0 0 22.226
0.750 0.177 0.107 3.004 -6.339 -1.718 0 0 22.226
0.750 0.177 0.107 3.004 -6.339 -1.718 0 0 22.528
0.750 0.177 0.107 3.004 -6.339 -1.718 0 0 22.528
0.750 0.177 0.107 3.004 -6.339 -1.718 0 0 22.508
0.743 0.178 0.108 3.006 -6.330 -1.709 0 0 22.508
0.743 0.178 0.108 3.006 -6.330 -1.709 0 0 22.601
0.743 0.178 0.108 3.006 -6.330 -1.709 0 0 22.601
0.736 0.179 0.109 3.009 -6.320 -1.699 0 0 22.741
0.736 0.179 0.109 3.009 -6.320 -1.699 0 0 22.743
0.736 0.179 0.109 3.009 -6.320 -1.699 0 0 22.863
0.729 0.179 0.110 3.012 -6.310 -1.688 0 0 22.863
0.729 0.179 0.110 3.012 -6.310 -1.688 0 0 22.875
0.729 0.179 0.110 3.012 -6.310 -1.688 0 0 22.875
0.729 0.179 0.110 3.012 -6.310 -1.688 0 0 23.025
0.722 0.179 0.111 3.014 -6.301 -1.678 0 0 23.025
0.722 0.179 0.111 3.014 -6.301 -1.678 0 0 23.087
0.722 0.179 0.111 3.014 -6.301 -1.678 0 0 23.087
0.714 0.179 0.112 3.017 -6.292 -1.669 0 0 23.367
0.714 0.179 0.112 3.017 -6.292 -1.669 0 0 23.369
0.714 0.179 0.112 3.017 -6.292 -1.669 0 0 23.559
0.707 0.180 0.113 3.019 -6.282 -1.660 0 0 23.559
0.707 0.180 0.113 3.019 -6.282 -1.660 0 0 23.721
0.707 0.180 0.113 3.019 -6.282 -1.660 0 0 23.721
0.707 0.180 0.113 3.019 -6.282 -1.660 0 0 23.871
0.699 0.180 0.114 3.022 -6.272 -1.650 0 0 23.871
0.699 0.180 0.114 3.022 -6.272 -1.650 0 0 23.872
0.699 0.180 0.114 3.022 -6.272 -1.650 0 0 23.872
0.691 0.179 0.115 3.024 -6.262 -1.641 0 0 23.922
0.691 0.179 0.115 3.024 -6.262 -1.641 0 0 23.924
0.691 0.179 0.115 3.024 -6.262 -1.641 0 0 23.814
0.683 0.179 0.116 3.026 -6.252 -1.630 0 0 23.814
0.683 0.179 0.116 3.026 -6.252 -1.630 0 0 24.174
0.683 0.179 0.116 3.026 -6.252 -1.630 0 0 24.174
0.683 0.179 0.116 3.026 -6.252 -1.630 0 0 24.324
0.674 0.178 0.117 3.027 -6.242 -1.621 0 0 24.324
0.674 0.178 0.117 3.027 -6.242 -1.621 0 0 24.395
0.674 0.178 0.117 3.027 -6.242 -1.621 0 0 24.395
0.666 0.178 0.118 3.027 -6.233 -1.611 0 0 24.285
0.666 0.178 0.118 3.027 -6.233 -1.611 0 0 24.286
0.666 0.178 0.118 3.027 -6.233 -1.611 0 0 24.116
0.657 0.177 0.119 3.026 -6.224 -1.602 0 0 24.116
0.657 0.177 0.119 3.026 -6.224 -1.602 0 0 24.365
0.657 0.177 0.119 3.026 -6.224 -1.602 0 0 24.365
0.657 0.177 0.119 3.026 -6.224 -1.602 0 0 24.355
0.648 0.176 0.120 3.024 -6.216 -1.595 0 0 24.355
0.648 0.176 0.120 3.024 -6.216 -1.595 0 0 24.075
0.648 0.176 0.120 3.024 -6.216 -1.595 0 0 24.075
0.639 0.175 0.121 3.021 -6.207 -1.587 0 0 23.975
0.639 0.175 0.121 3.021 -6.207 -1.587 0 0 23.974
0.639 0.175 0.121 3.021 -6.207 -1.587 0 0 23.884
0.631 0.174 0.122 3.017 -6.199 -1.580 0 0 23.884
0.631 0.174 0.122 3.017 -6.199 -1.580 0 0 23.593
0.631 0.174 0.122 3.017 -6.199 -1.580 0 0 23.593
0.631 0.174 0.122 3.017 -6.199 -1.580 0 0 23.773
0.623 0.173 0.123 3.011 -6.190 -1.575 0 0 23.773
0.623 0.173 0.123 3.011 -6.190 -1.575 0 0 23.832
0.623 0.173 0.123 3.011 -6.190 -1.575 0 0 23.832
0.615 0.171 0.125 3.005 -6.182 -1.569 0 0 23.652
0.615 0.171 0.125 3.005 -6.182 -1.569 0 0 23.650
0.615 0.171 0.125 3.005 -6.182 -1.569 0 0 23.740
0.608 0.170 0.125 2.999 -6.177 -1.564 0 0 23.740
0.608 0.170 0.125 2.999 -6.177 -1.564 0 0 24.018
0.608 0.170 0.125 2.999 -6.177 -1.564 0 0 24.018
0.608 0.170 0.125 2.999 -6.177 -1.564 0 0 24.038
0.602 0.169 0.126 2.993 -6.174 -1.561 0 0 24.038
0.602 0.169 0.126 2.993 -6.174 -1.561 0 0 23.797
0.602 0.169 0.126 2.993 -6.174 -1.561 0 0 23.797
0.596 0.168 0.127 2.988 -6.172 -1.559 0 0 23.747
0.596 0.168 0.127 2.988 -6.172 -1.559 0 0 23.745
0.596 0.168 0.127 2.988 -6.172 -1.559 0 0 23.885
0.591 0.168 0.128 2.983 -6.171 -1.558 0 0 23.885
0.591 0.168 0.128 2.983 -6.171 -1.558 0 0 23.903
0.591 0.168 0.128 2.983 -6.171 -1.558 0 0 23.903
0.591 0.168 0.128 2.983 -6.171 -1.558 0 0 23.953
0.586 0.167 0.129 2.979 -6.170 -1.557 0 0 23.953
0.586 0.167 0.129 2.979 -6.170 -1.557 0 0 23.762
0.586 0.167 0.129 2.979 -6.170 -1.557 0 0 23.762
0.581 0.167 0.129 2.976 -6.171 -1.557 0 0 24.192
0.581 0.167 0.129 2.976 -6.171 -1.557 0 0 24.191
0.581 0.167 0.129 2.976 -6.171 -1.557 0 0 24.441
0.576 0.167 0.130 2.973 -6.172 -1.558 0 0 24.441
0.576 0.167 0.130 2.973 -6.172 -1.558 0 0 24.070
0.576 0.167 0.130 2.973 -6.172 -1.558 0 0 24.070
0.576 0.167 0.130 2.973 -6.172 -1.558 0 0 24.030
0.571 0.167 0.131 2.971 -6.172 -1.560 0 0 24.030
0.571 0.167 0.131 2.971 -6.172 -1.560 0 0 24.170
0.571 0.167 0.131 2.971 -6.172 -1.560 0 0 24.170
0.566 0.168 0.131 2.969 -6.172 -1.562 0 0 24.360
0.566 0.168 0.131 2.969 -6.172 -1.562 0 0 24.359
0.566 0.168 0.131 2.969 -6.172 -1.562 0 0 24.349
0.561 0.168 0.132 2.967 -6.174 -1.563 0 0 24.349
0.561 0.168 0.132 2.967 -6.174 -1.563 0 0 24.388
0.561 0.168 0.132 2.967 -6.174 -1.563 0 0 24.388
0.561 0.168 0.132 2.967 -6.174 -1.563 0 0 24.878
0.556 0.169 0.133 2.965 -6.176 -1.568 0 0 24.878
0.556 0.169 0.133 2.965 -6.176 -1.568 0 0 24.908
0.556 0.169 0.133 2.965 -6.176 -1.568 0 0 24.908
0.551 0.170 0.134 2.964 -6.177 -1.570 0 0 24.538
0.551 0.170 0.134 2.964 -6.177 -1.570 0 0 24.538
0.551 0.170 0.134 2.964 -6.177 -1.570 0 0 24.638
0.547 0.172 0.134 2.964 -6.180 -1.573 0 0 24.638
0.547 0.172 0.134 2.964 -6.180 -1.573 0 0 24.918
0.547 0.172 0.134 2.964 -6.180 -1.573 0 0 24.918
0.547 0.172 0.134 2.964 -6.180 -1.573 0 0 24.628
0.543 0.173 0.135 2.965 -6.182 -1.574 0 0 24.628
0.543 0.173 0.135 2.965 -6.182 -1.574 0 0 24.339
0.543 0.173 0.135 2.965 -6.182 -1.574 0 0 24.339
0.540 0.175 0.135 2.967 -6.185 -1.576 0 0 24.099
0.540 0.175 0.135 2.967 -6.185 -1.576 0 0 24.099
0.540 0.175 0.135 2.967 -6.185 -1.576 0 0 24.199
0.537 0.176 0.136 2.967 -6.186 -1.577 0 0 24.199
0.537 0.176 0.136 2.967 -6.186 -1.577 0 0 23.659
0.537 0.176 0.136 2.967 -6.186 -1.577 0 0 23.659
0.537 0.176 0.136 2.967 -6.186 -1.577 0 0 23.159
0.535 0.178 0.136 2.967 -6.190 -1.579 0 0 23.159
0.535 0.178 0.136 2.967 -6.190 -1.579 0 0 23.219
0.535 0.178 0.136 2.967 -6.190 -1.579 0 0 23.219
0.533 0.180 0.137 2.966 -6.193 -1.580 0 0 23.289
0.533 0.180 0.137 2.966 -6.193 -1.580 0 0 23.289
0.533 0.180 0.137 2.966 -6.193 -1.580 0 0 22.729
0.532 0.181 0.137 2.965 -6.198 -1.580 0 0 22.729
0.532 0.181 0.137 2.965 -6.198 -1.580 0 0 22.449
0.532 0.181 0.137 2.965 -6.198 -1.580 0 0 22.449
0.532 0.181 0.137 2.965 -6.198 -1.580 0 0 22.559
0.532 0.182 0.137 2.962 -6.202 -1.580 0 0 22.559
0.532 0.182 0.137 2.962 -6.202 -1.580 0 0 22.558
0.532 0.182 0.137 2.962 -6.202 -1.580 0 0 22.558
0.531 0.183 0.137 2.958 -6.207 -1.581 0 0 22.218
0.531 0.183 0.137 2.958 -6.207 -1.581 0 0 22.216
0.531 0.183 0.137 2.958 -6.207 -1.581 0 0 21.746
0.531 0.183 0.137 2.953 -6.213 -1.580 0 0 21.746
0.531 0.183 0.137 2.953 -6.213 -1.580 0 0 21.623
0.531 0.183 0.137 2.953 -6.213 -1.580 0 0 21.623
0.531 0.183 0.137 2.953 -6.213 -1.580 0 0 21.503
0.531 0.185 0.138 2.947 -6.216 -1.583 0 0 21.503
0.531 0.185 0.138 2.947 -6.216 -1.583 0 0 21.411
0.531 0.185 0.138 2.947 -6.216 -1.583 0 0 21.411
0.531 0.187 0.138 2.941 -6.221 -1.587 0 0 21.451
0.531 0.187 0.138 2.941 -6.221 -1.587 0 0 21.449
0.531 0.187 0.138 2.941 -6.221 -1.587 0 0 20.959
0.531 0.190 0.138 2.937 -6.225 -1.595 0 0 20.959
0.531 0.190 0.138 2.937 -6.225 -1.595 0 0 20.777
0.531 0.190 0.138 2.937 -6.225 -1.595 0 0 20.777
0.531 0.190 0.138 2.937 -6.225 -1.595 0 0 20.977
0.531 0.193 0.138 2.932 -6.232 -1.604 0 0 20.977
0.531 0.193 0.138 2.932 -6.232 -1.604 0 0 20.755
0.531 0.193 0.138 2.932 -6.232 -1.604 0 0 20.755
0.531 0.197 0.138 2.928 -6.238 -1.614 0 0 20.445
0.531 0.197 0.138 2.928 -6.238 -1.614 0 0 20.444
0.531 0.197 0.138 2.928 -6.238 -1.614 0 0 20.154
0.532 0.202 0.138 2.924 -6.247 -1.626 0 0 20.154
0.532 0.202 0.138 2.924 -6.247 -1.626 0 0 20.052
0.532 0.202 0.138 2.924 -6.247 -1.626 0 0 20.052
0.532 0.202 0.138 2.924 -6.247 -1.626 0 0 20.132
0.533 0.207 0.138 2.919 -6.254 -1.638 0 0 20.132
0.533 0.207 0.138 2.919 -6.254 -1.638 0 0 19.699
0.533 0.207 0.138 2.919 -6.254 -1.638 0 0 19.699
0.534 0.212 0.138 2.914 -6.264 -1.652 0 0 19.889
0.534 0.212 0.138 2.914 -6.264 -1.652 0 0 19.887
0.534 0.212 0.138 2.914 -6.264 -1.652 0 0 20.167
0.535 0.216 0.137 2.910 -6.274 -1.665 0 0 20.167
0.535 0.216 0.137 2.910 -6.274 -1.665 0 0 19.904
0.535 0.216 0.137 2.910 -6.274 -1.665 0 0 19.904
0.535 0.216 0.137 2.910 -6.274 -1.665 0 0 19.974
0.537 0.220 0.137 2.906 -6.281 -1.677 0 0 19.974
0.537 0.220 0.137 2.906 -6.281 -1.677 0 0 20.152
0.537 0.220 0.137 2.906 -6.281 -1.677 0 0 20.152
0.539 0.224 0.137 2.902 -6.290 -1.686 0 0 20.412
0.539 0.224 0.137 2.902 -6.290 -1.686 0 0 20.409
0.539 0.224 0.137 2.902 -6.290 -1.686 0 0 20.469
0.541 0.227 0.136 2.899 -6.296 -1.695 0 0 20.469
0.541 0.227 0.136 2.899 -6.296 -1.695 0 0 20.597
0.541 0.227 0.136 2.899 -6.296 -1.695 0 0 20.597
0.541 0.227 0.136 2.899 -6.296 -1.695 0 0 20.837
0.542 0.230 0.136 2.896 -6.305 -1.704 0 0 20.837
0.542 0.230 0.136 2.896 -6.305 -1.704 0 0 21.004
0.542 0.230 0.136 2.896 -6.305 -1.704 0 0 21.004
0.544 0.233 0.135 2.893 -6.309 -1.711 0 0 20.964
0.544 0.233 0.135 2.893 -6.309 -1.711 0 0 20.963
0.544 0.233 0.135 2.893 -6.309 -1.711 0 0 21.103
0.546 0.235 0.134 2.890 -6.315 -1.717 0 0 21.103
0.546 0.235 0.134 2.890 -6.315 -1.717 0 0 21.040
0.546 0.235 0.134 2.890 -6.315 -1.717 0 0 21.040
0.546 0.235 0.134 2.890 -6.315 -1.717 0 0 21.060
0.548 0.237 0.134 2.888 -6.318 -1.723 0 0 21.060
0.548 0.237 0.134 2.888 -6.318 -1.723 0 0 20.979
0.548 0.237 0.134 2.888 -6.318 -1.723 0 0 20.979
0.550 0.239 0.134 2.886 -6.323 -1.729 0 0 21.059
0.550 0.239 0.134 2.886 -6.323 -1.729 0 0 21.056
0.550 0.239 0.134 2.886 -6.323 -1.729 0 0 20.806
0.552 0.241 0.133 2.885 -6.328 -1.735 0 0 20.806
0.552 0.241 0.133 2.885 -6.328 -1.735 0 0 20.875
0.552 0.241 0.133 2.885 -6.328 -1.735 0 0 20.875
0.552 0.241 0.133 2.885 -6.328 -1.735 0 0 21.015
0.554 0.243 0.133 2.883 -6.332 -1.741 0 0 21.015
0.554 0.243 0.133 2.883 -6.332 -1.741 0 0 21.244
0.554 0.243 0.133 2.883 -6.332 -1.741 0 0 21.244
0.555 0.245 0.132 2.883 -6.337 -1.747 0 0 21.194
0.555 0.245 0.132 2.883 -6.337 -1.747 0 0 21.193
0.555 0.245 0.132 2.883 -6.337 -1.747 0 0 20.923
0.558 0.248 0.131 2.883 -6.339 -1.753 0 0 20.923
0.558 0.248 0.131 2.883 -6.339 -1.753 0 0 20.873
0.558 0.248 0.131 2.883 -6.339 -1.753 0 0 20.873
0.558 0.248 0.131 2.883 -6.339 -1.753 0 0 20.953
0.560 0.250 0.131 2.882 -6.343 -1.758 0 0 20.953
0.560 0.250 0.131 2.882 -6.343 -1.758 0 0 20.921
0.560 0.250 0.131 2.882 -6.343 -1.758 0 0 20.921
0.563 0.251 0.130 2.881 -6.346 -1.763 0 0 20.851
0.563 0.251 0.130 2.881 -6.346 -1.763 0 0 20.851
0.563 0.251 0.130 2.881 -6.346 -1.763 0 0 21.051
0.565 0.254 0.129 2.882 -6.349 -1.769 0 0 21.051
0.565 0.254 0.129 2.882 -6.349 -1.769 0 0 20.871
0.565 0.254 0.129 2.882 -6.349 -1.769 0 0 20.871
0.565 0.254 0.129 2.882 -6.349 -1.769 0 0 20.831
0.568 0.256 0.129 2.883 -6.354 -1.776 0 0 20.831
0.568 0.256 0.129 2.883 -6.354 -1.776 0 0 20.850
0.568 0.256 0.129 2.883 -6.354 -1.776 0 0 20.850
0.571 0.258 0.128 2.884 -6.360 -1.784 0 0 21.000
0.571 0.258 0.128 2.884 -6.360 -1.784 0 0 21.000
0.571 0.258 0.128 2.884 -6.360 -1.784 0 0 20.870
0.574 0.261 0.127 2.885 -6.366 -1.791 0 0 20.870
0.574 0.261 0.127 2.885 -6.366 -1.791 0 0 21.009
0.574 0.261 0.127 2.885 -6.366 -1.791 0 0 21.009
0.574 0.261 0.127 2.885 -6.366 -1.791 0 0 20.809
0.577 0.263 0.126 2.887 -6.372 -1.799 0 0 20.809
0.577 0.263 0.126 2.887 -6.372 -1.799 0 0 20.638
0.577 0.263 0.126 2.887 -6.372 -1.799 0 0 20.638
0.579 0.265 0.125 2.888 -6.376 -1.806 0 0 20.798
0.579 0.265 0.125 2.888 -6.376 -1.806 0 0 20.798
0.579 0.265 0.125 2.888 -6.376 -1.806 0 0 21.108
0.582 0.267 0.124 2.890 -6.382 -1.812 0 0 21.108
0.582 0.267 0.124 2.890 -6.382 -1.812 0 0 20.847
0.582 0.267 0.124 2.890 -6.382 -1.812 0 0 20.847
0.582 0.267 0.124 2.890 -6.382 -1.812 0 0 20.727
0.585 0.270 0.123 2.892 -6.387 -1.817 0 0 20.727
0.585 0.270 0.123 2.892 -6.387 -1.817 0 0 21.018
0.585 0.270 0.123 2.892 -6.387 -1.817 0 0 21.018
0.587 0.271 0.123 2.894 -6.394 -1.824 0 0 21.148
0.587 0.271 0.123 2.894 -6.394 -1.824 0 0 21.146
0.587 0.271 0.123 2.894 -6.394 -1.824 0 0 20.926
0.589 0.273 0.122 2.895 -6.399 -1.829 0 0 20.926
0.589 0.273 0.122 2.895 -6.399 -1.829 0 0 20.705
0.589 0.273 0.122 2.895 -6.399 -1.829 0 0 20.705
0.589 0.273 0.122 2.895 -6.399 -1.829 0 0 20.825
0.591 0.275 0.121 2.897 -6.405 -1.836 0 0 20.825
0.591 0.275 0.121 2.897 -6.405 -1.836 0 0 20.814
0.591 0.275 0.121 2.897 -6.405 -1.836 0 0 20.814
0.593 0.277 0.120 2.898 -6.412 -1.842 0 0 20.694
0.593 0.277 0.120 2.898 -6.412 -1.842 0 0 20.693
0.593 0.277 0.120 2.898 -6.412 -1.842 0 0 20.633
0.595 0.279 0.120 2.899 -6.418 -1.848 0 0 20.633
0.595 0.279 0.120 2.899 -6.418 -1.848 0 0 20.761
0.595 0.279 0.120 2.899 -6.418 -1.848 0 0 20.761
0.595 0.279 0.120 2.899 -6.418 -1.848 0 0 20.671
0.597 0.281 0.119 2.900 -6.425 -1.855 0 0 20.671
0.597 0.281 0.119 2.900 -6.425 -1.855 0 0 20.670
0.597 0.281 0.119 2.900 -6.425 -1.855 0 0 20.670
0.599 0.283 0.118 2.902 -6.432 -1.861 0 0 20.410
0.599 0.283 0.118 2.902 -6.432 -1.861 0 0 20.408
0.599 0.283 0.118 2.902 -6.432 -1.861 0 0 20.688
0.601 0.285 0.117 2.903 -6.440 -1.868 0 0 20.688
0.601 0.285 0.117 2.903 -6.440 -1.868 0 0 20.846
0.601 0.285 0.117 2.903 -6.440 -1.868 0 0 20.846
0.601 0.285 0.117 2.903 -6.440 -1.868 0 0 20.686
0.603 0.287 0.116 2.905 -6.448 -1.875 0 0 20.686
0.603 0.287 0.116 2.905 -6.448 -1.875 0 0 20.584
0.603 0.287 0.116 2.905 -6.448 -1.875 0 0 20.584
0.606 0.290 0.115 2.908 -6.456 -1.882 0 0 20.654
0.606 0.290 0.115 2.908 -6.456 -1.882 0 0 20.652
0.606 0.290 0.115 2.908 -6.456 -1.882 0 0 20.872
0.608 0.292 0.114 2.911 -6.465 -1.889 0 0 20.872
0.608 0.292 0.114 2.911 -6.465 -1.889 0 0 20.839
0.608 0.292 0.114 2.911 -6.465 -1.889 0 0 20.839
0.608 0.292 0.114 2.911 -6.465 -1.889 0 0 20.349
0.610 0.295 0.113 2.913 -6.474 -1.896 0 0 20.349
0.610 0.295 0.113 2.913 -6.474 -1.896 0 0 20.317
0.610 0.295 0.113 2.913 -6.474 -1.896 0 0 20.317
0.612 0.298 0.112 2.914 -6.484 -1.904 0 0 20.667
0.612 0.298 0.112 2.914 -6.484 -1.904 0 0 20.663
0.612 0.298 0.112 2.914 -6.484 -1.904 0 0 20.813
0.614 0.301 0.111 2.917 -6.496 -1.913 0 0 20.813
0.614 0.301 0.111 2.917 -6.496 -1.913 0 0 20.660
0.614 0.301 0.111 2.917 -6.496 -1.913 0 0 20.660
0.614 0.301 0.111 2.917 -6.496 -1.913 0 0 20.910
0.617 0.304 0.109 2.920 -6.505 -1.923 0 0 20.910
0.617 0.304 0.109 2.920 -6.505 -1.923 0 0 20.837
0.617 0.304 0.109 2.920 -6.505 -1.923 0 0 20.837
0.619 0.307 0.108 2.922 -6.516 -1.931 0 0 20.787
0.619 0.307 0.108 2.922 -6.516 -1.931 0 0 20.782
0.619 0.307 0.108 2.922 -6.516 -1.931 0 0 20.922
0.620 0.310 0.107 2.923 -6.526 -1.938 0 0 20.922
0.620 0.310 0.107 2.923 -6.526 -1.938 0 0 20.968
0.620 0.310 0.107 2.923 -6.526 -1.938 0 0 20.968
0.620 0.310 0.107 2.923 -6.526 -1.938 0 0 21.148
0.622 0.313 0.106 2.925 -6.534 -1.946 0 0 21.148
0.622 0.313 0.106 2.925 -6.534 -1.946 0 0 21.125
0.622 0.313 0.106 2.925 -6.534 -1.946 0 0 21.125
0.622 0.315 0.105 2.927 -6.540 -1.950 0 0 21.195
0.622 0.315 0.105 2.927 -6.540 -1.950 0 0 21.192
0.622 0.315 0.105 2.927 -6.540 -1.950 0 0 21.442
0.623 0.318 0.104 2.929 -6.546 -1.951 0 0 21.442
0.623 0.318 0.104 2.929 -6.546 -1.951 0 0 21.609
0.623 0.318 0.104 2.929 -6.546 -1.951 0 0 21.609
0.623 0.318 0.104 2.929 -6.546 -1.951 0 0 21.569
0.623 0.320 0.103 2.932 -6.549 -1.950 0 0 21.569
0.623 0.320 0.103 2.932 -6.549 -1.950 0 0 21.349
0.623 0.320 0.103 2.932 -6.549 -1.950 0 0 21.349
0.623 0.322 0.103 2.935 -6.550 -1.948 0 0 21.209
0.623 0.322 0.103 2.935 -6.550 -1.948 0 0 21.210
0.623 0.322 0.103 2.935 -6.550 -1.948 0 0 21.300
0.622 0.324 0.102 2.937 -6.551 -1.946 0 0 21.300
0.622 0.324 0.102 2.937 -6.551 -1.946 0 0 21.490
0.622 0.324 0.102 2.937 -6.551 -1.946 0 0 21.490
0.622 0.324 0.102 2.937 -6.551 -1.946 0 0 21.640
0.622 0.327 0.102 2.939 -6.552 -1.946 0 0 21.640
0.622 0.327 0.102 2.939 -6.552 -1.946 0 0 21.490
0.622 0.327 0.102 2.939 -6.552 -1.946 0 0 21.490
0.621 0.329 0.101 2.940 -6.555 -1.948 0 0 21.550
0.621 0.329 0.101 2.940 -6.555 -1.948 0 0 21.549
0.621 0.329 0.101 2.940 -6.555 -1.948 0 0 21.609
0.620 0.332 0.101 2.941 -6.558 -1.952 0 0 21.609
0.620 0.332 0.101 2.941 -6.558 -1.952 0 0 22.058
0.620 0.332 0.101 2.941 -6.558 -1.952 0 0 22.058
0.620 0.332 0.101 2.941 -6.558 -1.952 0 0 22.168
0.619 0.334 0.100 2.942 -6.560 -1.954 0 0 22.168
0.619 0.334 0.100 2.942 -6.560 -1.954 0 0 22.127
0.619 0.334 0.100 2.942 -6.560 -1.954 0 0 22.127
0.618 0.337 0.100 2.943 -6.562 -1.955 0 0 22.137
0.618 0.337 0.100 2.943 -6.562 -1.955 0 0 22.136
0.618 0.337 0.100 2.943 -6.562 -1.955 0 0 22.226
0.616 0.339 0.100 2.944 -6.562 -1.956 0 0 22.226
0.616 0.339 0.100 2.944 -6.562 -1.956 0 0 22.136
0.616 0.339 0.100 2.944 -6.562 -1.956 0 0 22.136
0.616 0.339 0.100 2.944 -6.562 -1.956 0 0 22.106
0.615 0.341 0.099 2.945 -6.563 -1.954 0 0 22.106
0.615 0.341 0.099 2.945 -6.563 -1.954 0 0 22.046
0.615 0.341 0.099 2.945 -6.563 -1.954 0 0 22.046
0.614 0.344 0.099 2.945 -6.564 -1.954 0 0 21.996
0.614 0.344 0.099 2.945 -6.564 -1.954 0 0 21.996
0.614 0.344 0.099 2.945 -6.564 -1.954 0 0 22.036
0.612 0.346 0.099 2.946 -6.565 -1.956 0 0 22.036
0.612 0.346 0.099 2.946 -6.565 -1.956 0 0 22.575
0.612 0.346 0.099 2.946 -6.565 -1.956 0 0 22.575
0.612 0.346 0.099 2.946 -6.565 -1.956 0 0 22.645
0.610 0.348 0.099 2.946 -6.567 -1.957 0 0 22.645
0.610 0.348 0.099 2.946 -6.567 -1.957 0 0 22.804
0.610 0.348 0.099 2.946 -6.567 -1.957 0 0 22.804
0.609 0.351 0.098 2.947 -6.569 -1.961 0 0 22.914
0.609 0.351 0.098 2.947 -6.569 -1.961 0 0 22.914
0.609 0.351 0.098 2.947 -6.569 -1.961 0 0 23.074
0.607 0.353 0.098 2.948 -6.571 -1.962 0 0 23.074
0.607 0.353 0.098 2.948 -6.571 -1.962 0 0 22.933
0.607 0.353 0.098 2.948 -6.571 -1.962 0 0 22.933
0.607 0.353 0.098 2.948 -6.571 -1.962 0 0 22.583
0.605 0.355 0.098 2.948 -6.572 -1.962 0 0 22.583
0.605 0.355 0.098 2.948 -6.572 -1.962 0 0 22.632
0.605 0.355 0.098 2.948 -6.572 -1.962 0 0 22.632
0.604 0.357 0.098 2.949 -6.573 -1.963 0 0 22.902
0.604 0.357 0.098 2.949 -6.573 -1.963 0 0 22.902
0.604 0.357 0.098 2.949 -6.573 -1.963 0 0 23.012
0.602 0.359 0.098 2.949 -6.576 -1.964 0 0 23.012
0.602 0.359 0.098 2.949 -6.576 -1.964 0 0 22.961
0.602 0.359 0.098 2.949 -6.576 -1.964 0 0 22.961
0.602 0.359 0.098 2.949 -6.576 -1.964 0 0 22.831
0.600 0.361 0.098 2.950 -6.578 -1.965 0 0 22.831
0.600 0.361 0.098 2.950 -6.578 -1.965 0 0 22.929
0.600 0.361 0.098 2.950 -6.578 -1.965 0 0 22.929
0.598 0.363 0.098 2.950 -6.580 -1.967 0 0 23.239
0.598 0.363 0.098 2.950 -6.580 -1.967 0 0 23.238
0.598 0.363 0.098 2.950 -6.580 -1.967 0 0 23.358
0.596 0.365 0.097 2.950 -6.582 -1.968 0 0 23.358
0.596 0.365 0.097 2.950 -6.582 -1.968 0 0 23.257
0.596 0.365 0.097 2.950 -6.582 -1.968 0 0 23.257
0.596 0.365 0.097 2.950 -6.582 -1.968 0 0 23.357
0.595 0.367 0.098 2.951 -6.583 -1.970 0 0 23.357
0.595 0.367 0.098 2.951 -6.583 -1.970 0 0 23.137
0.595 0.367 0.098 2.951 -6.583 -1.970 0 0 23.137
0.593 0.368 0.098 2.951 -6.584 -1.971 0 0 23.217
0.593 0.368 0.098 2.951 -6.584 -1.971 0 0 23.217
0.593 0.368 0.098 2.951 -6.584 -1.971 0 0 23.337
0.591 0.370 0.097 2.952 -6.584 -1.971 0 0 23.337
0.591 0.370 0.097 2.952 -6.584 -1.971 0 0 23.257
0.591 0.370 0.097 2.952 -6.584 -1.971 0 0 23.257
0.591 0.370 0.097 2.952 -6.584 -1.971 0 0 23.137
0.590 0.371 0.098 2.952 -6.584 -1.971 0 0 23.137
0.590 0.371 0.098 2.952 -6.584 -1.971 0 0 22.757
0.590 0.371 0.098 2.952 -6.584 -1.971 0 0 22.757
0.588 0.373 0.098 2.952 -6.584 -1.969 0 0 23.027
0.588 0.373 0.098 2.952 -6.584 -1.969 0 0 23.026
0.588 0.373 0.098 2.952 -6.584 -1.969 0 0 22.906
0.586 0.374 0.098 2.954 -6.585 -1.968 0 0 22.906
0.586 0.374 0.098 2.954 -6.585 -1.968 0 0 22.727
0.586 0.374 0.098 2.954 -6.585 -1.968 0 0 22.727
0.586 0.374 0.098 2.954 -6.585 -1.968 0 0 22.347
0.585 0.375 0.098 2.955 -6.582 -1.966 0 0 22.347
0.585 0.375 0.098 2.955 -6.582 -1.966 0 0 22.089
0.585 0.375 0.098 2.955 -6.582 -1.966 0 0 22.089
0.583 0.376 0.098 2.956 -6.579 -1.963 0 0 22.049
0.583 0.376 0.098 2.956 -6.579 -1.963 0 0 22.051
0.583 0.376 0.098 2.956 -6.579 -1.963 0 0 21.681
0.581 0.377 0.099 2.957 -6.576 -1.961 0 0 21.681
0.581 0.377 0.099 2.957 -6.576 -1.961 0 0 21.673
0.581 0.377 0.099 2.957 -6.576 -1.961 0 0 21.673
0.581 0.377 0.099 2.957 -6.576 -1.961 0 0 21.633
0.580 0.378 0.099 2.957 -6.572 -1.960 0 0 21.633
0.580 0.378 0.099 2.957 -6.572 -1.960 0 0 21.575
0.580 0.378 0.099 2.957 -6.572 -1.960 0 0 21.575
0.577 0.379 0.099 2.956 -6.568 -1.958 0 0 21.715
0.577 0.379 0.099 2.956 -6.568 -1.958 0 0 21.718
0.577 0.379 0.099 2.956 -6.568 -1.958 0 0 21.938
0.575 0.379 0.100 2.955 -6.565 -1.958 0 0 21.938
0.575 0.379 0.100 2.955 -6.565 -1.958 0 0 22.129
0.575 0.379 0.100 2.955 -6.565 -1.958 0 0 22.129
0.575 0.379 0.100 2.955 -6.565 -1.958 0 0 22.319
0.573 0.380 0.100 2.956 -6.561 -1.958 0 0 22.319
0.573 0.380 0.100 2.956 -6.561 -1.958 0 0 22.282
0.573 0.380 0.100 2.956 -6.561 -1.958 0 0 22.282
0.571 0.380 0.101 2.955 -6.556 -1.955 0 0 21.902
0.571 0.380 0.101 2.955 -6.556 -1.955 0 0 21.905
0.571 0.380 0.101 2.955 -6.556 -1.955 0 0 21.805
0.568 0.381 0.102 2.955 -6.549 -1.953 0 0 21.805
0.568 0.381 0.102 2.955 -6.549 -1.953 0 0 21.689
0.568 0.381 0.102 2.955 -6.549 -1.953 0 0 21.689
0.568 0.381 0.102 2.955 -6.549 -1.953 0 0 21.799
0.566 0.381 0.103 2.954 -6.542 -1.949 0 0 21.799
0.566 0.381 0.103 2.954 -6.542 -1.949 0 0 21.702
0.566 0.381 0.103 2.954 -6.542 -1.949 0 0 21.702
0.563 0.381 0.104 2.953 -6.536 -1.946 0 0 21.662
0.563 0.381 0.104 2.953 -6.536 -1.946 0 0 21.665
0.563 0.381 0.104 2.953 -6.536 -1.946 0 0 21.055
0.561 0.380 0.105 2.952 -6.531 -1.943 0 0 21.055
0.561 0.380 0.105 2.952 -6.531 -1.943 0 0 21.368
0.561 0.380 0.105 2.952 -6.531 -1.943 0 0 21.368
0.561 0.380 0.105 2.952 -6.531 -1.943 0 0 21.208
0.559 0.380 0.106 2.952 -6.525 -1.939 0 0 21.208
0.559 0.380 0.106 2.952 -6.525 -1.939 0 0 21.270
0.559 0.380 0.106 2.952 -6.525 -1.939 0 0 21.270
0.556 0.380 0.107 2.951 -6.518 -1.937 0 0 20.740
0.556 0.380 0.107 2.951 -6.518 -1.937 0 0 20.744
0.556 0.380 0.107 2.951 -6.518 -1.937 0 0 20.574
0.554 0.380 0.108 2.950 -6.510 -1.935 0 0 20.574
0.554 0.380 0.108 2.950 -6.510 -1.935 0 0 20.388
0.554 0.380 0.108 2.950 -6.510 -1.935 0 0 20.388
0.554 0.380 0.108 2.950 -6.510 -1.935 0 0 20.318
0.553 0.379 0.109 2.948 -6.502 -1.934 0 0 20.318
0.553 0.379 0.109 2.948 -6.502 -1.934 0 0 20.861
0.553 0.379 0.109 2.948 -6.502 -1.934 0 0 20.861
0.550 0.378 0.110 2.945 -6.496 -1.932 0 0 20.791
0.550 0.378 0.110 2.945 -6.496 -1.932 0 0 20.793
0.550 0.378 0.110 2.945 -6.496 -1.932 0 0 20.793
0.548 0.377 0.111 2.942 -6.492 -1.930 0 0 20.793
0.548 0.377 0.111 2.942 -6.492 -1.930 0 0 21.184
0.548 0.377 0.111 2.942 -6.492 -1.930 0 0 21.184
0.548 0.377 0.111 2.942 -6.492 -1.930 0 0 21.204
0.546 0.376 0.112 2.943 -6.490 -1.930 0 0 21.204
0.546 0.376 0.112 2.943 -6.490 -1.930 0 0 21.205
0.546 0.376 0.112 2.943 -6.490 -1.930 0 0 21.205
0.544 0.375 0.113 2.944 -6.488 -1.930 0 0 21.215
0.544 0.375 0.113 2.944 -6.488 -1.930 0 0 21.216
0.544 0.375 0.113 2.944 -6.488 -1.930 0 0 21.106
0.541 0.374 0.114 2.943 -6.485 -1.928 0 0 21.106
0.541 0.374 0.114 2.943 -6.485 -1.928 0 0 21.507
0.541 0.374 0.114 2.943 -6.485 -1.928 0 0 21.507
0.541 0.374 0.114 2.943 -6.485 -1.928 0 0 21.357
0.539 0.373 0.115 2.944 -6.483 -1.927 0 0 21.357
0.539 0.373 0.115 2.944 -6.483 -1.927 0 0 21.438
0.539 0.373 0.115 2.944 -6.483 -1.927 0 0 21.438
0.537 0.371 0.116 2.944 -6.482 -1.926 0 0 21.198
0.537 0.371 0.116 2.944 -6.482 -1.926 0 0 21.199
0.537 0.371 0.116 2.944 -6.482 -1.926 0 0 21.359
0.535 0.370 0.116 2.944 -6.484 -1.929 0 0 21.359
0.535 0.370 0.116 2.944 -6.484 -1.929 0 0 21.389
0.535 0.370 0.116 2.944 -6.484 -1.929 0 0 21.389
0.535 0.370 0.116 2.944 -6.484 -1.929 0 0 21.749
0.533 0.369 0.117 2.946 -6.484 -1.934 0 0 21.749
0.533 0.369 0.117 2.946 -6.484 -1.934 0 0 22.169
0.533 0.369 0.117 2.946 -6.484 -1.934 0 0 22.169
0.531 0.368 0.118 2.947 -6.480 -1.937 0 0 22.159
0.531 0.368 0.118 2.947 -6.480 -1.937 0 0 22.162
0.531 0.368 0.118 2.947 -6.480 -1.937 0 0 21.902
0.528 0.367 0.119 2.946 -6.476 -1.936 0 0 21.902
0.528 0.367 0.119 2.946 -6.476 -1.936 0 0 21.434
0.528 0.367 0.119 2.946 -6.476 -1.936 0 0 21.434
0.528 0.367 0.119 2.946 -6.476 -1.936 0 0 21.394
0.526 0.365 0.120 2.945 -6.473 -1.935 0 0 21.394
0.526 0.365 0.120 2.945 -6.473 -1.935 0 0 21.575
0.526 0.365 0.120 2.945 -6.473 -1.935 0 0 21.575
0.523 0.364 0.121 2.945 -6.470 -1.936 0 0 21.655
0.523 0.364 0.121 2.945 -6.470 -1.936 0 0 21.656
0.523 0.364 0.121 2.945 -6.470 -1.936 0 0 21.276
0.520 0.362 0.123 2.943 -6.467 -1.936 0 0 21.276
0.520 0.362 0.123 2.943 -6.467 -1.936 0 0 21.517
0.520 0.362 0.123 2.943 -6.467 -1.936 0 0 21.517
0.520 0.362 0.123 2.943 -6.467 -1.936 0 0 21.647
0.517 0.360 0.124 2.942 -6.463 -1.933 0 0 21.647
0.517 0.360 0.124 2.942 -6.463 -1.933 0 0 21.868
0.517 0.360 0.124 2.942 -6.463 -1.933 0 0 21.868
0.515 0.358 0.125 2.943 -6.459 -1.932 0 0 22.008
0.515 0.358 0.125 2.943 -6.459 -1.932 0 0 22.010
0.515 0.358 0.125 2.943 -6.459 -1.932 0 0 21.810
0.512 0.356 0.126 2.942 -6.453 -1.929 0 0 21.810
0.512 0.356 0.126 2.942 -6.453 -1.929 0 0 21.902
0.512 0.356 0.126 2.942 -6.453 -1.929 0 0 21.902
0.512 0.356 0.126 2.942 -6.453 -1.929 0 0 22.072
0.508 0.354 0.128 2.942 -6.449 -1.924 0 0 22.072
0.508 0.354 0.128 2.942 -6.449 -1.924 0 0 21.834
0.508 0.354 0.128 2.942 -6.449 -1.924 0 0 21.834
0.505 0.352 0.129 2.941 -6.444 -1.920 0 0 21.934
0.505 0.352 0.129 2.941 -6.444 -1.920 0 0 21.935
0.505 0.352 0.129 2.941 -6.444 -1.920 0 0 22.215
0.502 0.350 0.131 2.940 -6.438 -1.914 0 0 22.215
0.502 0.350 0.131 2.940 -6.438 -1.914 0 0 22.237
0.502 0.350 0.131 2.940 -6.438 -1.914 0 0 22.237
0.502 0.350 0.131 2.940 -6.438 -1.914 0 0 22.497
0.499 0.348 0.132 2.939 -6.435 -1.909 0 0 22.497
0.499 0.348 0.132 2.939 -6.435 -1.909 0 0 22.598
0.499 0.348 0.132 2.939 -6.435 -1.909 0 0 22.598
0.495 0.345 0.134 2.939 -6.429 -1.904 0 0 22.558
0.495 0.345 0.134 2.939 -6.429 -1.904 0 0 22.559
0.495 0.345 0.134 2.939 -6.429 -1.904 0 0 22.539
0.491 0.342 0.135 2.939 -6.422 -1.896 0 0 22.539
0.491 0.342 0.135 2.939 -6.422 -1.896 0 0 22.432
0.491 0.342 0.135 2.939 -6.422 -1.896 0 0 22.432
0.491 0.342 0.135 2.939 -6.422 -1.896 0 0 22.452
0.487 0.340 0.137 2.939 -6.415 -1.888 0 0 22.452
0.487 0.340 0.137 2.939 -6.415 -1.888 0 0 22.544
0.487 0.340 0.137 2.939 -6.415 -1.888 0 0 22.544
0.484 0.337 0.138 2.941 -6.406 -1.880 0 0 22.734
0.484 0.337 0.138 2.941 -6.406 -1.880 0 0 22.737
0.484 0.337 0.138 2.941 -6.406 -1.880 0 0 22.837
0.480 0.335 0.139 2.943 -6.397 -1.872 0 0 22.837
0.480 0.335 0.139 2.943 -6.397 -1.872 0 0 23.051
0.480 0.335 0.139 2.943 -6.397 -1.872 0 0 23.051
0.480 0.335 0.139 2.943 -6.397 -1.872 0 0 22.991
0.476 0.332 0.141 2.947 -6.389 -1.866 0 0 22.991
0.476 0.332 0.141 2.947 -6.389 -1.866 0 0 23.425
0.476 0.332 0.141 2.947 -6.389 -1.866 0 0 23.425
0.473 0.330 0.142 2.951 -6.378 -1.858 0 0 23.575
0.473 0.330 0.142 2.951 -6.378 -1.858 0 0 23.579
0.473 0.330 0.142 2.951 -6.378 -1.858 0 0 23.429
0.469 0.329 0.143 2.955 -6.367 -1.848 0 0 23.429
0.469 0.329 0.143 2.955 -6.367 -1.848 0 0 23.454
0.469 0.329 0.143 2.955 -6.367 -1.848 0 0 23.454
0.469 0.329 0.143 2.955 -6.367 -1.848 0 0 23.614
0.466 0.328 0.143 2.960 -6.359 -1.840 0 0 23.614
0.466 0.328 0.143 2.960 -6.359 -1.840 0 0 23.707
0.466 0.328 0.143 2.960 -6.359 -1.840 0 0 23.707
0.463 0.327 0.144 2.965 -6.355 -1.836 0 0 23.797
0.463 0.327 0.144 2.965 -6.355 -1.836 0 0 23.800
0.463 0.327 0.144 2.965 -6.355 -1.836 0 0 24.530
0.460 0.326 0.144 2.972 -6.351 -1.833 0 0 24.530
0.460 0.326 0.144 2.972 -6.351 -1.833 0 0 25.024
0.460 0.326 0.144 2.972 -6.351 -1.833 0 0 25.024
0.460 0.326 0.144 2.972 -6.351 -1.833 0 0 25.424
0.457 0.327 0.145 2.978 -6.351 -1.831 0 0 25.424
0.457 0.327 0.145 2.978 -6.351 -1.831 0 0 25.385
0.457 0.327 0.145 2.978 -6.351 -1.831 0 0 25.385
0.455 0.327 0.145 2.987 -6.350 -1.834 0 0 25.805
0.455 0.327 0.145 2.987 -6.350 -1.834 0 0 25.808
0.455 0.327 0.145 2.987 -6.350 -1.834 0 0 25.608
0.452 0.328 0.145 2.992 -6.345 -1.834 0 0 25.608
0.452 0.328 0.145 2.992 -6.345 -1.834 0 0 25.601
0.452 0.328 0.145 2.992 -6.345 -1.834 0 0 25.601
0.452 0.328 0.145 2.992 -6.345 -1.834 0 0 25.791
0.449 0.330 0.145 2.995 -6.337 -1.833 0 0 25.791
0.449 0.330 0.145 2.995 -6.337 -1.833 0 0 26.364
0.449 0.330 0.145 2.995 -6.337 -1.833 0 0 26.364
0.445 0.331 0.146 3.000 -6.330 -1.832 0 0 26.324
0.445 0.331 0.146 3.000 -6.330 -1.832 0 0 26.327
0.445 0.331 0.146 3.000 -6.330 -1.832 0 0 26.087
0.442 0.332 0.146 3.005 -6.323 -1.831 0 0 26.087
0.442 0.332 0.146 3.005 -6.323 -1.831 0 0 26.170
0.442 0.332 0.146 3.005 -6.323 -1.831 0 0 26.170
0.442 0.332 0.146 3.005 -6.323 -1.831 0 0 26.290
0.438 0.334 0.146 3.008 -6.317 -1.832 0 0 26.290
0.438 0.334 0.146 3.008 -6.317 -1.832 0 0 26.442
0.438 0.334 0.146 3.008 -6.317 -1.832 0 0 26.442
0.434 0.335 0.146 3.013 -6.313 -1.833 0 0 26.682
0.434 0.335 0.146 3.013 -6.313 -1.833 0 0 26.684
0.434 0.335 0.146 3.013 -6.313 -1.833 0 0 26.784
0.430 0.337 0.147 3.018 -6.308 -1.837 0 0 26.784
0.430 0.337 0.147 3.018 -6.308 -1.837 0 0 26.547
0.430 0.337 0.147 3.018 -6.308 -1.837 0 0 26.547
0.430 0.337 0.147 3.018 -6.308 -1.837 0 0 26.827
0.426 0.339 0.147 3.022 -6.302 -1.837 0 0 26.827
0.426 0.339 0.147 3.022 -6.302 -1.837 0 0 26.568
0.426 0.339 0.147 3.022 -6.302 -1.837 0 0 26.568
0.422 0.342 0.147 3.027 -6.298 -1.840 0 0 26.828
0.422 0.342 0.147 3.027 -6.298 -1.840 0 0 26.830
0.422 0.342 0.147 3.027 -6.298 -1.840 0 0 26.380
0.418 0.345 0.147 3.032 -6.292 -1.842 0 0 26.380
0.418 0.345 0.147 3.032 -6.292 -1.842 0 0 26.442
0.418 0.345 0.147 3.032 -6.292 -1.842 0 0 26.442
0.418 0.345 0.147 3.032 -6.292 -1.842 0 0 26.252
0.413 0.348 0.147 3.037 -6.284 -1.844 0 0 26.252
0.413 0.348 0.147 3.037 -6.284 -1.844 0 0 26.185
0.413 0.348 0.147 3.037 -6.284 -1.844 0 0 26.185
0.408 0.351 0.147 3.040 -6.277 -1.846 0 0 26.395
0.408 0.351 0.147 3.040 -6.277 -1.846 0 0 26.397
0.408 0.351 0.147 3.040 -6.277 -1.846 0 0 26.747
0.404 0.354 0.147 3.044 -6.271 -1.852 0 0 26.747
0.404 0.354 0.147 3.044 -6.271 -1.852 0 0 26.738
0.404 0.354 0.147 3.044 -6.271 -1.852 0 0 26.738
0.404 0.354 0.147 3.044 -6.271 -1.852 0 0 26.798
0.399 0.358 0.147 3.045 -6.266 -1.856 0 0 26.798
0.399 0.358 0.147 3.045 -6.266 -1.856 0 0 27.040
0.399 0.358 0.147 3.045 -6.266 -1.856 0 0 27.040
0.395 0.361 0.147 3.047 -6.261 -1.860 0 0 26.450
0.395 0.361 0.147 3.047 -6.261 -1.860 0 0 26.451
0.395 0.361 0.147 3.047 -6.261 -1.860 0 0 26.421
0.391 0.364 0.147 3.051 -6.258 -1.861 0 0 26.421
0.391 0.364 0.147 3.051 -6.258 -1.861 0 0 26.122
0.391 0.364 0.147 3.051 -6.258 -1.861 0 0 26.122
0.391 0.364 0.147 3.051 -6.258 -1.861 0 0 26.242
0.388 0.367 0.147 3.055 -6.259 -1.864 0 0 26.242
0.388 0.367 0.147 3.055 -6.259 -1.864 0 0 26.122
0.388 0.367 0.147 3.055 -6.259 -1.864 0 0 26.122
0.386 0.369 0.147 3.058 -6.261 -1.866 0 0 26.062
0.386 0.369 0.147 3.058 -6.261 -1.866 0 0 26.063
0.386 0.369 0.147 3.058 -6.261 -1.866 0 0 26.043
0.383 0.372 0.147 3.059 -6.265 -1.867 0 0 26.043
0.383 0.372 0.147 3.059 -6.265 -1.867 0 0 25.992
0.383 0.372 0.147 3.059 -6.265 -1.867 0 0 25.992
0.383 0.372 0.147 3.059 -6.265 -1.867 0 0 26.132
0.382 0.374 0.147 3.059 -6.271 -1.868 0 0 26.132
0.382 0.374 0.147 3.059 -6.271 -1.868 0 0 25.721
0.382 0.374 0.147 3.059 -6.271 -1.868 0 0 25.721
0.380 0.376 0.146 3.057 -6.280 -1.872 0 0 25.721
0.380 0.376 0.146 3.057 -6.280 -1.872 0 0 25.720
0.380 0.376 0.146 3.057 -6.280 -1.872 0 0 25.920
0.378 0.379 0.146 3.054 -6.288 -1.877 0 0 25.920
0.378 0.379 0.146 3.054 -6.288 -1.877 0 0 25.909
0.378 0.379 0.146 3.054 -6.288 -1.877 0 0 25.909
0.378 0.379 0.146 3.054 -6.288 -1.877 0 0 25.619
0.377 0.381 0.146 3.052 -6.298 -1.880 0 0 25.619
0.377 0.381 0.146 3.052 -6.298 -1.880 0 0 25.437
0.377 0.381 0.146 3.052 -6.298 -1.880 0 0 25.437
0.376 0.383 0.146 3.050 -6.311 -1.883 0 0 25.337
0.376 0.383 0.146 3.050 -6.311 -1.883 0 0 25.334
0.376 0.383 0.146 3.050 -6.311 -1.883 0 0 25.434
0.375 0.385 0.146 3.047 -6.323 -1.887 0 0 25.434
0.375 0.385 0.146 3.047 -6.323 -1.887 0 0 25.102
0.375 0.385 0.146 3.047 -6.323 -1.887 0 0 25.102
0.375 0.385 0.146 3.047 -6.323 -1.887 0 0 24.972
0.375 0.386 0.145 3.045 -6.337 -1.891 0 0 24.972
0.375 0.386 0.145 3.045 -6.337 -1.891 0 0 24.888
0.375 0.386 0.145 3.045 -6.337 -1.891 0 0 24.888
0.374 0.388 0.145 3.042 -6.351 -1.893 0 0 24.968
0.374 0.388 0.145 3.042 -6.351 -1.893 0 0 24.964
0.374 0.388 0.145 3.042 -6.351 -1.893 0 0 24.824
0.374 0.389 0.145 3.038 -6.366 -1.895 0 0 24.824
0.374 0.389 0.145 3.038 -6.366 -1.895 0 0 24.639
0.374 0.389 0.145 3.038 -6.366 -1.895 0 0 24.639
0.374 0.389 0.145 3.038 -6.366 -1.895 0 0 24.669
0.374 0.390 0.145 3.033 -6.381 -1.899 0 0 24.669
0.374 0.390 0.145 3.033 -6.381 -1.899 0 0 24.614
0.374 0.390 0.145 3.033 -6.381 -1.899 0 0 24.614
0.374 0.392 0.145 3.028 -6.395 -1.904 0 0 24.144
0.374 0.392 0.145 3.028 -6.395 -1.904 0 0 24.139
0.374 0.392 0.145 3.028 -6.395 -1.904 0 0 24.209
0.374 0.393 0.145 3.023 -6.409 -1.909 0 0 24.209
0.374 0.393 0.145 3.023 -6.409 -1.909 0 0 24.263
0.374 0.393 0.145 3.023 -6.409 -1.909 0 0 24.263
0.374 0.393 0.145 3.023 -6.409 -1.909 0 0 24.123
0.374 0.395 0.144 3.018 -6.423 -1.916 0 0 24.123
0.374 0.395 0.144 3.018 -6.423 -1.916 0 0 23.987
0.374 0.395 0.144 3.018 -6.423 -1.916 0 0 23.987
0.374 0.397 0.144 3.013 -6.435 -1.923 0 0 23.957
0.374 0.397 0.144 3.013 -6.435 -1.923 0 0 23.952
0.374 0.397 0.144 3.013 -6.435 -1.923 0 0 24.182
0.375 0.400 0.144 3.009 -6.446 -1.931 0 0 24.182
0.375 0.400 0.144 3.009 -6.446 -1.931 0 0 24.097
0.375 0.400 0.144 3.009 -6.446 -1.931 0 0 24.097
0.375 0.400 0.144 3.009 -6.446 -1.931 0 0 24.127
0.375 0.402 0.143 3.005 -6.458 -1.938 0 0 24.127
0.375 0.402 0.143 3.005 -6.458 -1.938 0 0 24.281
0.375 0.402 0.143 3.005 -6.458 -1.938 0 0 24.281
0.376 0.404 0.143 3.002 -6.469 -1.946 0 0 24.271
0.376 0.404 0.143 3.002 -6.469 -1.946 0 0 24.266
0.376 0.404 0.143 3.002 -6.469 -1.946 0 0 24.186
0.376 0.407 0.143 2.999 -6.478 -1.954 0 0 24.186
0.376 0.407 0.143 2.999 -6.478 -1.954 0 0 24.072
0.376 0.407 0.143 2.999 -6.478 -1.954 0 0 24.072
0.376 0.407 0.143 2.999 -6.478 -1.954 0 0 24.322
0.377 0.409 0.142 2.996 -6.486 -1.960 0 0 24.322
0.377 0.409 0.142 2.996 -6.486 -1.960 0 0 24.167
0.377 0.409 0.142 2.996 -6.486 -1.960 0 0 24.167
0.378 0.412 0.142 2.994 -6.494 -1.967 0 0 23.737
0.378 0.412 0.142 2.994 -6.494 -1.967 0 0 23.733
0.378 0.412 0.142 2.994 -6.494 -1.967 0 0 23.663
0.379 0.414 0.141 2.991 -6.504 -1.974 0 0 23.663
0.379 0.414 0.141 2.991 -6.504 -1.974 0 0 24.158
0.379 0.414 0.141 2.991 -6.504 -1.974 0 0 24.158
0.379 0.414 0.141 2.991 -6.504 -1.974 0 0 24.358
0.379 0.416 0.140 2.988 -6.512 -1.980 0 0 24.358
0.379 0.416 0.140 2.988 -6.512 -1.980 0 0 24.163
0.379 0.416 0.140 2.988 -6.512 -1.980 0 0 24.163
0.381 0.419 0.140 2.985 -6.519 -1.988 0 0 24.143
0.381 0.419 0.140 2.985 -6.519 -1.988 0 0 24.139
0.381 0.419 0.140 2.985 -6.519 -1.988 0 0 24.139
0.382 0.422 0.139 2.982 -6.527 -1.996 0 0 24.139
0.382 0.422 0.139 2.982 -6.527 -1.996 0 0 24.295
0.382 0.422 0.139 2.982 -6.527 -1.996 0 0 24.295
0.382 0.422 0.139 2.982 -6.527 -1.996 0 0 24.075
0.383 0.425 0.138 2.980 -6.534 -2.003 0 0 24.075
0.383 0.425 0.138 2.980 -6.534 -2.003 0 0 23.930
0.383 0.425 0.138 2.980 -6.534 -2.003 0 0 23.930
0.385 0.428 0.137 2.979 -6.542 -2.010 0 0 23.960
0.385 0.428 0.137 2.979 -6.542 -2.010 0 0 23.956
0.385 0.428 0.137 2.979 -6.542 -2.010 0 0 24.496
0.387 0.432 0.136 2.978 -6.550 -2.020 0 0 24.496
0.387 0.432 0.136 2.978 -6.550 -2.020 0 0 24.152
0.387 0.432 0.136 2.978 -6.550 -2.020 0 0 24.152
0.387 0.432 0.136 2.978 -6.550 -2.020 0 0 23.662
0.390 0.435 0.134 2.978 -6.557 -2.029 0 0 23.662
0.390 0.435 0.134 2.978 -6.557 -2.029 0 0 23.668
0.390 0.435 0.134 2.978 -6.557 -2.029 0 0 23.668
0.392 0.439 0.133 2.977 -6.565 -2.039 0 0 23.528
0.392 0.439 0.133 2.977 -6.565 -2.039 0 0 23.524
0.392 0.439 0.133 2.977 -6.565 -2.039 0 0 23.484
0.394 0.442 0.132 2.977 -6.574 -2.049 0 0 23.484
0.394 0.442 0.132 2.977 -6.574 -2.049 0 0 23.679
0.394 0.442 0.132 2.977 -6.574 -2.049 0 0 23.679
0.394 0.442 0.132 2.977 -6.574 -2.049 0 0 23.629
0.397 0.446 0.130 2.977 -6.582 -2.058 0 0 23.629
0.397 0.446 0.130 2.977 -6.582 -2.058 0 0 23.424
0.397 0.446 0.130 2.977 -6.582 -2.058 0 0 23.424
0.400 0.450 0.129 2.977 -6.591 -2.067 0 0 23.214
0.400 0.450 0.129 2.977 -6.591 -2.067 0 0 23.209
0.400 0.450 0.129 2.977 -6.591 -2.067 0 0 23.399
0.403 0.453 0.127 2.978 -6.601 -2.077 0 0 23.399
0.403 0.453 0.127 2.978 -6.601 -2.077 0 0 23.493
0.403 0.453 0.127 2.978 -6.601 -2.077 0 0 23.493
0.403 0.453 0.127 2.978 -6.601 -2.077 0 0 23.743
0.405 0.457 0.125 2.979 -6.609 -2.086 0 0 23.743
0.405 0.457 0.125 2.979 -6.609 -2.086 0 0 23.618
0.405 0.457 0.125 2.979 -6.609 -2.086 0 0 23.618
0.407 0.460 0.124 2.979 -6.619 -2.094 0 0 23.708
0.407 0.460 0.124 2.979 -6.619 -2.094 0 0 23.702
0.407 0.460 0.124 2.979 -6.619 -2.094 0 0 23.812
0.410 0.463 0.122 2.981 -6.627 -2.104 0 0 23.812
0.410 0.463 0.122 2.981 -6.627 -2.104 0 0 23.527
0.410 0.463 0.122 2.981 -6.627 -2.104 0 0 23.527
0.410 0.463 0.122 2.981 -6.627 -2.104 0 0 23.457
0.412 0.467 0.120 2.983 -6.635 -2.112 0 0 23.457
0.412 0.467 0.120 2.983 -6.635 -2.112 0 0 23.233
0.412 0.467 0.120 2.983 -6.635 -2.112 0 0 23.233
0.415 0.470 0.119 2.984 -6.645 -2.120 0 0 23.253
0.415 0.470 0.119 2.984 -6.645 -2.120 0 0 23.246
0.415 0.470 0.119 2.984 -6.645 -2.120 0 0 23.556
0.417 0.473 0.117 2.986 -6.655 -2.130 0 0 23.556
0.417 0.473 0.117 2.986 -6.655 -2.130 0 0 23.439
0.417 0.473 0.117 2.986 -6.655 -2.130 0 0 23.439
0.417 0.473 0.117 2.986 -6.655 -2.130 0 0 22.939
0.420 0.476 0.115 2.988 -6.662 -2.140 0 0 22.939
0.420 0.476 0.115 2.988 -6.662 -2.140 0 0 22.914
0.420 0.476 0.115 2.988 -6.662 -2.140 0 0 22.914
0.422 0.479 0.114 2.989 -6.673 -2.148 0 0 22.754
0.422 0.479 0.114 2.989 -6.673 -2.148 0 0 22.747
0.422 0.479 0.114 2.989 -6.673 -2.148 0 0 22.687
0.425 0.482 0.112 2.992 -6.682 -2.157 0 0 22.687
0.425 0.482 0.112 2.992 -6.682 -2.157 0 0 22.550
0.425 0.482 0.112 2.992 -6.682 -2.157 0 0 22.550
0.425 0.482 0.112 2.992 -6.682 -2.157 0 0 22.530
0.427 0.485 0.110 2.995 -6.690 -2.166 0 0 22.530
0.427 0.485 0.110 2.995 -6.690 -2.166 0 0 22.554
0.427 0.485 0.110 2.995 -6.690 -2.166 0 0 22.554
0.430 0.487 0.108 2.996 -6.700 -2.175 0 0 22.254
0.430 0.487 0.108 2.996 -6.700 -2.175 0 0 22.247
0.430 0.487 0.108 2.996 -6.700 -2.175 0 0 22.327
0.432 0.490 0.106 2.998 -6.706 -2.183 0 0 22.327
0.432 0.490 0.106 2.998 -6.706 -2.183 0 0 22.542
0.432 0.490 0.106 2.998 -6.706 -2.183 0 0 22.542
0.432 0.490 0.106 2.998 -6.706 -2.183 0 0 22.452
0.434 0.492 0.105 2.999 -6.712 -2.188 0 0 22.452
0.434 0.492 0.105 2.999 -6.712 -2.188 0 0 22.367
0.434 0.492 0.105 2.999 -6.712 -2.188 0 0 22.367
0.435 0.493 0.104 3.000 -6.715 -2.191 0 0 22.157
0.435 0.493 0.104 3.000 -6.715 -2.191 0 0 22.155
0.435 0.493 0.104 3.000 -6.715 -2.191 0 0 22.055
0.435 0.494 0.104 2.999 -6.717 -2.192 0 0 22.055
0.435 0.494 0.104 2.999 -6.717 -2.192 0 0 21.843
0.435 0.494 0.104 2.999 -6.717 -2.192 0 0 21.843
0.435 0.494 0.104 2.999 -6.717 -2.192 0 0 21.903
0.436 0.494 0.104 2.999 -6.713 -2.191 0 0 21.903
0.436 0.494 0.104 2.999 -6.713 -2.191 0 0 21.996
0.436 0.494 0.104 2.999 -6.713 -2.191 0 0 21.996
0.435 0.494 0.104 2.999 -6.708 -2.190 0 0 22.246
0.435 0.494 0.104 2.999 -6.708 -2.190 0 0 22.251
0.435 0.494 0.104 2.999 -6.708 -2.190 0 0 22.421
0.435 0.494 0.104 3.000 -6.706 -2.188 0 0 22.421
0.435 0.494 0.104 3.000 -6.706 -2.188 0 0 22.343
0.435 0.494 0.104 3.000 -6.706 -2.188 0 0 22.343
0.435 0.494 0.104 3.000 -6.706 -2.188 0 0 22.363
0.435 0.493 0.104 3.003 -6.708 -2.187 0 0 22.363
0.435 0.493 0.104 3.003 -6.708 -2.187 0 0 22.012
0.435 0.493 0.104 3.003 -6.708 -2.187 0 0 22.012
0.435 0.493 0.104 3.004 -6.709 -2.186 0 0 21.852
0.435 0.493 0.104 3.004 -6.709 -2.186 0 0 21.851
0.435 0.493 0.104 3.004 -6.709 -2.186 0 0 21.511
0.435 0.493 0.104 3.004 -6.708 -2.185 0 0 21.511
0.435 0.493 0.104 3.004 -6.708 -2.185 0 0 21.442
0.435 0.493 0.104 3.004 -6.708 -2.185 0 0 21.442
0.435 0.493 0.104 3.004 -6.708 -2.185 0 0 20.932
0.435 0.493 0.104 3.005 -6.706 -2.185 0 0 20.932
0.435 0.493 0.104 3.005 -6.706 -2.185 0 0 19.994
0.435 0.493 0.104 3.005 -6.706 -2.185 0 0 19.994
0.435 0.493 0.104 3.007 -6.700 -2.183 0 0 19.274
0.435 0.493 0.104 3.007 -6.700 -2.183 0 0 19.280
0.435 0.493 0.104 3.007 -6.700 -2.183 0 0 17.970
0.436 0.493 0.104 3.008 -6.690 -2.180 0 0 17.970
0.436 0.493 0.104 3.008 -6.690 -2.180 0 0 16.769
0.436 0.493 0.104 3.008 -6.690 -2.180 0 0 16.769
0.436 0.493 0.104 3.008 -6.690 -2.180 0 0 14.929
0.436 0.494 0.105 3.012 -6.678 -2.177 0 0 14.929
0.436 0.494 0.105 3.012 -6.678 -2.177 0 0 13.171
0.436 0.494 0.105 3.012 -6.678 -2.177 0 0 13.171
0.436 0.494 0.106 3.017 -6.665 -2.171 0 0 10.601
0.436 0.494 0.106 3.017 -6.665 -2.171 0 0 10.612
0.436 0.494 0.106 3.017 -6.665 -2.171 0 0 8.132
0.437 0.494 0.106 3.026 -6.651 -2.163 0 0 8.132
0.437 0.494 0.106 3.026 -6.651 -2.163 0 0 5.855
0.437 0.494 0.106 3.026 -6.651 -2.163 0 0 5.855
0.437 0.494 0.106 3.026 -6.651 -2.163 0 0 4.715
0.438 0.494 0.107 3.040 -6.628 -2.157 0 0 4.715
0.438 0.494 0.107 3.040 -6.628 -2.157 0 0 3.365
0.438 0.494 0.107 3.040 -6.628 -2.157 0 0 3.365
0.441 0.495 0.108 3.057 -6.600 -2.155 0 0 2.465
0.441 0.495 0.108 3.057 -6.600 -2.155 0 0 2.488
0.441 0.495 0.108 3.057 -6.600 -2.155 0 0 1.728
0.443 0.498 0.109 3.069 -6.561 -2.149 0 0 1.728
0.443 0.498 0.109 3.069 -6.561 -2.149 0 0 0.924
0.443 0.498 0.109 3.069 -6.561 -2.149 0 0 0.924
0.443 0.498 0.109 3.069 -6.561 -2.149 0 0 0.484
0.445 0.501 0.113 3.076 -6.524 -2.143 0 0 0.484
0.445 0.501 0.113 3.076 -6.524 -2.143 0 0 0.215
0.445 0.501 0.113 3.076 -6.524 -2.143 0 0 0.215
0.446 0.504 0.119 3.078 -6.502 -2.142 0 0 0.185
0.446 0.504 0.119 3.078 -6.502 -2.142 0 0 0.197
0.446 0.504 0.119 3.078 -6.502 -2.142 0 0 0.067
0.445 0.505 0.127 3.075 -6.502 -2.157 0 0 0.067
0.445 0.505 0.127 3.075 -6.502 -2.157 0 0 0.028
0.445 0.505 0.127 3.075 -6.502 -2.157 0 0 0.028
0.445 0.505 0.127 3.075 -6.502 -2.157 0 0 0.348
0.444 0.506 0.138 3.070 -6.502 -2.165 0 0 0.348
0.444 0.506 0.138 3.070 -6.502 -2.165 0 0 0.268
0.444 0.506 0.138 3.070 -6.502 -2.165 0 0 0.268
0.444 0.508 0.151 3.065 -6.492 -2.159 0 0 0.228
0.444 0.508 0.151 3.065 -6.492 -2.159 0 0 0.232
0.444 0.508 0.151 3.065 -6.492 -2.159 0 0 0.362
0.446 0.510 0.164 3.060 -6.467 -2.149 0 0 0.362
0.446 0.510 0.164 3.060 -6.467 -2.149 0 0 0.102
0.446 0.510 0.164 3.060 -6.467 -2.149 0 0 0.102
0.446 0.510 0.164 3.060 -6.467 -2.149 0 0 0.012
0.448 0.512 0.178 3.053 -6.435 -2.135 0 0 0.012
0.448 0.512 0.178 3.053 -6.435 -2.135 0 0 0.064
0.448 0.512 0.178 3.053 -6.435 -2.135 0 0 0.064
0.450 0.514 0.193 3.044 -6.399 -2.117 0 0 0.114
0.450 0.514 0.193 3.044 -6.399 -2.117 0 0 0.125
0.450 0.514 0.193 3.044 -6.399 -2.117 0 0 0.245
0.451 0.515 0.208 3.031 -6.368 -2.101 0 0 0.245
0.451 0.515 0.208 3.031 -6.368 -2.101 0 0 0.361
0.451 0.515 0.208 3.031 -6.368 -2.101 0 0 0.361
0.451 0.515 0.208 3.031 -6.368 -2.101 0 0 0.281
0.452 0.514 0.224 3.019 -6.346 -2.089 0 0 0.281
0.452 0.514 0.224 3.019 -6.346 -2.089 0 0 0.384
0.452 0.514 0.224 3.019 -6.346 -2.089 0 0 0.384
0.452 0.513 0.239 3.008 -6.328 -2.078 0 0 0.314
0.452 0.513 0.239 3.008 -6.328 -2.078 0 0 0.316
0.452 0.513 0.239 3.008 -6.328 -2.078 0 0 0.426
0.452 0.511 0.253 2.999 -6.316 -2.069 0 0 0.426
0.452 0.511 0.253 2.999 -6.316 -2.069 0 0 0.536
0.452 0.511 0.253 2.999 -6.316 -2.069 0 0 0.536
0.452 0.511 0.253 2.999 -6.316 -2.069 0 0 0.466
0.452 0.509 0.266 2.989 -6.308 -2.057 0 0 0.466
0.452 0.509 0.266 2.989 -6.308 -2.057 0 0 0.634
0.452 0.509 0.266 2.989 -6.308 -2.057 0 0 0.634
0.451 0.506 0.278 2.981 -6.306 -2.050 0 0 0.784
0.451 0.506 0.278 2.981 -6.306 -2.050 0 0 0.782
0.451 0.506 0.278 2.981 -6.306 -2.050 0 0 0.602
0.452 0.503 0.289 2.978 -6.300 -2.043 0 0 0.602
0.452 0.503 0.289 2.978 -6.300 -2.043 0 0 0.722
0.452 0.503 0.289 2.978 -6.300 -2.043 0 0 0.722
0.452 0.503 0.289 2.978 -6.300 -2.043 0 0 0.572
0.452 0.500 0.298 2.971 -6.288 -2.034 0 0 0.572
0.452 0.500 0.298 2.971 -6.288 -2.034 0 0 0.692
0.452 0.500 0.298 2.971 -6.288 -2.034 0 0 0.692
0.453 0.498 0.306 2.967 -6.271 -2.025 0 0 0.782
0.453 0.498 0.306 2.967 -6.271 -2.025 0 0 0.783
0.453 0.498 0.306 2.967 -6.271 -2.025 0 0 0.803
0.453 0.496 0.312 2.965 -6.256 -2.017 0 0 0.803
0.453 0.496 0.312 2.965 -6.256 -2.017 0 0 0.673
0.453 0.496 0.312 2.965 -6.256 -2.017 0 0 0.673
0.453 0.496 0.312 2.965 -6.256 -2.017 0 0 0.653
0.454 0.494 0.317 2.964 -6.247 -2.013 0 0 0.653
0.454 0.494 0.317 2.964 -6.247 -2.013 0 0 0.524
0.454 0.494 0.317 2.964 -6.247 -2.013 0 0 0.524
0.454 0.491 0.321 2.964 -6.242 -2.006 0 0 0.554
0.454 0.491 0.321 2.964 -6.242 -2.006 0 0 0.554
0.454 0.491 0.321 2.964 -6.242 -2.006 0 0 0.744
0.453 0.488 0.324 2.964 -6.241 -2.002 0 0 0.744
0.453 0.488 0.324 2.964 -6.241 -2.002 0 0 0.774
0.453 0.488 0.324 2.964 -6.241 -2.002 0 0 0.774
0.453 0.488 0.324 2.964 -6.241 -2.002 0 0 0.724
0.453 0.485 0.326 2.964 -6.239 -1.999 0 0 0.724
0.453 0.485 0.326 2.964 -6.239 -1.999 0 0 0.614
0.453 0.485 0.326 2.964 -6.239 -1.999 0 0 0.614
0.453 0.482 0.327 2.964 -6.234 -1.994 0 0 0.614
0.453 0.482 0.327 2.964 -6.234 -1.994 0 0 0.614
0.453 0.482 0.327 2.964 -6.234 -1.994 0 0 0.644
0.453 0.480 0.327 2.967 -6.231 -1.992 0 0 0.644
0.453 0.480 0.327 2.967 -6.231 -1.992 0 0 0.575
0.453 0.480 0.327 2.967 -6.231 -1.992 0 0 0.575
0.453 0.480 0.327 2.967 -6.231 -1.992 0 0 0.625
0.452 0.477 0.327 2.968 -6.229 -1.991 0 0 0.625
0.452 0.477 0.327 2.968 -6.229 -1.991 0 0 0.755
0.452 0.477 0.327 2.968 -6.229 -1.991 0 0 0.755
0.452 0.474 0.327 2.971 -6.223 -1.988 0 0 0.845
0.452 0.474 0.327 2.971 -6.223 -1.988 0 0 0.846
0.452 0.474 0.327 2.971 -6.223 -1.988 0 0 0.636
0.450 0.470 0.326 2.974 -6.219 -1.984 0 0 0.636
0.450 0.470 0.326 2.974 -6.219 -1.984 0 0 0.787
0.450 0.470 0.326 2.974 -6.219 -1.984 0 0 0.787
0.450 0.470 0.326 2.974 -6.219 -1.984 0 0 0.697
0.447 0.465 0.324 2.977 -6.216 -1.977 0 0 0.697
0.447 0.465 0.324 2.977 -6.216 -1.977 0 0 0.598
0.447 0.465 0.324 2.977 -6.216 -1.977 0 0 0.598
0.443 0.459 0.323 2.979 -6.218 -1.972 0 0 0.708
0.443 0.459 0.323 2.979 -6.218 -1.972 0 0 0.708
0.443 0.459 0.323 2.979 -6.218 -1.972 0 0 0.648
0.438 0.451 0.322 2.982 -6.219 -1.962 0 0 0.648
0.438 0.451 0.322 2.982 -6.219 -1.962 0 0 0.838
0.438 0.451 0.322 2.982 -6.219 -1.962 0 0 0.838
0.438 0.451 0.322 2.982 -6.219 -1.962 0 0 0.528
0.432 0.443 0.320 2.986 -6.220 -1.950 0 0 0.528
0.432 0.443 0.320 2.986 -6.220 -1.950 0 0 0.228
0.432 0.443 0.320 2.986 -6.220 -1.950 0 0 0.228
0.425 0.433 0.319 2.989 -6.220 -1.935 0 0 0.398
0.425 0.433 0.319 2.989 -6.220 -1.935 0 0 0.398
0.425 0.433 0.319 2.989 -6.220 -1.935 0 0 0.408
0.417 0.421 0.318 2.990 -6.220 -1.917 0 0 0.408
0.417 0.421 0.318 2.990 -6.220 -1.917 0 0 0.267
0.417 0.421 0.318 2.990 -6.220 -1.917 0 0 0.267
0.417 0.421 0.318 2.990 -6.220 -1.917 0 0 -0.013
0.407 0.409 0.317 2.989 -6.223 -1.901 0 0 -0.013
0.407 0.409 0.317 2.989 -6.223 -1.901 0 0 0.016
0.407 0.409 0.317 2.989 -6.223 -1.901 0 0 0.016
0.397 0.394 0.316 2.988 -6.224 -1.880 0 0 0.096
0.397 0.394 0.316 2.988 -6.224 -1.880 0 0 0.094
0.397 0.394 0.316 2.988 -6.224 -1.880 0 0 0.254
0.387 0.379 0.314 2.989 -6.227 -1.858 0 0 0.254
0.387 0.379 0.314 2.989 -6.227 -1.858 0 0 0.562
0.387 0.379 0.314 2.989 -6.227 -1.858 0 0 0.562
0.387 0.379 0.314 2.989 -6.227 -1.858 0 0 0.372
0.376 0.362 0.312 2.991 -6.231 -1.836 0 0 0.372
0.376 0.362 0.312 2.991 -6.231 -1.836 0 0 0.401
0.376 0.362 0.312 2.991 -6.231 -1.836 0 0 0.401
0.365 0.344 0.310 2.994 -6.235 -1.811 0 0 0.331
0.365 0.344 0.310 2.994 -6.235 -1.811 0 0 0.330
0.365 0.344 0.310 2.994 -6.235 -1.811 0 0 0.540
0.354 0.326 0.308 2.998 -6.237 -1.784 0 0 0.540
0.354 0.326 0.308 2.998 -6.237 -1.784 0 0 0.559
0.354 0.326 0.308 2.998 -6.237 -1.784 0 0 0.559
0.354 0.326 0.308 2.998 -6.237 -1.784 0 0 0.359
0.343 0.307 0.305 3.001 -6.242 -1.760 0 0 0.359
0.343 0.307 0.305 3.001 -6.242 -1.760 0 0 0.338
0.343 0.307 0.305 3.001 -6.242 -1.760 0 0 0.338
0.332 0.287 0.303 3.001 -6.249 -1.735 0 0 0.348
0.332 0.287 0.303 3.001 -6.249 -1.735 0 0 0.346
0.332 0.287 0.303 3.001 -6.249 -1.735 0 0 0.216
0.320 0.268 0.301 3.002 -6.257 -1.713 0 0 0.216
0.320 0.268 0.301 3.002 -6.257 -1.713 0 0 0.254
0.320 0.268 0.301 3.002 -6.257 -1.713 0 0 0.254
0.320 0.268 0.301 3.002 -6.257 -1.713 0 0 0.404
0.310 0.249 0.298 3.003 -6.263 -1.693 0 0 0.404
0.310 0.249 0.298 3.003 -6.263 -1.693 0 0 0.332
0.310 0.249 0.298 3.003 -6.263 -1.693 0 0 0.332
0.300 0.232 0.295 3.005 -6.263 -1.672 0 0 0.232
0.300 0.232 0.295 3.005 -6.263 -1.672 0 0 0.231
0.300 0.232 0.295 3.005 -6.263 -1.672 0 0 0.351
0.290 0.215 0.292 3.007 -6.263 -1.653 0 0 0.351
0.290 0.215 0.292 3.007 -6.263 -1.653 0 0 0.250
0.290 0.215 0.292 3.007 -6.263 -1.653 0 0 0.250
0.290 0.215 0.292 3.007 -6.263 -1.653 0 0 0.430
0.281 0.198 0.290 3.011 -6.262 -1.635 0 0 0.430
0.281 0.198 0.290 3.011 -6.262 -1.635 0 0 0.570
0.281 0.198 0.290 3.011 -6.262 -1.635 0 0 0.570
0.273 0.183 0.287 3.015 -6.262 -1.619 0 0 0.570
0.273 0.183 0.287 3.015 -6.262 -1.619 0 0 0.570
0.273 0.183 0.287 3.015 -6.262 -1.619 0 0 0.630
0.265 0.168 0.284 3.019 -6.261 -1.603 0 0 0.630
0.265 0.168 0.284 3.019 -6.261 -1.603 0 0 0.120
0.265 0.168 0.284 3.019 -6.261 -1.603 0 0 0.120
0.265 0.168 0.284 3.019 -6.261 -1.603 0 0 0.240
0.258 0.155 0.281 3.022 -6.258 -1.588 0 0 0.240
0.258 0.155 0.281 3.022 -6.258 -1.588 0 0 0.170
0.258 0.155 0.281 3.022 -6.258 -1.588 0 0 0.170
0.251 0.144 0.279 3.027 -6.253 -1.577 0 0 0.150
0.251 0.144 0.279 3.027 -6.253 -1.577 0 0 0.151
0.251 0.144 0.279 3.027 -6.253 -1.577 0 0 0.031
0.246 0.134 0.277 3.029 -6.248 -1.565 0 0 0.031
0.246 0.134 0.277 3.029 -6.248 -1.565 0 0 0.072
0.246 0.134 0.277 3.029 -6.248 -1.565 0 0 0.072
0.246 0.134 0.277 3.029 -6.248 -1.565 0 0 -0.088
0.241 0.126 0.275 3.031 -6.242 -1.555 0 0 -0.088
0.241 0.126 0.275 3.031 -6.242 -1.555 0 0 -0.178
0.241 0.126 0.275 3.031 -6.242 -1.555 0 0 -0.178
0.238 0.120 0.274 3.033 -6.237 -1.549 0 0 0.012
0.238 0.120 0.274 3.033 -6.237 -1.549 0 0 0.013
0.238 0.120 0.274 3.033 -6.237 -1.549 0 0 -0.227
0.235 0.114 0.273 3.033 -6.231 -1.543 0 0 -0.227
0.235 0.114 0.273 3.033 -6.231 -1.543 0 0 -0.227
0.235 0.114 0.273 3.033 -6.231 -1.543 0 0 -0.227
0.235 0.114 0.273 3.033 -6.231 -1.543 0 0 -0.197
0.232 0.110 0.273 3.032 -6.226 -1.539 0 0 -0.197
0.232 0.110 0.273 3.032 -6.226 -1.539 0 0 -0.137
0.232 0.110 0.273 3.032 -6.226 -1.539 0 0 -0.137
0.230 0.107 0.272 3.029 -6.221 -1.536 0 0 0.013
0.230 0.107 0.272 3.029 -6.221 -1.536 0 0 0.012
0.230 0.107 0.272 3.029 -6.221 -1.536 0 0 0.162
0.228 0.105 0.272 3.028 -6.216 -1.536 0 0 0.162
0.228 0.105 0.272 3.028 -6.216 -1.536 0 0 0.202
0.228 0.105 0.272 3.028 -6.216 -1.536 0 0 0.202
0.228 0.105 0.272 3.028 -6.216 -1.536 0 0 0.092
0.228 0.104 0.271 3.028 -6.212 -1.539 0 0 0.092
0.228 0.104 0.271 3.028 -6.212 -1.539 0 0 -0.017
0.228 0.104 0.271 3.028 -6.212 -1.539 0 0 -0.017
0.227 0.103 0.270 3.029 -6.205 -1.540 0 0 0.253
0.227 0.103 0.270 3.029 -6.205 -1.540 0 0 0.253
0.227 0.103 0.270 3.029 -6.205 -1.540 0 0 0.193
0.227 0.103 0.269 3.030 -6.198 -1.539 0 0 0.193
0.227 0.103 0.269 3.030 -6.198 -1.539 0 0 0.364
0.227 0.103 0.269 3.030 -6.198 -1.539 0 0 0.364
0.227 0.103 0.269 3.030 -6.198 -1.539 0 0 0.094
0.227 0.103 0.268 3.031 -6.196 -1.540 0 0 0.094
0.227 0.103 0.268 3.031 -6.196 -1.540 0 0 0.234
0.227 0.103 0.268 3.031 -6.196 -1.540 0 0 0.234
0.227 0.103 0.266 3.033 -6.194 -1.540 0 0 0.104
0.227 0.103 0.266 3.033 -6.194 -1.540 0 0 0.105
0.227 0.103 0.266 3.033 -6.194 -1.540 0 0 0.125
0.227 0.103 0.265 3.039 -6.189 -1.539 0 0 0.125
0.227 0.103 0.265 3.039 -6.189 -1.539 0 0 -0.144
0.227 0.103 0.265 3.039 -6.189 -1.539 0 0 -0.144
0.227 0.103 0.265 3.039 -6.189 -1.539 0 0 0.026
0.228 0.104 0.264 3.044 -6.184 -1.537 0 0 0.026
0.228 0.104 0.264 3.044 -6.184 -1.537 0 0 0.167
0.228 0.104 0.264 3.044 -6.184 -1.537 0 0 0.167
0.228 0.104 0.264 3.051 -6.177 -1.533 0 0 0.327
0.228 0.104 0.264 3.051 -6.177 -1.533 0 0 0.327
0.228 0.104 0.264 3.051 -6.177 -1.533 0 0 0.237
0.228 0.104 0.264 3.054 -6.175 -1.532 0 0 0.237
0.228 0.104 0.264 3.054 -6.175 -1.532 0 0 -0.032
0.228 0.104 0.264 3.054 -6.175 -1.532 0 0 -0.032
0.228 0.104 0.264 3.054 -6.175 -1.532 0 0 -0.052
0.228 0.104 0.265 3.053 -6.176 -1.534 0 0 -0.052
0.228 0.104 0.265 3.053 -6.176 -1.534 0 0 -0.202
0.228 0.104 0.265 3.053 -6.176 -1.534 0 0 -0.202
0.227 0.103 0.267 3.050 -6.174 -1.535 0 0 -0.132
0.227 0.103 0.267 3.050 -6.174 -1.535 0 0 -0.132
0.227 0.103 0.267 3.050 -6.174 -1.535 0 0 -0.042
0.227 0.103 0.269 3.046 -6.169 -1.534 0 0 -0.042
0.227 0.103 0.269 3.046 -6.169 -1.534 0 0 0.057
0.227 0.103 0.269 3.046 -6.169 -1.534 0 0 0.057
0.227 0.103 0.269 3.046 -6.169 -1.534 0 0 0.247
0.227 0.103 0.271 3.043 -6.165 -1.535 0 0 0.247
0.227 0.103 0.271 3.043 -6.165 -1.535 0 0 0.226
0.227 0.103 0.271 3.043 -6.165 -1.535 0 0 0.226
0.227 0.102 0.274 3.041 -6.164 -1.536 0 0 0.276
0.227 0.102 0.274 3.041 -6.164 -1.536 0 0 0.276
0.227 0.102 0.274 3.041 -6.164 -1.536 0 0 0.076
0.227 0.101 0.276 3.037 -6.165 -1.536 0 0 0.076
0.227 0.101 0.276 3.037 -6.165 -1.536 0 0 0.075
0.227 0.101 0.276 3.037 -6.165 -1.536 0 0 0.075
0.227 0.101 0.276 3.037 -6.165 -1.536 0 0 0.225
0.228 0.099 0.278 3.035 -6.167 -1.535 0 0 0.225
0.228 0.099 0.278 3.035 -6.167 -1.535 0 0 0.175
0.228 0.099 0.278 3.035 -6.167 -1.535 0 0 0.175
0.229 0.098 0.281 3.033 -6.165 -1.532 0 0 -0.085
0.229 0.098 0.281 3.033 -6.165 -1.532 0 0 -0.086
0.229 0.098 0.281 3.033 -6.165 -1.532 0 0 0.064
0.230 0.097 0.283 3.033 -6.164 -1.531 0 0 0.064
0.230 0.097 0.283 3.033 -6.164 -1.531 0 0 0.034
0.230 0.097 0.283 3.033 -6.164 -1.531 0 0 0.034
0.230 0.097 0.283 3.033 -6.164 -1.531 0 0 0.204
0.230 0.096 0.285 3.030 -6.160 -1.529 0 0 0.204
0.230 0.096 0.285 3.030 -6.160 -1.529 0 0 0.093
0.230 0.096 0.285 3.030 -6.160 -1.529 0 0 0.093
0.230 0.096 0.288 3.028 -6.156 -1.528 0 0 0.093
0.230 0.096 0.288 3.028 -6.156 -1.528 0 0 0.093
0.230 0.096 0.288 3.028 -6.156 -1.528 0 0 0.043
0.230 0.096 0.290 3.024 -6.152 -1.527 0 0 0.043
0.230 0.096 0.290 3.024 -6.152 -1.527 0 0 0.272
0.230 0.096 0.290 3.024 -6.152 -1.527 0 0 0.272
0.230 0.096 0.290 3.024 -6.152 -1.527 0 0 0.172
0.230 0.095 0.293 3.021 -6.151 -1.525 0 0 0.172
0.230 0.095 0.293 3.021 -6.151 -1.525 0 0 0.291
0.230 0.095 0.293 3.021 -6.151 -1.525 0 0 0.291
0.231 0.094 0.295 3.018 -6.152 -1.526 0 0 0.251
0.231 0.094 0.295 3.018 -6.152 -1.526 0 0 0.250
0.231 0.094 0.295 3.018 -6.152 -1.526 0 0 0.110
0.230 0.094 0.297 3.013 -6.154 -1.525 0 0 0.110
0.230 0.094 0.297 3.013 -6.154 -1.525 0 0 0.089
0.230 0.094 0.297 3.013 -6.154 -1.525 0 0 0.089
0.230 0.094 0.297 3.013 -6.154 -1.525 0 0 0.199
0.231 0.094 0.299 3.012 -6.157 -1.527 0 0 0.199
0.231 0.094 0.299 3.012 -6.157 -1.527 0 0 0.199
0.231 0.094 0.299 3.012 -6.157 -1.527 0 0 0.199
0.231 0.094 0.300 3.011 -6.157 -1.529 0 0 0.119
0.231 0.094 0.300 3.011 -6.157 -1.529 0 0 0.119
0.231 0.094 0.300 3.011 -6.157 -1.529 0 0 0.369
0.231 0.095 0.300 3.011 -6.155 -1.529 0 0 0.369
0.231 0.095 0.300 3.011 -6.155 -1.529 0 0 0.359
0.231 0.095 0.300 3.011 -6.155 -1.529 0 0 0.359
0.231 0.095 0.300 3.011 -6.155 -1.529 0 0 0.219
0.232 0.096 0.301 3.011 -6.157 -1.532 0 0 0.219
0.232 0.096 0.301 3.011 -6.157 -1.532 0 0 0.209
0.232 0.096 0.301 3.011 -6.157 -1.532 0 0 0.209
0.232 0.097 0.301 3.012 -6.157 -1.535 0 0 0.429
0.232 0.097 0.301 3.012 -6.157 -1.535 0 0 0.429
0.232 0.097 0.301 3.012 -6.157 -1.535 0 0 0.439
0.232 0.099 0.300 3.014 -6.156 -1.535 0 0 0.439
0.232 0.099 0.300 3.014 -6.156 -1.535 0 0 0.520
0.232 0.099 0.300 3.014 -6.156 -1.535 0 0 0.520
0.232 0.099 0.300 3.014 -6.156 -1.535 0 0 0.430
0.233 0.100 0.299 3.016 -6.156 -1.536 0 0 0.430
0.233 0.100 0.299 3.016 -6.156 -1.536 0 0 0.421
0.233 0.100 0.299 3.016 -6.156 -1.536 0 0 0.421
0.233 0.101 0.299 3.017 -6.157 -1.538 0 0 0.241
0.233 0.101 0.299 3.017 -6.157 -1.538 0 0 0.241
0.233 0.101 0.299 3.017 -6.157 -1.538 0 0 0.271
0.233 0.102 0.298 3.017 -6.156 -1.537 0 0 0.271
0.233 0.102 0.298 3.017 -6.156 -1.537 0 0 0.231
0.233 0.102 0.298 3.017 -6.156 -1.537 0 0 0.231
0.233 0.102 0.298 3.017 -6.156 -1.537 0 0 0.141
0.234 0.103 0.297 3.020 -6.153 -1.538 0 0 0.141
0.234 0.103 0.297 3.020 -6.153 -1.538 0 0 0.341
0.234 0.103 0.297 3.020 -6.153 -1.538 0 0 0.341
0.234 0.103 0.297 3.021 -6.152 -1.538 0 0 0.201
0.234 0.103 0.297 3.021 -6.152 -1.538 0 0 0.202
0.234 0.103 0.297 3.021 -6.152 -1.538 0 0 0.192
0.234 0.104 0.296 3.022 -6.149 -1.537 0 0 0.192
0.234 0.104 0.296 3.022 -6.149 -1.537 0 0 0.292
0.234 0.104 0.296 3.022 -6.149 -1.537 0 0 0.292
0.234 0.104 0.296 3.022 -6.149 -1.537 0 0 0.122
0.235 0.104 0.296 3.023 -6.149 -1.538 0 0 0.122
0.235 0.104 0.296 3.023 -6.149 -1.538 0 0 0.082
0.235 0.104 0.296 3.023 -6.149 -1.538 0 0 0.082
0.235 0.104 0.296 3.024 -6.149 -1.537 0 0 0.022
0.235 0.104 0.296 3.024 -6.149 -1.537 0 0 0.022
0.235 0.104 0.296 3.024 -6.149 -1.537 0 0 0.062
0.235 0.104 0.296 3.024 -6.149 -1.537 0 0 0.062
0.235 0.104 0.296 3.024 -6.149 -1.537 0 0 0.062
0.235 0.104 0.296 3.024 -6.149 -1.537 0 0 0.062
0.235 0.104 0.296 3.024 -6.149 -1.537 0 0 0.062
0.235 0.104 0.296 3.024 -6.149 -1.537 0 0 0.062
0.235 0.104 0.296 3.024 -6.149 -1.537 0 0 0.062
0.235 0.104 0.296 3.024 -6.149 -1.537 0 0 0.062
0.235 0.104 0.296 3.024 -6.149 -1.537 0 0 0.062
0.235 0.104 0.296 3.024 -6.149 -1.537 0 0 0.062
0.235 0.104 0.296 3.024 -6.149 -1.537 0 0 0.062
0.235 0.104 0.296 3.024 -6.149 -1.537 0 0 0.062
0.235 0.104 0.296 3.024 -6.149 -1.537 0 0 0.062
0.235 0.104 0.296 3.024 -6.149 -1.537 0 0 0.062
0.235 0.104 0.296 3.024 -6.149 -1.537 0 0 0.062
0.235 0.104 0.296 3.024 -6.149 -1.537 0 0 0.062
