0.619586 -0.038274 0.339573
0.621047 -0.040778 0.340786
0.613477 -0.040753 0.338879
0.614993 -0.044494 0.340084
0.608571 -0.042165 0.339657
0.610199 -0.045956 0.341862
0.596249 -0.049533 0.339423
0.599825 -0.052654 0.342114
0.591620 -0.050565 0.338074
0.587482 -0.059358 0.340509
0.581453 -0.058774 0.338073
0.573832 -0.062624 0.337128
0.563706 -0.067457 0.335794
0.560144 -0.070589 0.336540
0.553327 -0.072529 0.337094
0.558425 -0.075603 0.340280
0.547072 -0.073976 0.339150
0.539070 -0.075875 0.339967
0.538154 -0.079183 0.341306
0.539343 -0.079787 0.343793
0.523739 -0.078790 0.343519
0.521793 -0.079398 0.343285
0.521411 -0.082083 0.347294
0.515715 -0.078344 0.344354
0.504988 -0.079169 0.344342
0.507845 -0.081677 0.345812
0.505483 -0.083734 0.347617
0.495668 -0.075533 0.345461
0.488388 -0.073672 0.346023
0.489393 -0.071856 0.347269
0.483875 -0.068984 0.346751
0.488995 -0.071016 0.349713
0.477787 -0.062418 0.343205
0.482117 -0.066340 0.345673
0.473176 -0.055690 0.342220
0.474448 -0.053226 0.341964
0.468448 -0.048992 0.340666
0.464006 -0.047900 0.341542
0.463977 -0.042851 0.340793
0.469610 -0.036922 0.342264
0.464747 -0.030048 0.341074
0.466865 -0.027052 0.341562
0.467587 -0.015622 0.341631
0.463972 -0.008124 0.340790
0.466517 -0.004422 0.340278
0.468779 0.001038 0.342492
0.476450 0.013397 0.340957
0.474749 0.014884 0.341963
0.475771 0.018891 0.339957
0.481110 0.028193 0.338994
0.494685 0.031657 0.340697
0.502586 0.036478 0.339793
0.506924 0.036997 0.339280
0.509918 0.032426 0.339524
0.515050 0.037780 0.337226
0.521446 0.041508 0.334054
0.530798 0.035235 0.335788
0.537440 0.033946 0.339409
0.543526 0.030087 0.338901
0.550224 0.029411 0.334468
0.550844 0.028708 0.334967
0.559393 0.023412 0.331179
0.561242 0.021356 0.332429
0.566221 0.017954 0.329640
0.568048 0.014823 0.328891
0.571120 0.011438 0.331141
0.569261 0.015700 0.329214
0.572454 0.018743 0.327307
0.574299 0.015386 0.329558
0.567199 0.027246 0.328007
0.570329 0.022545 0.330757
0.561127 0.033242 0.332005
0.557872 0.046786 0.333394
0.564328 0.043582 0.336838
0.558863 0.051677 0.337336
0.553868 0.064632 0.334584
0.555042 0.077179 0.334805
0.555579 0.081933 0.332806
0.558551 0.095262 0.333933
0.560612 0.105995 0.332916
0.564464 0.101706 0.335168
0.574559 0.128671 0.329674
0.576453 0.122736 0.330425
0.581917 0.138844 0.327017
0.585111 0.137699 0.329019
0.594826 0.143868 0.324165
0.598034 0.145174 0.321419
0.605093 0.143462 0.320425
0.610419 0.148779 0.321720
0.620143 0.143727 0.318478
0.627932 0.141034 0.321203
0.633784 0.143867 0.317488
0.639095 0.133912 0.315739
0.645835 0.132053 0.315487
0.648540 0.121851 0.314984
0.655406 0.119277 0.318190
0.657316 0.105856 0.312685
0.660798 0.099302 0.313287
0.660946 0.094198 0.296284
0.664299 0.090861 0.308969
0.656364 0.073392 0.306935
0.663672 0.069800 0.309489
0.658748 0.068515 0.305975
0.659215 0.052084 0.309568
0.653539 0.051337 0.307303
0.653644 0.038680 0.307636
0.647350 0.034610 0.303621
0.650273 0.023039 0.306233
0.641340 0.017502 0.301468
0.642135 0.006617 0.302199
0.639581 0.003938 0.301446
0.638659 -0.005385 0.300982
0.636188 -0.007827 0.303229
0.637350 -0.011702 0.303244
0.636663 -0.007175 0.303744
0.641147 -0.017388 0.305768
0.637662 -0.008118 0.301519
0.642221 -0.017120 0.303059
0.640087 -0.013530 0.300890
0.639378 -0.011663 0.299891
0.643285 -0.017932 0.302276
0.638512 -0.012441 0.297527
0.641832 -0.020609 0.301344
0.635853 -0.016337 0.298345
0.634054 -0.018210 0.300095
0.631684 -0.023630 0.300224
0.628473 -0.024325 0.299975
0.631160 -0.031311 0.302624
0.618806 -0.029691 0.300129
0.617470 -0.036020 0.300100
0.612687 -0.042314 0.302599
0.605029 -0.046187 0.300812
0.600266 -0.047036 0.298563
0.593779 -0.053644 0.299238
0.591339 -0.056182 0.299989
0.585005 -0.063564 0.301644
0.581854 -0.065492 0.301895
0.577059 -0.072717 0.301389
0.578453 -0.076752 0.305888
0.565097 -0.086726 0.301723
0.563123 -0.088685 0.301475
0.562091 -0.095362 0.302658
0.555770 -0.098905 0.299919
0.548615 -0.106255 0.297999
0.542394 -0.113823 0.299513
0.539135 -0.122442 0.301133
0.539428 -0.123737 0.305633
0.526416 -0.131343 0.301534
0.525132 -0.143123 0.306792
0.520845 -0.140664 0.301805
0.520394 -0.142439 0.302806
0.512717 -0.151227 0.302517
0.512057 -0.151865 0.302519
0.506094 -0.158869 0.303015
0.508538 -0.161696 0.305506
0.504211 -0.169645 0.307335
0.498803 -0.171022 0.306358
0.490478 -0.176380 0.305517
0.485414 -0.181259 0.306541
0.481817 -0.189602 0.310048
0.470529 -0.197111 0.308080
0.469795 -0.197781 0.307833
0.464437 -0.207615 0.308464
0.462592 -0.205469 0.305970
0.462592 -0.211830 0.310768
0.460631 -0.208531 0.307523
0.460134 -0.214899 0.310685
0.458427 -0.210180 0.308186
0.459878 -0.212586 0.310915
0.459006 -0.209383 0.306664
0.463259 -0.204215 0.307649
0.463305 -0.205950 0.309055
0.464437 -0.202013 0.304799
0.460869 -0.208327 0.305041
0.463546 -0.204484 0.305288
0.461047 -0.204711 0.301271
0.464371 -0.201442 0.301778
0.467133 -0.208585 0.305862
0.463829 -0.203849 0.301839
0.465916 -0.203391 0.301003
0.464846 -0.205869 0.300694
0.472159 -0.196504 0.301278
0.470147 -0.205472 0.302443
0.474717 -0.187247 0.298029
0.481989 -0.177232 0.299163
0.484515 -0.171150 0.297971
0.484019 -0.170917 0.297699
0.488890 -0.157508 0.299599
0.488705 -0.160808 0.300335
0.487983 -0.146086 0.301320
0.488192 -0.147371 0.301569
0.485960 -0.141719 0.298621
0.483801 -0.136080 0.302605
0.483552 -0.134173 0.305328
0.479648 -0.127440 0.307032
0.479883 -0.127707 0.310050
0.472467 -0.123156 0.311388
0.463087 -0.121066 0.309564
0.468247 -0.124723 0.316173
0.460350 -0.123209 0.313753
0.453814 -0.124191 0.309046
0.456297 -0.126764 0.313148
0.451080 -0.127663 0.309480
0.445115 -0.130898 0.304573
0.444110 -0.144606 0.306094
0.444064 -0.144604 0.308890
0.440152 -0.152561 0.304658
0.435344 -0.160689 0.307982
0.434468 -0.166228 0.307877
0.432198 -0.173453 0.313468
0.422901 -0.181658 0.312096
0.420299 -0.185368 0.318350
0.418516 -0.187329 0.319274
0.418176 -0.190644 0.323824
0.408675 -0.186228 0.323384
0.407438 -0.188739 0.326867
0.401789 -0.181616 0.325068
0.402116 -0.184766 0.328424
0.397715 -0.174530 0.326449
0.394668 -0.178764 0.328491
0.391771 -0.161891 0.321138
0.389325 -0.161085 0.322841
0.393429 -0.149550 0.320084
0.394810 -0.146733 0.322126
0.398510 -0.135842 0.319345
0.399949 -0.132525 0.320865
0.412686 -0.120226 0.318285
0.411848 -0.120287 0.321635
0.418526 -0.113403 0.311602
0.428085 -0.111460 0.320329
0.437267 -0.110524 0.315011
0.438989 -0.109690 0.318788
0.440895 -0.109315 0.317574
0.450987 -0.110850 0.324277
0.453292 -0.110054 0.326318
0.454942 -0.110402 0.330062
0.457838 -0.108289 0.334610
0.458952 -0.104325 0.335948
0.464777 -0.101583 0.340515
0.464723 -0.101404 0.342219
0.468997 -0.084795 0.336524
0.471696 -0.084876 0.339161
0.469639 -0.078142 0.336902
0.468640 -0.067788 0.335617
0.472333 -0.065692 0.336363
0.468120 -0.058628 0.335874
0.466424 -0.055680 0.334117
0.465046 -0.049882 0.331683
0.464605 -0.048533 0.330678
0.465993 -0.046445 0.327520
0.467296 -0.052006 0.327800
0.470843 -0.050327 0.322580
0.473219 -0.057593 0.323117
0.478176 -0.054902 0.321814
0.477353 -0.055999 0.318338
0.485632 -0.062402 0.311638
0.486856 -0.069769 0.315442
0.493849 -0.069570 0.318465
0.496625 -0.080545 0.317261
0.505298 -0.082819 0.317252
0.509828 -0.089076 0.319946
0.518074 -0.089737 0.314976
0.521334 -0.096201 0.314198
0.529011 -0.096218 0.315352
0.534691 -0.105534 0.311772
0.542406 -0.106824 0.308956
0.545942 -0.112776 0.308903
0.555885 -0.120761 0.310931
0.554938 -0.121055 0.305210
0.564868 -0.126781 0.304913
0.565962 -0.128747 0.301394
0.574275 -0.130551 0.299109
0.570763 -0.130121 0.302718
0.581234 -0.134589 0.303319
0.573785 -0.130772 0.302264
0.575132 -0.127091 0.300239
0.562861 -0.121400 0.309802
0.558414 -0.116186 0.314128
0.551985 -0.114090 0.316288
0.552682 -0.111720 0.316566
0.532749 -0.102175 0.318490
0.542386 -0.105640 0.326919
0.533478 -0.099889 0.327072
0.523871 -0.092243 0.326425
0.520998 -0.091843 0.328738
0.518903 -0.092334 0.329531
0.517427 -0.093508 0.327077
0.520522 -0.095694 0.329074
0.516946 -0.093795 0.325373
0.518866 -0.085652 0.326240
0.520390 -0.089426 0.328005
0.520903 -0.068752 0.328717
0.522450 -0.072614 0.330983
0.521894 -0.050526 0.330814
0.520935 -0.047116 0.328042
0.522894 -0.033570 0.330973
0.527534 -0.038261 0.333707
0.527822 -0.020521 0.332562
0.527024 -0.018380 0.330800
0.529701 -0.016498 0.330335
0.535008 -0.012823 0.334378
0.531471 -0.017714 0.329462
0.534965 -0.015005 0.333928
0.526941 -0.030541 0.328639
0.530276 -0.030189 0.333620
0.523191 -0.056777 0.333142
0.526726 -0.056914 0.338247
0.523106 -0.058578 0.333542
0.519176 -0.073950 0.333041
0.520514 -0.077698 0.334303
0.519785 -0.080943 0.335860
0.519529 -0.082222 0.333868
0.522699 -0.087693 0.337935
0.523368 -0.085366 0.332168
0.528313 -0.088127 0.334138
0.527673 -0.088737 0.334146
0.540599 -0.086204 0.327635
0.545661 -0.086329 0.327602
0.548900 -0.088435 0.329124
0.563383 -0.081915 0.323263
0.568804 -0.086437 0.324992
0.583503 -0.082399 0.322149
0.590628 -0.081222 0.320029
0.600410 -0.076983 0.317221
0.608302 -0.081086 0.319967
0.606667 -0.075224 0.315707
0.614098 -0.078412 0.318404
0.605815 -0.076271 0.319681
0.601313 -0.076808 0.321950
0.602801 -0.077715 0.322287
0.596150 -0.080371 0.321561
0.583180 -0.084412 0.331865
0.580655 -0.085847 0.335115
0.562332 -0.088406 0.332681
0.558801 -0.088304 0.334330
0.545923 -0.087917 0.331369
0.550461 -0.092589 0.340896
0.549733 -0.091963 0.339897
0.539461 -0.091927 0.339792
0.543359 -0.088993 0.335777
0.548634 -0.087314 0.332510
0.561888 -0.083588 0.329284
0.576879 -0.079595 0.331916
0.585550 -0.079864 0.329399
0.596851 -0.076393 0.320412
0.602749 -0.073413 0.320896
0.608910 -0.074779 0.324894
0.608371 -0.070125 0.319890
0.614087 -0.068996 0.320620
0.617228 -0.071131 0.323366
0.620512 -0.069958 0.319593
0.622371 -0.072059 0.323092
0.626777 -0.071090 0.322750
0.623691 -0.067684 0.320002
0.627227 -0.068108 0.318995
0.620960 -0.066739 0.323252
0.614901 -0.060056 0.326162
0.610675 -0.056819 0.327914
0.600228 -0.044130 0.329811
0.592742 -0.038769 0.321816
0.588235 -0.031448 0.324270
0.574315 -0.025327 0.338028
0.565071 -0.013770 0.339534
0.561234 -0.010861 0.342285
0.552304 -0.001895 0.344769
0.549843 0.000705 0.344518
0.540147 0.010700 0.340578
0.539227 0.010469 0.342328
0.540752 0.007663 0.344079
0.535318 0.016473 0.339942
0.530668 0.021623 0.337631
0.532044 0.018785 0.335132
0.532319 0.016485 0.335001
0.539391 0.008964 0.332505
0.543839 0.001963 0.337258
0.549033 -0.000938 0.328482
0.555120 -0.007372 0.326986
0.558018 -0.010930 0.334958
0.567976 -0.021933 0.322714
0.571538 -0.024920 0.320468
0.574354 -0.027687 0.323969
0.581780 -0.033452 0.317673
0.591134 -0.046009 0.315923
0.596108 -0.050243 0.319172
0.607242 -0.060688 0.318624
0.609749 -0.063342 0.318123
0.612227 -0.067303 0.317373
0.619822 -0.072875 0.313865
0.621733 -0.074731 0.316615
0.626693 -0.080153 0.317339
0.624908 -0.074148 0.321090
0.632257 -0.080756 0.322639
0.618578 -0.066428 0.323144
0.625833 -0.072871 0.326114
0.626451 -0.073517 0.326114
0.622214 -0.068072 0.322206
0.612254 -0.060819 0.335710
0.606606 -0.054284 0.331887
0.585166 -0.033168 0.332145
0.591270 -0.038597 0.335202
0.583780 -0.029908 0.328204
0.576649 -0.025493 0.338788
0.575929 -0.027300 0.338288
0.579685 -0.029319 0.342474
0.574992 -0.031265 0.335224
0.573763 -0.031212 0.336322
0.574619 -0.033595 0.333571
0.575509 -0.030920 0.334444
0.576874 -0.028468 0.334944
0.578553 -0.019064 0.334597
0.580210 -0.014292 0.337347
0.580739 -0.014945 0.339754
0.584718 0.005093 0.338251
0.583801 0.006495 0.338801
0.588947 0.032099 0.334795
0.591567 0.031389 0.338397
0.592118 0.044007 0.334647
0.592409 0.046824 0.333214
0.593018 0.042224 0.333964
0.592609 0.043688 0.335760
0.592291 0.036412 0.333511
0.592715 0.036854 0.335777
0.589913 0.023102 0.335029
0.586131 0.016735 0.334950
0.586793 0.004602 0.337201
0.582794 0.004130 0.333781
0.581404 -0.008494 0.334533
0.581555 -0.013234 0.337651
0.577617 -0.025083 0.332401
0.575115 -0.029516 0.330594
0.575404 -0.030757 0.333344
0.578313 -0.035332 0.336353
0.577475 -0.032201 0.333853
0.578630 -0.033711 0.335066
0.589439 -0.030777 0.335068
0.594270 -0.031169 0.335725
0.604724 -0.028206 0.329976
0.611225 -0.027759 0.326103
0.622091 -0.024723 0.322602
0.632628 -0.027764 0.321368
0.635231 -0.026512 0.320367
0.646267 -0.025006 0.318794
0.646854 -0.026987 0.320544
0.651312 -0.025344 0.317697
0.653805 -0.028023 0.320447
0.651932 -0.025375 0.315320
0.653417 -0.026657 0.314175
0.648191 -0.027853 0.313424
0.642971 -0.029067 0.313672
0.634451 -0.030547 0.321755
0.620822 -0.030912 0.319252
0.615869 -0.032165 0.313561
0.602304 -0.031426 0.326059
0.597953 -0.030492 0.319712
0.590325 -0.027980 0.329462
0.587392 -0.028798 0.327706
0.588122 -0.030175 0.332956
0.586280 -0.027512 0.331585
0.589798 -0.028270 0.334335
0.592460 -0.027718 0.329933
0.601187 -0.024046 0.328184
0.611459 -0.025582 0.329062
0.618270 -0.023735 0.326564
0.632378 -0.020040 0.323972
0.639960 -0.021414 0.322471
0.653821 -0.019551 0.314962
0.656999 -0.022946 0.317711
0.659284 -0.018981 0.314051
0.661163 -0.022309 0.315551
0.663792 -0.018563 0.313463
0.663129 -0.020732 0.319963
0.662219 -0.012554 0.317096
0.659723 -0.010053 0.319097
0.661047 -0.006289 0.319620
0.658217 0.000814 0.322997
0.644017 0.015281 0.326753
0.646002 0.013161 0.328752
0.628968 0.035008 0.332394
0.631093 0.031450 0.335393
0.625696 0.042259 0.337315
0.617724 0.045219 0.343312
0.608151 0.060131 0.343499
0.604429 0.065213 0.347872
0.600829 0.070219 0.344371
0.597297 0.073741 0.345964
0.595828 0.072778 0.344463
0.593875 0.074569 0.344206
0.595243 0.070748 0.340706
0.597727 0.066998 0.340457
0.599784 0.065928 0.337822
0.604844 0.060851 0.337826
0.613624 0.050054 0.339907
0.615758 0.046673 0.342408
0.616546 0.046639 0.339744
0.625097 0.037654 0.338483
0.633045 0.027160 0.334488
0.638979 0.021118 0.335387
0.648342 0.014224 0.331892
0.658273 0.009059 0.328456
0.665942 0.007775 0.325960
0.666582 0.005844 0.327709
0.678647 0.015232 0.320817
0.684730 0.017520 0.316951
0.688506 0.021252 0.322202
0.695930 0.033139 0.319893
0.696609 0.036432 0.319144
0.702898 0.033278 0.321692
0.691285 0.059021 0.323201
0.699951 0.054741 0.326417
0.683294 0.075558 0.324674
0.690041 0.071480 0.329975
0.678575 0.081706 0.329976
0.672178 0.094455 0.318646
0.656589 0.104714 0.319894
0.654480 0.109522 0.318586
0.648150 0.112984 0.321085
0.645839 0.118019 0.320742
0.644923 0.113472 0.324238
0.645688 0.115218 0.326543
0.652162 0.106355 0.325793
0.652912 0.109346 0.324326
0.662629 0.099906 0.323331
0.666956 0.098152 0.322383
0.672831 0.092427 0.322386
0.684839 0.077676 0.317765
0.687607 0.069662 0.322513
0.690281 0.068403 0.318469
0.690993 0.065131 0.319718
0.694770 0.055154 0.316283
0.685933 0.036904 0.311015
0.678098 0.027297 0.306976
0.671692 0.023310 0.308719
0.669951 0.017220 0.311461
0.644258 0.022159 0.315208
0.638622 0.023284 0.318096
0.626106 0.032779 0.317096
0.616026 0.039908 0.318959
0.612679 0.045655 0.318711
0.604490 0.049669 0.315990
0.600285 0.060420 0.318743
0.599696 0.055983 0.320277
0.597518 0.068851 0.327031
0.594207 0.066153 0.329740
0.602624 0.064976 0.337991
0.598533 0.064550 0.338904
0.606786 0.059404 0.343403
0.604655 0.058771 0.345182
