0.683265 0.0188767 0.300342 -2.91738 0.240124 0.0196575 0 0 0
0.68303 0.019094 0.299395 -2.91738 0.240124 0.0196575 0 0 0
0.682793 0.0193121 0.298447 -2.91738 0.240124 0.0196575 0 0 0
0.682557 0.0195295 0.297501 -2.91738 0.240124 0.0196575 0 0 0
0.682321 0.0197476 0.296554 -2.91738 0.240124 0.0196575 0 0 0
0.682085 0.019965 0.295607 -2.91738 0.240124 0.0196575 0 0 0
0.681848 0.0201831 0.294659 -2.91738 0.240124 0.0196575 0 0 0
0.681612 0.0204005 0.293713 -2.91738 0.240124 0.0196575 0 0 0
0.681376 0.0206186 0.292766 -2.91738 0.240124 0.0196575 0 0 0
0.68114 0.0208359 0.291819 -2.91738 0.240124 0.0196575 0 0 0
0.680903 0.021054 0.290871 -2.91738 0.240124 0.0196575 0 0 0
0.680668 0.0212714 0.289925 -2.91738 0.240124 0.0196575 0 0 0
0.680431 0.0214895 0.288978 -2.91738 0.240124 0.0196575 0 0 0
0.680195 0.0217069 0.288031 -2.91738 0.240124 0.0196575 0 0 0
0.679959 0.021925 0.287083 -2.91738 0.240124 0.0196575 0 0 0
0.679723 0.0221423 0.286137 -2.91738 0.240124 0.0196575 0 0 0
0.679486 0.0223604 0.28519 -2.91738 0.240124 0.0196575 0 0 0
0.67925 0.0225778 0.284243 -2.91738 0.240124 0.0196575 0 0 0
0.679014 0.0227959 0.283295 -2.91738 0.240124 0.0196575 0 0 0
0.678778 0.0230133 0.282349 -2.91738 0.240124 0.0196575 0 0 0
0.678541 0.0232314 0.281402 -2.91738 0.240124 0.0196575 0 0 0
0.678305 0.0234487 0.280455 -2.91738 0.240124 0.0196575 0 0 0
0.678069 0.0236668 0.279508 -2.91738 0.240124 0.0196575 0 0 0
0.677833 0.0238842 0.278561 -2.91738 0.240124 0.0196575 0 0 0
0.677597 0.0241023 0.277614 -2.91738 0.240124 0.0196575 0 0 0
0.677361 0.0243197 0.276667 -2.91738 0.240124 0.0196575 0 0 0
0.677124 0.0245378 0.27572 -2.91738 0.240124 0.0196575 0 0 0
0.676888 0.0247552 0.274773 -2.91738 0.240124 0.0196575 0 0 0
0.676652 0.0249733 0.273826 -2.91738 0.240124 0.0196575 0 0 0
0.676416 0.0251906 0.272879 -2.91738 0.240124 0.0196575 0 0 0
0.676179 0.0254087 0.271932 -2.91738 0.240124 0.0196575 0 0 0
0.675943 0.0256261 0.270985 -2.91738 0.240124 0.0196575 0 0 0
0.675707 0.0258442 0.270038 -2.91738 0.240124 0.0196575 0 0 0
0.675471 0.0260616 0.269091 -2.91738 0.240124 0.0196575 0 0 0
0.675234 0.0262797 0.268144 -2.91738 0.240124 0.0196575 0 0 0
0.674999 0.026497 0.267197 -2.91738 0.240124 0.0196575 0 0 0
0.674762 0.0267151 0.26625 -2.91738 0.240124 0.0196575 0 0 0
0.674526 0.0269325 0.265303 -2.91738 0.240124 0.0196575 0 0 0
0.67429 0.0271506 0.264356 -2.91738 0.240124 0.0196575 0 0 0
0.674054 0.027368 0.263409 -2.91738 0.240124 0.0196575 0 0 0
0.673817 0.0275861 0.262462 -2.91738 0.240124 0.0196575 0 0 0
0.673581 0.0278034 0.261515 -2.91738 0.240124 0.0196575 0 0 0
0.673345 0.0280215 0.260568 -2.91738 0.240124 0.0196575 0 0 0
0.673109 0.0282389 0.259621 -2.91738 0.240124 0.0196575 0 0 0
0.672872 0.028457 0.258674 -2.91738 0.240124 0.0196575 0 0 0
0.672637 0.0286744 0.257727 -2.91738 0.240124 0.0196575 0 0 0
0.6724 0.0288925 0.25678 -2.91738 0.240124 0.0196575 0 0 0
0.672164 0.0291099 0.255833 -2.91738 0.240124 0.0196575 0 0 0
0.671928 0.029328 0.254886 -2.91738 0.240124 0.0196575 0 0 0
0.671692 0.0295453 0.253939 -2.92696 0.237639 0.0168229 0 0 10
0.671423 0.0298673 0.25408 -2.92042 0.243471 0.0196551 0 0 10
0.670161 0.0313777 0.254752 -2.89419 0.263899 0.0310917 0 0 10
0.668983 0.0327959 0.255489 -2.87311 0.274066 0.039466 0 0 10
0.668197 0.0337412 0.255964 -2.86008 0.278393 0.0443479 0 0 10
0.667863 0.0341437 0.256176 -2.8543 0.283325 0.0474077 0 0 10
0.667422 0.0346751 0.256474 -2.83752 0.288557 0.0539275 0 0 10
0.666693 0.0355534 0.256976 -2.82015 0.295379 0.0613613 0 0 10
0.665826 0.0366033 0.257631 -2.80689 0.306392 0.0691459 0 0 10
0.66504 0.0375553 0.258224 -2.79596 0.324597 0.0788974 0 0 10
0.664148 0.0386401 0.258961 -2.77779 0.336435 0.0894609 0 0 10
0.663783 0.0390836 0.259266 -2.76483 0.340845 0.0958161 0 0 10
0.663 0.0400382 0.259955 -2.75053 0.350063 0.104679 0 0 10
0.662338 0.0408451 0.260538 -2.73672 0.357072 0.112792 0 0 10
0.662043 0.041207 0.260816 -2.73042 0.359325 0.116195 0 0 10
0.661125 0.0423348 0.261726 -2.70013 0.373289 0.13448 0 0 10
0.661009 0.0424777 0.261841 -2.69652 0.374716 0.136634 0 0 10
0.660958 0.0425416 0.261894 -2.69541 0.375164 0.1373 0 0 10
0.660002 0.0437178 0.262867 -2.67736 0.382485 0.148395 0 0 10
0.658997 0.0449617 0.263985 -2.65238 0.393626 0.164863 0 0 10
0.658666 0.0453712 0.264354 -2.64365 0.396937 0.170528 0 0 10
0.658389 0.0457154 0.264678 -2.63639 0.398388 0.174663 0 0 10
0.65783 0.0464098 0.265332 -2.62057 0.402324 0.184231 0 0 10
0.657436 0.0469025 0.265823 -2.60975 0.404422 0.190608 0 0 10
0.656775 0.0477276 0.266632 -2.58807 0.410949 0.204936 0 0 10
0.656308 0.0483134 0.267255 -2.57126 0.416057 0.216429 0 0 10
0.655453 0.0493869 0.268399 -2.54454 0.42496 0.235816 0 0 10
0.65474 0.0502898 0.269426 -2.52482 0.430927 0.250332 0 0 10
0.654001 0.051225 0.270519 -2.50309 0.435101 0.265394 0 0 10
0.653305 0.0521098 0.27158 -2.4791 0.441028 0.283435 0 0 10
0.652899 0.0526284 0.272227 -2.46643 0.440839 0.291076 0 0 10
0.651895 0.0539229 0.273946 -2.42076 0.438657 0.318525 0 0 10
0.651785 0.0540654 0.274134 -2.41698 0.438246 0.320701 0 0 10
0.651723 0.0541454 0.274243 -2.41444 0.438668 0.322661 0 0 10
0.650424 0.0558353 0.276638 -2.38157 0.441939 0.347103 0 0 10
0.650372 0.0559035 0.276738 -2.37917 0.441452 0.348399 0 0 10
0.650322 0.0559686 0.276835 -2.3783 0.441158 0.348777 0 0 10
0.649051 0.0576333 0.279272 -2.83639 0.303666 0.0587974 0 0 10
0.64688 0.0601714 0.279226 3.11441 0.00824537 -0.0328091 0 0 10
0.646756 0.0603148 0.279223 3.11435 0.00825636 -0.0328094 0 0 10
0.646628 0.0604647 0.27922 3.11435 0.00825036 -0.0328092 0 0 10
0.644937 0.0624424 0.279181 3.11416 0.00780253 -0.0327969 0 0 10
0.643807 0.0637638 0.279155 3.11416 0.00780253 -0.0327969 0 0 10
0.643138 0.0645453 0.27914 3.11416 0.00780253 -0.0327969 0 0 10
0.642571 0.0652089 0.279127 3.11416 0.00780253 -0.0327969 0 0 10
0.641599 0.0663433 0.279104 3.11416 0.00780253 -0.0327969 0 0 10
0.641404 0.0665718 0.2791 3.11416 0.00780253 -0.0327969 0 0 10
0.639855 0.0683829 0.279064 3.11416 0.00780253 -0.0327969 0 0 10
0.639078 0.0692917 0.279046 3.11416 0.00780253 -0.0327969 0 0 10
0.637507 0.0711276 0.27901 3.11416 0.00780253 -0.0327969 0 0 10
0.636777 0.0719811 0.278993 3.11416 0.00780253 -0.0327969 0 0 10
0.636037 0.0728455 0.278976 3.11416 0.00780253 -0.0327969 0 0 10
0.634677 0.0744354 0.278945 3.11416 0.00780253 -0.0327969 0 0 10
0.634558 0.0745744 0.278942 3.11416 0.00780253 -0.0327969 0 0 10
0.633432 0.0758914 0.278916 3.11416 0.00780253 -0.0327969 0 0 10
0.632707 0.0767392 0.278899 3.11416 0.00780253 -0.0327969 0 0 10
0.631611 0.0780205 0.278874 3.11416 0.00780253 -0.0327969 0 0 10
0.63144 0.0782199 0.27887 3.11416 0.00780253 -0.0327969 0 0 10
0.630729 0.0790516 0.278854 3.11416 0.00780253 -0.0327969 0 0 10
0.630306 0.0795457 0.278844 3.11416 0.00780253 -0.0327969 0 0 10
0.630246 0.079617 0.278843 3.11416 0.00780253 -0.0327969 0 0 10
0.630043 0.0798542 0.278838 3.11416 0.00780253 -0.0327969 0 0 10
0.628355 0.0818261 0.278799 3.11416 0.00780253 -0.0327969 0 0 10
0.627345 0.0830064 0.278776 3.11416 0.00780253 -0.0327969 0 0 10
0.6269 0.0835288 0.278765 3.11416 0.00780253 -0.0327969 0 0 10
0.626309 0.0842193 0.278752 3.11416 0.00780253 -0.0327969 0 0 10
0.625306 0.0853908 0.278729 3.11416 0.00780253 -0.0327969 0 0 10
0.624476 0.0863608 0.278709 3.11416 0.00780253 -0.0327969 0 0 10
0.624028 0.0868847 0.278699 3.11416 0.00780253 -0.0327969 0 0 10
0.623802 0.0871495 0.278694 3.11416 0.00780253 -0.0327969 0 0 10
0.622496 0.0886754 0.278664 3.11416 0.00780253 -0.0327969 0 0 10
0.622197 0.0890261 0.278657 3.11416 0.00780253 -0.0327969 0 0 10
0.621704 0.0896017 0.278646 3.11416 0.00780253 -0.0327969 0 0 10
0.620374 0.0911574 0.278615 3.11416 0.00780253 -0.0327969 0 0 10
0.618837 0.0929539 0.278579 3.11416 0.00780253 -0.0327969 0 0 10
0.618577 0.0932574 0.278573 3.11416 0.00780253 -0.0327969 0 0 10
0.617978 0.0939581 0.27856 3.11416 0.00780253 -0.0327969 0 0 10
0.616732 0.0954141 0.278531 3.11416 0.00780253 -0.0327969 0 0 10
0.616383 0.095823 0.278523 3.11416 0.00780253 -0.0327969 0 0 10
0.614876 0.0975832 0.278488 3.11416 0.00780253 -0.0327969 0 0 10
0.614721 0.0977651 0.278484 3.11416 0.00780253 -0.0327969 0 0 10
0.614501 0.0980234 0.278479 3.11416 0.00780253 -0.0327969 0 0 10
0.612269 0.100632 0.278428 3.11416 0.00780253 -0.0327969 0 0 10
0.611747 0.101242 0.278416 3.11416 0.00780253 -0.0327969 0 0 10
0.610331 0.102897 0.278383 3.11416 0.00780253 -0.0327969 0 0 10
0.609319 0.10408 0.27836 3.11416 0.00780253 -0.0327969 0 0 10
0.607712 0.105958 0.278323 3.11416 0.00780253 -0.0327969 0 0 10
0.607465 0.106247 0.278317 3.11416 0.00780253 -0.0327969 0 0 10
0.606209 0.107716 0.278288 3.11416 0.00780253 -0.0327969 0 0 10
0.605757 0.108244 0.278278 3.11416 0.00780253 -0.0327969 0 0 10
0.605638 0.108384 0.278275 3.11416 0.00780253 -0.0327969 0 0 10
0.604388 0.109845 0.278246 3.11416 0.00780253 -0.0327969 0 0 10
0.603406 0.110992 0.278224 3.11416 0.00780253 -0.0327969 0 0 10
0.602478 0.112079 0.278202 3.11416 0.00780253 -0.0327969 0 0 10
0.601631 0.113069 0.278183 3.11416 0.00780253 -0.0327969 0 0 10
0.600204 0.114736 0.27815 3.11416 0.00780253 -0.0327969 0 0 10
0.599898 0.115093 0.278143 3.11416 0.00780253 -0.0327969 0 0 10
0.598571 0.116645 0.278112 3.11416 0.00780253 -0.0327969 0 0 10
0.59797 0.117347 0.278098 3.11416 0.00780253 -0.0327969 0 0 10
0.596338 0.119255 0.278061 3.11416 0.00780253 -0.0327969 0 0 10
0.596295 0.119306 0.27806 3.11416 0.00780253 -0.0327969 0 0 10
0.596168 0.119454 0.278057 3.11416 0.00780253 -0.0327969 0 0 10
0.594987 0.120835 0.278029 3.11416 0.00780253 -0.0327969 0 0 10
0.594987 0.120835 0.278029 3.11416 0.00780253 -0.0327969 0 0 10
0.594646 0.120507 0.278041 3.11416 0.00780253 -0.0327969 0 0 10
0.593099 0.119022 0.278095 3.11416 0.00780253 -0.0327969 0 0 10
0.592477 0.118425 0.278117 3.11214 0.00517466 -0.0327198 0 0 10
0.592016 0.117983 0.278133 3.11416 0.00780253 -0.0327969 0 0 10
0.589885 0.115936 0.278207 3.11416 0.00780253 -0.0327969 0 0 10
0.588593 0.114696 0.278252 3.11416 0.00780253 -0.0327969 0 0 10
0.587455 0.113603 0.278291 3.11416 0.00780253 -0.0327969 0 0 10
0.586297 0.11249 0.278332 3.11416 0.00780253 -0.0327969 0 0 10
0.586012 0.112217 0.278342 3.11416 0.00780253 -0.0327969 0 0 10
0.585377 0.111607 0.278364 3.11416 0.00780253 -0.0327969 0 0 10
0.583746 0.110042 0.27842 3.11416 0.00780253 -0.0327969 0 0 10
0.582536 0.10888 0.278462 3.11416 0.00780253 -0.0327969 0 0 10
0.581972 0.108338 0.278482 3.11416 0.00780253 -0.0327969 0 0 10
0.581101 0.107502 0.278512 3.11416 0.00780253 -0.0327969 0 0 10
0.580066 0.106508 0.278548 3.11416 0.00780253 -0.0327969 0 0 10
0.578892 0.10538 0.278589 3.11416 0.00780253 -0.0327969 0 0 10
0.578577 0.105077 0.2786 3.11416 0.00780253 -0.0327969 0 0 10
0.577449 0.103994 0.278639 3.11416 0.00780253 -0.0327969 0 0 10
0.577156 0.103713 0.27865 3.11416 0.00780253 -0.0327969 0 0 10
0.576459 0.103043 0.278674 3.11416 0.00780253 -0.0327969 0 0 10
0.574874 0.101522 0.278729 3.11416 0.00780253 -0.0327969 0 0 10
0.574171 0.100847 0.278753 3.11416 0.00780253 -0.0327969 0 0 10
0.572907 0.0996321 0.278797 3.11416 0.00780253 -0.0327969 0 0 10
0.571511 0.0982917 0.278846 3.11416 0.00780253 -0.0327969 0 0 10
0.570367 0.0971934 0.278886 3.11416 0.00780253 -0.0327969 0 0 10
0.569877 0.0967229 0.278903 3.11416 0.00780253 -0.0327969 0 0 10
0.568959 0.0958414 0.278935 3.11416 0.00780253 -0.0327969 0 0 10
0.568084 0.095001 0.278965 3.11416 0.00780253 -0.0327969 0 0 10
0.566368 0.0933529 0.279025 3.11416 0.00780253 -0.0327969 0 0 10
0.566137 0.0931313 0.279033 3.11416 0.00780253 -0.0327969 0 0 10
0.564287 0.0913554 0.279097 3.11416 0.00780253 -0.0327969 0 0 10
0.563867 0.0909512 0.279112 3.11416 0.00780253 -0.0327969 0 0 10
0.562308 0.0894542 0.279166 3.11416 0.00780253 -0.0327969 0 0 10
0.561556 0.0887321 0.279192 3.11416 0.00780253 -0.0327969 0 0 10
0.559758 0.0870067 0.279255 3.11416 0.00780253 -0.0327969 0 0 10
0.558739 0.0860274 0.27929 3.11416 0.00780253 -0.0327969 0 0 10
0.55807 0.0853846 0.279314 3.11416 0.00780253 -0.0327969 0 0 10
0.556708 0.0840771 0.279361 3.11416 0.00780253 -0.0327969 0 0 10
0.556546 0.0839225 0.279367 3.11416 0.00780253 -0.0327969 0 0 10
0.555681 0.0830903 0.279397 3.11416 0.00780253 -0.0327969 0 0 10
0.554671 0.0821213 0.279432 3.11416 0.00780253 -0.0327969 0 0 10
0.55449 0.0819476 0.279438 3.11416 0.00780253 -0.0327969 0 0 10
0.552712 0.0802407 0.2795 3.11416 0.00780253 -0.0327969 0 0 10
0.552262 0.0798085 0.279516 3.11416 0.00780253 -0.0327969 0 0 10
0.552208 0.0797565 0.279518 3.11416 0.00780253 -0.0327969 0 0 10
0.55049 0.078107 0.279577 3.11416 0.00780253 -0.0327969 0 0 10
0.548546 0.0762394 0.279645 3.11416 0.00780253 -0.0327969 0 0 10
0.547872 0.0755925 0.279668 3.11416 0.00780253 -0.0327969 0 0 10
0.547575 0.0753073 0.279679 3.11416 0.00780253 -0.0327969 0 0 10
0.545805 0.0736079 0.27974 3.11416 0.00780253 -0.0327969 0 0 10
0.544374 0.0722334 0.27979 3.11416 0.00780253 -0.0327969 0 0 10
0.543706 0.0715912 0.279813 3.11416 0.00780253 -0.0327969 0 0 10
0.542924 0.0708403 0.279841 3.11416 0.00780253 -0.0327969 0 0 10
0.541605 0.0695732 0.279886 3.11416 0.00780253 -0.0327969 0 0 10
0.539287 0.0673479 0.279967 3.11416 0.00780253 -0.0327969 0 0 10
0.539169 0.0672351 0.279971 3.11416 0.00780253 -0.0327969 0 0 10
0.53897 0.0670436 0.279978 3.11416 0.00780253 -0.0327969 0 0 10
0.53697 0.0651226 0.280048 3.11416 0.00780253 -0.0327969 0 0 10
0.536152 0.0643376 0.280076 3.11416 0.00780253 -0.0327969 0 0 10
0.534886 0.0631224 0.28012 3.11416 0.00780253 -0.0327969 0 0 10
0.53404 0.0623092 0.28015 3.11416 0.00780253 -0.0327969 0 0 10
0.532699 0.0610222 0.280196 3.11416 0.00780253 -0.0327969 0 0 10
0.532092 0.0604389 0.280217 3.11416 0.00780253 -0.0327969 0 0 10
0.531823 0.0601797 0.280227 3.11416 0.00780253 -0.0327969 0 0 10
0.530309 0.0587265 0.280279 3.11416 0.00780253 -0.0327969 0 0 10
0.529909 0.0583429 0.280293 3.11416 0.00780253 -0.0327969 0 0 10
0.528769 0.0572473 0.280333 3.11416 0.00780253 -0.0327969 0 0 10
0.528408 0.056902 0.280345 3.11416 0.00780253 -0.0327969 0 0 10
0.527859 0.0563741 0.280365 3.11416 0.00780253 -0.0327969 0 0 10
0.526239 0.0548183 0.280421 3.11416 0.00780253 -0.0327969 0 0 10
0.524195 0.0528556 0.280492 3.11416 0.00780253 -0.0327969 0 0 10
0.523647 0.0523298 0.280511 3.11416 0.00780253 -0.0327969 0 0 10
0.523112 0.0518155 0.28053 3.11416 0.00780253 -0.0327969 0 0 10
0.521982 0.0507295 0.280569 3.11416 0.00780253 -0.0327969 0 0 10
0.521023 0.0498104 0.280602 3.11416 0.00780253 -0.0327969 0 0 10
0.520016 0.0488427 0.280637 3.11416 0.00780253 -0.0327969 0 0 10
0.518773 0.0476487 0.280681 3.11416 0.00780253 -0.0327969 0 0 10
0.517738 0.0466551 0.280717 3.11416 0.00780253 -0.0327969 0 0 10
0.516938 0.0458864 0.280745 3.11416 0.00780253 -0.0327969 0 0 10
0.515589 0.0445919 0.280791 3.11416 0.00780253 -0.0327969 0 0 10
0.515285 0.0442992 0.280802 3.11416 0.00780253 -0.0327969 0 0 10
0.515101 0.0441228 0.280808 3.11416 0.00780253 -0.0327969 0 0 10
0.513639 0.0427188 0.280859 3.11416 0.00780253 -0.0327969 0 0 10
0.512781 0.0418955 0.280889 3.11416 0.00780253 -0.0327969 0 0 10
0.511567 0.0407302 0.280931 3.11416 0.00780253 -0.0327969 0 0 10
0.510722 0.0399184 0.280961 3.11416 0.00780253 -0.0327969 0 0 10
0.509886 0.0391149 0.28099 3.11416 0.00780253 -0.0327969 0 0 10
0.508954 0.0382204 0.281022 3.11416 0.00780253 -0.0327969 0 0 10
0.508064 0.0373649 0.281053 3.11416 0.00780253 -0.0327969 0 0 10
0.507526 0.0368493 0.281072 3.11416 0.00780253 -0.0327969 0 0 10
0.505934 0.0353195 0.281127 3.11416 0.00780253 -0.0327969 0 0 10
0.50569 0.0350863 0.281136 3.11416 0.00780253 -0.0327969 0 0 10
0.504626 0.0340632 0.281173 3.11416 0.00780253 -0.0327969 0 0 10
0.503271 0.0327633 0.28122 3.11416 0.00780253 -0.0327969 0 0 10
0.502903 0.032409 0.281233 3.11416 0.00780253 -0.0327969 0 0 10
0.5026 0.0321184 0.281243 3.11416 0.00780253 -0.0327969 0 0 10
0.502608 0.0321455 0.282243 3.11416 0.00780253 -0.0327969 0 0 0
0.502617 0.0321727 0.283243 3.11416 0.00780253 -0.0327969 0 0 0
0.502626 0.0321998 0.284242 3.11416 0.00780253 -0.0327969 0 0 0
0.502634 0.032227 0.285242 3.11416 0.00780253 -0.0327969 0 0 0
0.502643 0.0322542 0.286241 3.11416 0.00780253 -0.0327969 0 0 0
0.502652 0.0322813 0.287241 3.11416 0.00780253 -0.0327969 0 0 0
0.502661 0.0323085 0.28824 3.11416 0.00780253 -0.0327969 0 0 0
0.502669 0.0323356 0.28924 3.11416 0.00780253 -0.0327969 0 0 0
0.502678 0.0323628 0.29024 3.11416 0.00780253 -0.0327969 0 0 0
0.502687 0.03239 0.291239 3.11416 0.00780253 -0.0327969 0 0 0
0.502695 0.0324171 0.292239 3.11416 0.00780253 -0.0327969 0 0 0
0.502704 0.0324443 0.293238 3.11416 0.00780253 -0.0327969 0 0 0
0.502713 0.0324714 0.294238 3.11416 0.00780253 -0.0327969 0 0 0
0.502721 0.0324986 0.295238 3.11416 0.00780253 -0.0327969 0 0 0
0.50273 0.0325257 0.296237 3.11416 0.00780253 -0.0327969 0 0 0
0.502739 0.0325529 0.297237 3.11416 0.00780253 -0.0327969 0 0 0
0.502748 0.0325801 0.298236 3.11416 0.00780253 -0.0327969 0 0 0
0.502756 0.0326072 0.299236 3.11416 0.00780253 -0.0327969 0 0 0
0.502765 0.0326344 0.300236 3.11416 0.00780253 -0.0327969 0 0 0
0.502774 0.0326615 0.301235 3.11416 0.00780253 -0.0327969 0 0 0
0.502782 0.0326887 0.302235 3.11416 0.00780253 -0.0327969 0 0 0
0.502791 0.0327159 0.303234 3.11416 0.00780253 -0.0327969 0 0 0
0.5028 0.032743 0.304234 3.11416 0.00780253 -0.0327969 0 0 0
0.502808 0.0327702 0.305234 3.11416 0.00780253 -0.0327969 0 0 0
0.502817 0.0327973 0.306233 3.11416 0.00780253 -0.0327969 0 0 0
0.502826 0.0328245 0.307233 3.11416 0.00780253 -0.0327969 0 0 0
0.502834 0.0328516 0.308232 3.11416 0.00780253 -0.0327969 0 0 0
0.502843 0.0328788 0.309232 3.11416 0.00780253 -0.0327969 0 0 0
0.502852 0.032906 0.310232 3.11416 0.00780253 -0.0327969 0 0 0
0.502861 0.0329331 0.311231 3.11416 0.00780253 -0.0327969 0 0 0
0.502869 0.0329603 0.312231 3.11416 0.00780253 -0.0327969 0 0 0
0.502878 0.0329874 0.31323 3.11416 0.00780253 -0.0327969 0 0 0
0.502887 0.0330146 0.31423 3.11416 0.00780253 -0.0327969 0 0 0
0.502895 0.0330418 0.31523 3.11416 0.00780253 -0.0327969 0 0 0
0.502904 0.0330689 0.316229 3.11416 0.00780253 -0.0327969 0 0 0
0.502913 0.0330961 0.317229 3.11416 0.00780253 -0.0327969 0 0 0
0.502921 0.0331232 0.318228 3.11416 0.00780253 -0.0327969 0 0 0
0.50293 0.0331504 0.319228 3.11416 0.00780253 -0.0327969 0 0 0
0.502939 0.0331775 0.320227 3.11416 0.00780253 -0.0327969 0 0 0
0.502948 0.0332047 0.321227 3.11416 0.00780253 -0.0327969 0 0 0
0.502956 0.0332319 0.322227 3.11416 0.00780253 -0.0327969 0 0 0
0.502965 0.033259 0.323226 3.11416 0.00780253 -0.0327969 0 0 0
0.502974 0.0332862 0.324226 3.11416 0.00780253 -0.0327969 0 0 0
0.502982 0.0333133 0.325225 3.11416 0.00780253 -0.0327969 0 0 0
0.502991 0.0333405 0.326225 3.11416 0.00780253 -0.0327969 0 0 0
0.503 0.0333677 0.327225 3.11416 0.00780253 -0.0327969 0 0 0
0.503008 0.0333948 0.328224 3.11416 0.00780253 -0.0327969 0 0 0
0.503017 0.033422 0.329224 3.11416 0.00780253 -0.0327969 0 0 0
0.503026 0.0334491 0.330223 3.11416 0.00780253 -0.0327969 0 0 0
