0.087261 0.027265 0.177309 -2.889664 0.230808 -2.297379 0.000000 0.000000 0.000000
0.087594 0.027265 0.176366 -2.889664 0.230808 -2.297379 0.000000 0.000000 0.000000
0.087928 0.027265 0.175423 -2.889664 0.230808 -2.297379 0.000000 0.000000 0.000000
0.088261 0.027265 0.174481 -2.889664 0.230808 -2.297379 0.000000 0.000000 0.000000
0.088595 0.027265 0.173538 -2.889664 0.230808 -2.297379 0.000000 0.000000 0.000000
0.088928 0.027265 0.172595 -2.889664 0.230808 -2.297379 0.000000 0.000000 0.000000
0.089262 0.027265 0.171652 -2.889664 0.230808 -2.297379 0.000000 0.000000 0.000000
0.089595 0.027265 0.170710 -2.889664 0.230808 -2.297379 0.000000 0.000000 0.000000
0.089929 0.027265 0.169767 -2.889664 0.230808 -2.297379 0.000000 0.000000 0.000000
0.090262 0.027265 0.168824 -2.889664 0.230808 -2.297379 0.000000 0.000000 0.000000
0.090596 0.027265 0.167881 -2.889664 0.230808 -2.297379 0.000000 0.000000 0.000000
0.090929 0.027265 0.166939 -2.889664 0.230808 -2.297379 0.000000 0.000000 0.000000
0.091263 0.027265 0.165996 -2.889664 0.230808 -2.297379 0.000000 0.000000 0.000000
0.091596 0.027265 0.165053 -2.889664 0.230808 -2.297379 0.000000 0.000000 0.000000
0.091930 0.027265 0.164110 -2.889664 0.230808 -2.297379 0.000000 0.000000 0.000000
0.092263 0.027265 0.163168 -2.889664 0.230808 -2.297379 0.000000 0.000000 0.000000
0.092597 0.027265 0.162225 -2.889664 0.230808 -2.297379 0.000000 0.000000 0.000000
0.092930 0.027265 0.161282 -2.889664 0.230808 -2.297379 0.000000 0.000000 0.000000
0.093264 0.027265 0.160339 -2.889664 0.230808 -2.297379 0.000000 0.000000 0.000000
0.093597 0.027265 0.159397 -2.889664 0.230808 -2.297379 0.000000 0.000000 0.000000
0.093931 0.027265 0.158454 -2.889664 0.230808 -2.297379 0.000000 0.000000 0.000000
0.094264 0.027265 0.157511 -2.889664 0.230808 -2.297379 0.000000 0.000000 0.000000
0.094598 0.027265 0.156568 -2.889664 0.230808 -2.297379 0.000000 0.000000 0.000000
0.094931 0.027265 0.155626 -2.889664 0.230808 -2.297379 0.000000 0.000000 0.000000
0.095265 0.027265 0.154683 -2.889664 0.230808 -2.297379 0.000000 0.000000 0.000000
0.095598 0.027265 0.153740 -2.889664 0.230808 -2.297379 0.000000 0.000000 0.000000
0.095932 0.027265 0.152797 -2.889664 0.230808 -2.297379 0.000000 0.000000 0.000000
0.096265 0.027265 0.151855 -2.889664 0.230808 -2.297379 0.000000 0.000000 0.000000
0.096599 0.027265 0.150912 -2.889664 0.230808 -2.297379 0.000000 0.000000 0.000000
0.096932 0.027265 0.149969 -2.889664 0.230808 -2.297379 0.000000 0.000000 0.000000
0.097266 0.027265 0.149026 -2.889664 0.230808 -2.297379 0.000000 0.000000 0.000000
0.097599 0.027265 0.148084 -2.889664 0.230808 -2.297379 0.000000 0.000000 0.000000
0.097933 0.027265 0.147141 -2.889664 0.230808 -2.297379 0.000000 0.000000 0.000000
0.098266 0.027265 0.146198 -2.889664 0.230808 -2.297379 0.000000 0.000000 0.000000
0.098600 0.027265 0.145255 -2.889664 0.230808 -2.297379 0.000000 0.000000 0.000000
0.098933 0.027265 0.144313 -2.889664 0.230808 -2.297379 0.000000 0.000000 0.000000
0.099267 0.027265 0.143370 -2.889664 0.230808 -2.297379 0.000000 0.000000 0.000000
0.099600 0.027265 0.142427 -2.889664 0.230808 -2.297379 0.000000 0.000000 0.000000
0.099934 0.027265 0.141484 -2.889664 0.230808 -2.297379 0.000000 0.000000 0.000000
0.100267 0.027265 0.140542 -2.889664 0.230808 -2.297379 0.000000 0.000000 0.000000
0.100601 0.027265 0.139599 -2.889664 0.230808 -2.297379 0.000000 0.000000 0.000000
0.100934 0.027265 0.138656 -2.889664 0.230808 -2.297379 0.000000 0.000000 0.000000
0.101268 0.027265 0.137713 -2.889664 0.230808 -2.297379 0.000000 0.000000 0.000000
0.101601 0.027265 0.136771 -2.889664 0.230808 -2.297379 0.000000 0.000000 0.000000
0.101935 0.027265 0.135828 -2.889664 0.230808 -2.297379 0.000000 0.000000 0.000000
0.102268 0.027265 0.134885 -2.889664 0.230808 -2.297379 0.000000 0.000000 0.000000
0.102602 0.027265 0.133942 -2.889664 0.230808 -2.297379 0.000000 0.000000 0.000000
0.102935 0.027265 0.133000 -2.889664 0.230808 -2.297379 0.000000 0.000000 0.000000
0.103269 0.027265 0.132057 -2.889664 0.230808 -2.297379 0.000000 0.000000 0.000000
0.103602 0.027265 0.131114 -2.899230 0.228400 -2.300277 0.000000 0.000000 10.000000
0.104019 0.027245 0.131261 -2.892675 0.234154 -2.297286 0.000000 0.000000 10.000000
0.105974 0.027150 0.131963 -2.866423 0.254267 -2.285297 0.000000 0.000000 10.000000
0.107804 0.027059 0.132728 -2.845350 0.264206 -2.276656 0.000000 0.000000 10.000000
0.109025 0.026999 0.133222 -2.832334 0.268401 -2.271665 0.000000 0.000000 10.000000
0.109544 0.026973 0.133442 -2.826548 0.273249 -2.268473 0.000000 0.000000 10.000000
0.110229 0.026939 0.133750 -2.809802 0.278306 -2.261824 0.000000 0.000000 10.000000
0.111361 0.026883 0.134270 -2.792455 0.284928 -2.254219 0.000000 0.000000 10.000000
0.112711 0.026815 0.134945 -2.779195 0.295731 -2.246144 0.000000 0.000000 10.000000
0.113935 0.026753 0.135557 -2.768215 0.313672 -2.235901 0.000000 0.000000 10.000000
0.115326 0.026681 0.136315 -2.750057 0.325228 -2.225035 0.000000 0.000000 10.000000
0.115895 0.026652 0.136629 -2.737140 0.329470 -2.218578 0.000000 0.000000 10.000000
0.117117 0.026588 0.137337 -2.722857 0.338454 -2.209484 0.000000 0.000000 10.000000
0.118150 0.026534 0.137936 -2.709075 0.345250 -2.201203 0.000000 0.000000 10.000000
0.118612 0.026509 0.138221 -2.702799 0.347414 -2.197750 0.000000 0.000000 10.000000
0.120050 0.026431 0.139153 -2.672604 0.360902 -2.179145 0.000000 0.000000 10.000000
0.120232 0.026421 0.139271 -2.669006 0.362273 -2.176960 0.000000 0.000000 10.000000
0.120313 0.026416 0.139325 -2.667905 0.362704 -2.176284 0.000000 0.000000 10.000000
0.121811 0.026334 0.140322 -2.649930 0.369739 -2.165033 0.000000 0.000000 10.000000
0.123390 0.026245 0.141464 -2.625060 0.380459 -2.148328 0.000000 0.000000 10.000000
0.123910 0.026216 0.141841 -2.616372 0.383626 -2.142599 0.000000 0.000000 10.000000
0.124346 0.026191 0.142172 -2.609164 0.384972 -2.138445 0.000000 0.000000 10.000000
0.125226 0.026141 0.142840 -2.593442 0.388667 -2.128819 0.000000 0.000000 10.000000
0.125848 0.026104 0.143341 -2.582689 0.390606 -2.122419 0.000000 0.000000 10.000000
0.126891 0.026043 0.144166 -2.561154 0.396775 -2.107991 0.000000 0.000000 10.000000
0.127629 0.025999 0.144801 -2.544467 0.401599 -2.096423 0.000000 0.000000 10.000000
0.128981 0.025918 0.145966 -2.517959 0.410027 -2.076909 0.000000 0.000000 10.000000
0.130113 0.025847 0.147011 -2.498408 0.415642 -2.062323 0.000000 0.000000 10.000000
0.131285 0.025774 0.148122 -2.476886 0.419455 -2.047252 0.000000 0.000000 10.000000
0.132392 0.025704 0.149201 -2.453145 0.424954 -2.029178 0.000000 0.000000 10.000000
0.133039 0.025662 0.149858 -2.440615 0.424586 -2.021602 0.000000 0.000000 10.000000
0.134646 0.025553 0.151603 -2.395473 0.421770 -1.994432 0.000000 0.000000 10.000000
0.134823 0.025541 0.151794 -2.391733 0.421309 -1.992284 0.000000 0.000000 10.000000
0.134922 0.025534 0.151904 -2.389227 0.421686 -1.990329 0.000000 0.000000 10.000000
0.137010 0.025387 0.154333 -2.356793 0.424404 -1.965998 0.000000 0.000000 10.000000
0.137094 0.025381 0.154434 -2.354416 0.423888 -1.964726 0.000000 0.000000 10.000000
0.137174 0.025375 0.154533 -2.353562 0.423585 -1.964359 0.000000 0.000000 10.000000
0.139224 0.025226 0.157003 -2.808595 0.293280 -2.256534 0.000000 0.000000 10.000000
0.142561 0.025075 0.157007 -3.141342 0.000443 -2.356194 0.000000 0.000000 10.000000
0.142750 0.025067 0.157007 -3.141399 0.000454 -2.356194 0.000000 0.000000 10.000000
0.142947 0.025058 0.157007 -3.141402 0.000448 -2.356194 0.000000 0.000000 10.000000
0.145547 0.024940 0.157007 3.141593 -0.000000 -2.356194 0.000000 0.000000 10.000000
0.147284 0.024861 0.157007 3.141593 -0.000000 -2.356194 0.000000 0.000000 10.000000
0.148312 0.024815 0.157007 3.141593 -0.000000 -2.356194 0.000000 0.000000 10.000000
0.149184 0.024775 0.157007 3.141593 -0.000000 -2.356194 0.000000 0.000000 10.000000
0.150676 0.024708 0.157007 3.141593 -0.000000 -2.356194 0.000000 0.000000 10.000000
0.150976 0.024694 0.157007 3.141593 -0.000000 -2.356194 0.000000 0.000000 10.000000
0.153357 0.024586 0.157007 3.141593 -0.000000 -2.356194 0.000000 0.000000 10.000000
0.154552 0.024532 0.157007 3.141593 -0.000000 -2.356194 0.000000 0.000000 10.000000
0.156966 0.024423 0.157007 3.141593 -0.000000 -2.356194 0.000000 0.000000 10.000000
0.158088 0.024372 0.157007 3.141593 -0.000000 -2.356194 0.000000 0.000000 10.000000
0.159225 0.024321 0.157007 3.141593 -0.000000 -2.356194 0.000000 0.000000 10.000000
0.161315 0.024226 0.157007 3.141593 -0.000000 -2.356194 0.000000 0.000000 10.000000
0.161498 0.024218 0.157007 3.141593 -0.000000 -2.356194 0.000000 0.000000 10.000000
0.163229 0.024139 0.157007 3.141593 -0.000000 -2.356194 0.000000 0.000000 10.000000
0.164344 0.024089 0.157007 3.141593 -0.000000 -2.356194 0.000000 0.000000 10.000000
0.166028 0.024012 0.157007 3.141593 -0.000000 -2.356194 0.000000 0.000000 10.000000
0.166291 0.024001 0.157007 3.141593 -0.000000 -2.356194 0.000000 0.000000 10.000000
0.167384 0.023951 0.157007 3.141593 -0.000000 -2.356194 0.000000 0.000000 10.000000
0.168034 0.023922 0.157007 3.141593 -0.000000 -2.356194 0.000000 0.000000 10.000000
0.168127 0.023917 0.157007 3.141593 -0.000000 -2.356194 0.000000 0.000000 10.000000
0.168439 0.023903 0.157007 3.141593 -0.000000 -2.356194 0.000000 0.000000 10.000000
0.171032 0.023786 0.157007 3.141593 -0.000000 -2.356194 0.000000 0.000000 10.000000
0.172584 0.023716 0.157007 3.141593 -0.000000 -2.356194 0.000000 0.000000 10.000000
0.173270 0.023684 0.157007 3.141593 -0.000000 -2.356194 0.000000 0.000000 10.000000
0.174178 0.023643 0.157007 3.141593 -0.000000 -2.356194 0.000000 0.000000 10.000000
0.175719 0.023574 0.157007 3.141593 -0.000000 -2.356194 0.000000 0.000000 10.000000
0.176994 0.023516 0.157007 3.141593 -0.000000 -2.356194 0.000000 0.000000 10.000000
0.177683 0.023485 0.157007 3.141593 -0.000000 -2.356194 0.000000 0.000000 10.000000
0.178031 0.023469 0.157007 3.141593 -0.000000 -2.356194 0.000000 0.000000 10.000000
0.180037 0.023378 0.157007 3.141593 -0.000000 -2.356194 0.000000 0.000000 10.000000
0.180498 0.023357 0.157007 3.141593 -0.000000 -2.356194 0.000000 0.000000 10.000000
0.181255 0.023323 0.157007 3.141593 -0.000000 -2.356194 0.000000 0.000000 10.000000
0.183300 0.023230 0.157007 3.141593 -0.000000 -2.356194 0.000000 0.000000 10.000000
0.185662 0.023123 0.157007 3.141593 -0.000000 -2.356194 0.000000 0.000000 10.000000
0.186061 0.023105 0.157007 3.141593 -0.000000 -2.356194 0.000000 0.000000 10.000000
0.186982 0.023063 0.157007 3.141593 -0.000000 -2.356194 0.000000 0.000000 10.000000
0.188897 0.022977 0.157007 3.141593 -0.000000 -2.356194 0.000000 0.000000 10.000000
0.189434 0.022952 0.157007 3.141593 -0.000000 -2.356194 0.000000 0.000000 10.000000
0.191749 0.022848 0.157007 3.141593 -0.000000 -2.356194 0.000000 0.000000 10.000000
0.191988 0.022837 0.157007 3.141593 -0.000000 -2.356194 0.000000 0.000000 10.000000
0.192327 0.022821 0.157007 3.141593 -0.000000 -2.356194 0.000000 0.000000 10.000000
0.195757 0.022666 0.157007 3.141593 -0.000000 -2.356194 0.000000 0.000000 10.000000
0.196559 0.022630 0.157007 3.141593 -0.000000 -2.356194 0.000000 0.000000 10.000000
0.198735 0.022531 0.157007 3.141593 -0.000000 -2.356194 0.000000 0.000000 10.000000
0.200290 0.022461 0.157007 3.141593 -0.000000 -2.356194 0.000000 0.000000 10.000000
0.202760 0.022349 0.157007 3.141593 -0.000000 -2.356194 0.000000 0.000000 10.000000
0.203140 0.022332 0.157007 3.141593 -0.000000 -2.356194 0.000000 0.000000 10.000000
0.205070 0.022244 0.157007 3.141593 -0.000000 -2.356194 0.000000 0.000000 10.000000
0.205765 0.022213 0.157007 3.141593 -0.000000 -2.356194 0.000000 0.000000 10.000000
0.205949 0.022204 0.157007 3.141593 -0.000000 -2.356194 0.000000 0.000000 10.000000
0.207870 0.022117 0.157007 3.141593 -0.000000 -2.356194 0.000000 0.000000 10.000000
0.209378 0.022049 0.157007 3.141593 -0.000000 -2.356194 0.000000 0.000000 10.000000
0.210806 0.021984 0.157007 3.141593 -0.000000 -2.356194 0.000000 0.000000 10.000000
0.212108 0.021925 0.157007 3.141593 -0.000000 -2.356194 0.000000 0.000000 10.000000
0.214300 0.021826 0.157007 3.141593 -0.000000 -2.356194 0.000000 0.000000 10.000000
0.214770 0.021805 0.157007 3.141593 -0.000000 -2.356194 0.000000 0.000000 10.000000
0.216810 0.021713 0.157007 3.141593 -0.000000 -2.356194 0.000000 0.000000 10.000000
0.217733 0.021671 0.157007 3.141593 -0.000000 -2.356194 0.000000 0.000000 10.000000
0.220242 0.021557 0.157007 3.141593 -0.000000 -2.356194 0.000000 0.000000 10.000000
0.220308 0.021554 0.157007 3.141593 -0.000000 -2.356194 0.000000 0.000000 10.000000
0.220503 0.021545 0.157007 3.141593 -0.000000 -2.356194 0.000000 0.000000 10.000000
0.222319 0.021463 0.157007 3.141593 -0.000000 -2.356194 0.000000 0.000000 10.000000
0.222319 0.021463 0.157007 3.141593 -0.000000 -2.356194 0.000000 0.000000 10.000000
0.222313 0.021936 0.157007 3.141593 -0.000000 -2.356194 0.000000 0.000000 10.000000
0.222286 0.024081 0.157007 3.141593 -0.000000 -2.356194 0.000000 0.000000 10.000000
0.222275 0.024943 0.157007 3.139567 -0.002629 -2.356189 0.000000 0.000000 10.000000
0.222267 0.025582 0.157007 3.141593 -0.000000 -2.356194 0.000000 0.000000 10.000000
0.222230 0.028538 0.157007 3.141593 -0.000000 -2.356194 0.000000 0.000000 10.000000
0.222208 0.030329 0.157007 3.141593 -0.000000 -2.356194 0.000000 0.000000 10.000000
0.222188 0.031907 0.157007 3.141593 -0.000000 -2.356194 0.000000 0.000000 10.000000
0.222167 0.033514 0.157007 3.141593 -0.000000 -2.356194 0.000000 0.000000 10.000000
0.222162 0.033908 0.157007 3.141593 -0.000000 -2.356194 0.000000 0.000000 10.000000
0.222151 0.034789 0.157007 3.141593 -0.000000 -2.356194 0.000000 0.000000 10.000000
0.222123 0.037050 0.157007 3.141593 -0.000000 -2.356194 0.000000 0.000000 10.000000
0.222102 0.038728 0.157007 3.141593 -0.000000 -2.356194 0.000000 0.000000 10.000000
0.222092 0.039510 0.157007 3.141593 -0.000000 -2.356194 0.000000 0.000000 10.000000
0.222077 0.040718 0.157007 3.141593 -0.000000 -2.356194 0.000000 0.000000 10.000000
0.222059 0.042153 0.157007 3.141593 -0.000000 -2.356194 0.000000 0.000000 10.000000
0.222038 0.043782 0.157007 3.141593 -0.000000 -2.356194 0.000000 0.000000 10.000000
0.222032 0.044219 0.157007 3.141593 -0.000000 -2.356194 0.000000 0.000000 10.000000
0.222013 0.045783 0.157007 3.141593 -0.000000 -2.356194 0.000000 0.000000 10.000000
0.222008 0.046189 0.157007 3.141593 -0.000000 -2.356194 0.000000 0.000000 10.000000
0.221995 0.047156 0.157007 3.141593 -0.000000 -2.356194 0.000000 0.000000 10.000000
0.221968 0.049354 0.157007 3.141593 -0.000000 -2.356194 0.000000 0.000000 10.000000
0.221956 0.050328 0.157007 3.141593 -0.000000 -2.356194 0.000000 0.000000 10.000000
0.221933 0.052082 0.157007 3.141593 -0.000000 -2.356194 0.000000 0.000000 10.000000
0.221909 0.054018 0.157007 3.141593 -0.000000 -2.356194 0.000000 0.000000 10.000000
0.221889 0.055604 0.157007 3.141593 -0.000000 -2.356194 0.000000 0.000000 10.000000
0.221880 0.056283 0.157007 3.141593 -0.000000 -2.356194 0.000000 0.000000 10.000000
0.221864 0.057556 0.157007 3.141593 -0.000000 -2.356194 0.000000 0.000000 10.000000
0.221849 0.058770 0.157007 3.141593 -0.000000 -2.356194 0.000000 0.000000 10.000000
0.221819 0.061150 0.157007 3.141593 -0.000000 -2.356194 0.000000 0.000000 10.000000
0.221815 0.061470 0.157007 3.141593 -0.000000 -2.356194 0.000000 0.000000 10.000000
0.221783 0.064035 0.157007 3.141593 -0.000000 -2.356194 0.000000 0.000000 10.000000
0.221775 0.064618 0.157007 3.141593 -0.000000 -2.356194 0.000000 0.000000 10.000000
0.221748 0.066780 0.157007 3.141593 -0.000000 -2.356194 0.000000 0.000000 10.000000
0.221735 0.067823 0.157007 3.141593 -0.000000 -2.356194 0.000000 0.000000 10.000000
0.221704 0.070315 0.157007 3.141593 -0.000000 -2.356194 0.000000 0.000000 10.000000
0.221686 0.071729 0.157007 3.141593 -0.000000 -2.356194 0.000000 0.000000 10.000000
0.221674 0.072657 0.157007 3.141593 -0.000000 -2.356194 0.000000 0.000000 10.000000
0.221650 0.074545 0.157007 3.141593 -0.000000 -2.356194 0.000000 0.000000 10.000000
0.221648 0.074769 0.157007 3.141593 -0.000000 -2.356194 0.000000 0.000000 10.000000
0.221632 0.075970 0.157007 3.141593 -0.000000 -2.356194 0.000000 0.000000 10.000000
0.221615 0.077370 0.157007 3.141593 -0.000000 -2.356194 0.000000 0.000000 10.000000
0.221612 0.077621 0.157007 3.141593 -0.000000 -2.356194 0.000000 0.000000 10.000000
0.221581 0.080086 0.157007 3.141593 -0.000000 -2.356194 0.000000 0.000000 10.000000
0.221573 0.080710 0.157007 3.141593 -0.000000 -2.356194 0.000000 0.000000 10.000000
0.221572 0.080785 0.157007 3.141593 -0.000000 -2.356194 0.000000 0.000000 10.000000
0.221542 0.083167 0.157007 3.141593 -0.000000 -2.356194 0.000000 0.000000 10.000000
0.221508 0.085864 0.157007 3.141593 -0.000000 -2.356194 0.000000 0.000000 10.000000
0.221496 0.086798 0.157007 3.141593 -0.000000 -2.356194 0.000000 0.000000 10.000000
0.221491 0.087210 0.157007 3.141593 -0.000000 -2.356194 0.000000 0.000000 10.000000
0.221460 0.089664 0.157007 3.141593 -0.000000 -2.356194 0.000000 0.000000 10.000000
0.221435 0.091649 0.157007 3.141593 -0.000000 -2.356194 0.000000 0.000000 10.000000
0.221423 0.092576 0.157007 3.141593 -0.000000 -2.356194 0.000000 0.000000 10.000000
0.221409 0.093660 0.157007 3.141593 -0.000000 -2.356194 0.000000 0.000000 10.000000
0.221386 0.095490 0.157007 3.141593 -0.000000 -2.356194 0.000000 0.000000 10.000000
0.221346 0.098704 0.157007 3.141593 -0.000000 -2.356194 0.000000 0.000000 10.000000
0.221344 0.098867 0.157007 3.141593 -0.000000 -2.356194 0.000000 0.000000 10.000000
0.221340 0.099143 0.157007 3.141593 -0.000000 -2.356194 0.000000 0.000000 10.000000
0.221305 0.101917 0.157007 3.141593 -0.000000 -2.356194 0.000000 0.000000 10.000000
0.221291 0.103051 0.157007 3.141593 -0.000000 -2.356194 0.000000 0.000000 10.000000
0.221269 0.104806 0.157007 3.141593 -0.000000 -2.356194 0.000000 0.000000 10.000000
0.221254 0.105980 0.157007 3.141593 -0.000000 -2.356194 0.000000 0.000000 10.000000
0.221231 0.107839 0.157007 3.141593 -0.000000 -2.356194 0.000000 0.000000 10.000000
0.221220 0.108681 0.157007 3.141593 -0.000000 -2.356194 0.000000 0.000000 10.000000
0.221215 0.109055 0.157007 3.141593 -0.000000 -2.356194 0.000000 0.000000 10.000000
0.221189 0.111154 0.157007 3.141593 -0.000000 -2.356194 0.000000 0.000000 10.000000
0.221182 0.111708 0.157007 3.141593 -0.000000 -2.356194 0.000000 0.000000 10.000000
0.221162 0.113290 0.157007 3.141593 -0.000000 -2.356194 0.000000 0.000000 10.000000
0.221156 0.113789 0.157007 3.141593 -0.000000 -2.356194 0.000000 0.000000 10.000000
0.221146 0.114551 0.157007 3.141593 -0.000000 -2.356194 0.000000 0.000000 10.000000
0.221118 0.116798 0.157007 3.141593 -0.000000 -2.356194 0.000000 0.000000 10.000000
0.221082 0.119632 0.157007 3.141593 -0.000000 -2.356194 0.000000 0.000000 10.000000
0.221073 0.120392 0.157007 3.141593 -0.000000 -2.356194 0.000000 0.000000 10.000000
0.221063 0.121134 0.157007 3.141593 -0.000000 -2.356194 0.000000 0.000000 10.000000
0.221043 0.122702 0.157007 3.141593 -0.000000 -2.356194 0.000000 0.000000 10.000000
0.221027 0.124030 0.157007 3.141593 -0.000000 -2.356194 0.000000 0.000000 10.000000
0.221009 0.125427 0.157007 3.141593 -0.000000 -2.356194 0.000000 0.000000 10.000000
0.220987 0.127151 0.157007 3.141593 -0.000000 -2.356194 0.000000 0.000000 10.000000
0.220969 0.128586 0.157007 3.141593 -0.000000 -2.356194 0.000000 0.000000 10.000000
0.220955 0.129696 0.157007 3.141593 -0.000000 -2.356194 0.000000 0.000000 10.000000
0.220932 0.131566 0.157007 3.141593 -0.000000 -2.356194 0.000000 0.000000 10.000000
0.220926 0.131988 0.157007 3.141593 -0.000000 -2.356194 0.000000 0.000000 10.000000
0.220923 0.132243 0.157007 3.141593 -0.000000 -2.356194 0.000000 0.000000 10.000000
0.220898 0.134271 0.157007 3.141593 -0.000000 -2.356194 0.000000 0.000000 10.000000
0.220883 0.135460 0.157007 3.141593 -0.000000 -2.356194 0.000000 0.000000 10.000000
0.220862 0.137143 0.157007 3.141593 -0.000000 -2.356194 0.000000 0.000000 10.000000
0.220847 0.138315 0.157007 3.141593 -0.000000 -2.356194 0.000000 0.000000 10.000000
0.220832 0.139475 0.157007 3.141593 -0.000000 -2.356194 0.000000 0.000000 10.000000
0.220816 0.140767 0.157007 3.141593 -0.000000 -2.356194 0.000000 0.000000 10.000000
0.220800 0.142002 0.157007 3.141593 -0.000000 -2.356194 0.000000 0.000000 10.000000
0.220791 0.142747 0.157007 3.141593 -0.000000 -2.356194 0.000000 0.000000 10.000000
0.220763 0.144956 0.157007 3.141593 -0.000000 -2.356194 0.000000 0.000000 10.000000
0.220759 0.145293 0.157007 3.141593 -0.000000 -2.356194 0.000000 0.000000 10.000000
0.220740 0.146770 0.157007 3.141593 -0.000000 -2.356194 0.000000 0.000000 10.000000
0.220717 0.148648 0.157007 3.141593 -0.000000 -2.356194 0.000000 0.000000 10.000000
0.220710 0.149159 0.157007 3.141593 -0.000000 -2.356194 0.000000 0.000000 10.000000
0.220705 0.149579 0.157007 3.141593 -0.000000 -2.356194 0.000000 0.000000 10.000000
0.220705 0.149579 0.158007 3.141593 -0.000000 -2.356194 0.000000 0.000000 0.000000
0.220705 0.149579 0.159007 3.141593 -0.000000 -2.356194 0.000000 0.000000 0.000000
0.220705 0.149579 0.160007 3.141593 -0.000000 -2.356194 0.000000 0.000000 0.000000
0.220705 0.149579 0.161007 3.141593 -0.000000 -2.356194 0.000000 0.000000 0.000000
0.220705 0.149579 0.162007 3.141593 -0.000000 -2.356194 0.000000 0.000000 0.000000
0.220705 0.149579 0.163007 3.141593 -0.000000 -2.356194 0.000000 0.000000 0.000000
0.220705 0.149579 0.164007 3.141593 -0.000000 -2.356194 0.000000 0.000000 0.000000
0.220705 0.149579 0.165007 3.141593 -0.000000 -2.356194 0.000000 0.000000 0.000000
0.220705 0.149579 0.166007 3.141593 -0.000000 -2.356194 0.000000 0.000000 0.000000
0.220705 0.149579 0.167007 3.141593 -0.000000 -2.356194 0.000000 0.000000 0.000000
0.220705 0.149579 0.168007 3.141593 -0.000000 -2.356194 0.000000 0.000000 0.000000
0.220705 0.149579 0.169007 3.141593 -0.000000 -2.356194 0.000000 0.000000 0.000000
0.220705 0.149579 0.170007 3.141593 -0.000000 -2.356194 0.000000 0.000000 0.000000
0.220705 0.149579 0.171007 3.141593 -0.000000 -2.356194 0.000000 0.000000 0.000000
0.220705 0.149579 0.172007 3.141593 -0.000000 -2.356194 0.000000 0.000000 0.000000
0.220705 0.149579 0.173007 3.141593 -0.000000 -2.356194 0.000000 0.000000 0.000000
0.220705 0.149579 0.174007 3.141593 -0.000000 -2.356194 0.000000 0.000000 0.000000
0.220705 0.149579 0.175007 3.141593 -0.000000 -2.356194 0.000000 0.000000 0.000000
0.220705 0.149579 0.176007 3.141593 -0.000000 -2.356194 0.000000 0.000000 0.000000
0.220705 0.149579 0.177007 3.141593 -0.000000 -2.356194 0.000000 0.000000 0.000000
0.220705 0.149579 0.178007 3.141593 -0.000000 -2.356194 0.000000 0.000000 0.000000
0.220705 0.149579 0.179007 3.141593 -0.000000 -2.356194 0.000000 0.000000 0.000000
0.220705 0.149579 0.180007 3.141593 -0.000000 -2.356194 0.000000 0.000000 0.000000
0.220705 0.149579 0.181007 3.141593 -0.000000 -2.356194 0.000000 0.000000 0.000000
0.220705 0.149579 0.182007 3.141593 -0.000000 -2.356194 0.000000 0.000000 0.000000
0.220705 0.149579 0.183007 3.141593 -0.000000 -2.356194 0.000000 0.000000 0.000000
0.220705 0.149579 0.184007 3.141593 -0.000000 -2.356194 0.000000 0.000000 0.000000
0.220705 0.149579 0.185007 3.141593 -0.000000 -2.356194 0.000000 0.000000 0.000000
0.220705 0.149579 0.186007 3.141593 -0.000000 -2.356194 0.000000 0.000000 0.000000
0.220705 0.149579 0.187007 3.141593 -0.000000 -2.356194 0.000000 0.000000 0.000000
0.220705 0.149579 0.188007 3.141593 -0.000000 -2.356194 0.000000 0.000000 0.000000
0.220705 0.149579 0.189007 3.141593 -0.000000 -2.356194 0.000000 0.000000 0.000000
0.220705 0.149579 0.190007 3.141593 -0.000000 -2.356194 0.000000 0.000000 0.000000
0.220705 0.149579 0.191007 3.141593 -0.000000 -2.356194 0.000000 0.000000 0.000000
0.220705 0.149579 0.192007 3.141593 -0.000000 -2.356194 0.000000 0.000000 0.000000
0.220705 0.149579 0.193007 3.141593 -0.000000 -2.356194 0.000000 0.000000 0.000000
0.220705 0.149579 0.194007 3.141593 -0.000000 -2.356194 0.000000 0.000000 0.000000
0.220705 0.149579 0.195007 3.141593 -0.000000 -2.356194 0.000000 0.000000 0.000000
0.220705 0.149579 0.196007 3.141593 -0.000000 -2.356194 0.000000 0.000000 0.000000
0.220705 0.149579 0.197007 3.141593 -0.000000 -2.356194 0.000000 0.000000 0.000000
0.220705 0.149579 0.198007 3.141593 -0.000000 -2.356194 0.000000 0.000000 0.000000
0.220705 0.149579 0.199007 3.141593 -0.000000 -2.356194 0.000000 0.000000 0.000000
0.220705 0.149579 0.200007 3.141593 -0.000000 -2.356194 0.000000 0.000000 0.000000
0.220705 0.149579 0.201007 3.141593 -0.000000 -2.356194 0.000000 0.000000 0.000000
0.220705 0.149579 0.202007 3.141593 -0.000000 -2.356194 0.000000 0.000000 0.000000
0.220705 0.149579 0.203007 3.141593 -0.000000 -2.356194 0.000000 0.000000 0.000000
0.220705 0.149579 0.204007 3.141593 -0.000000 -2.356194 0.000000 0.000000 0.000000
0.220705 0.149579 0.205007 3.141593 -0.000000 -2.356194 0.000000 0.000000 0.000000
0.220705 0.149579 0.206007 3.141593 -0.000000 -2.356194 0.000000 0.000000 0.000000
