0.482311 -0.224749 0.025236 2.784725 0.041594 -2.507422 0.000000 0.000000 0.000000
0.483597 -0.223803 0.025303 2.785471 0.047809 -2.490718 0.000000 0.000000 0.000000
0.487140 -0.221104 0.025516 2.786581 0.055763 -2.469271 0.000000 0.000000 0.000000
0.492442 -0.216820 0.025762 2.789533 0.028620 -2.429632 0.000000 0.000000 0.000000
0.499016 -0.211140 0.025997 2.800802 0.028660 -2.393196 0.000000 0.000000 0.000000
0.506333 -0.204211 0.026008 2.783438 0.018363 -2.344070 0.000000 0.000000 0.000000
0.513915 -0.196257 0.025861 2.752297 0.006208 -2.282089 0.000000 0.000000 0.000000
0.521284 -0.187505 0.025614 2.736677 -0.034925 -2.189157 0.000000 0.000000 0.000000
0.528055 -0.178237 0.025550 2.718779 0.035361 -2.117077 0.000000 0.000000 0.000000
0.533657 -0.168610 0.025466 2.762701 0.032101 -1.977062 0.000000 0.000000 0.000000
0.537677 -0.158910 0.025451 2.775169 0.031327 -1.803803 0.000000 0.000000 0.000000
0.539830 -0.150061 0.025870 2.772875 0.082500 -1.720751 0.000000 0.000000 0.000000
0.541390 -0.139267 0.026590 2.796844 0.080088 -1.656496 0.000000 0.000000 0.000000
0.542313 -0.127085 0.027227 2.791973 0.057769 -1.605113 0.000000 0.000000 0.000000
0.542675 -0.114113 0.027747 2.794588 0.036942 -1.564479 0.000000 0.000000 0.000000
0.542468 -0.100943 0.027894 2.777066 0.000924 -1.524672 0.000000 0.000000 0.000000
0.541830 -0.088174 0.027777 2.801459 -0.009740 -1.495594 0.000000 0.000000 0.000000
0.540867 -0.076401 0.027449 2.794392 -0.026358 -1.464738 0.000000 0.000000 0.000000
0.539670 -0.066223 0.026866 2.819543 -0.054998 -1.423827 0.000000 0.000000 0.000000
0.538500 -0.058190 0.026477 2.806940 -0.041463 -1.358583 0.000000 0.000000 0.000000
0.537358 -0.052890 0.026252 2.804547 -0.007049 -1.260051 0.000000 0.000000 0.000000
0.532982 -0.039512 0.025934 2.817772 -0.009549 -1.161424 0.000000 0.000000 0.000000
0.527683 -0.027499 0.025573 2.789840 -0.006366 -1.073516 0.000000 0.000000 0.000000
0.521834 -0.016850 0.025332 2.783597 -0.002604 -0.993780 0.000000 0.000000 0.000000
0.515749 -0.007583 0.025183 2.782991 -0.002337 -0.920491 0.000000 0.000000 0.000000
0.509703 0.000255 0.024983 2.764705 -0.007395 -0.852906 0.000000 0.000000 0.000000
0.504058 0.006688 0.024867 2.800100 -0.011316 -0.795835 0.000000 0.000000 0.000000
0.499123 0.011696 0.024728 2.787143 -0.020222 -0.741647 0.000000 0.000000 0.000000
0.495213 0.015278 0.024621 2.786623 -0.004908 -0.700303 0.000000 0.000000 0.000000
0.492635 0.017426 0.024553 -2.795489 0.043092 2.455215 0.000000 0.000000 0.000000
