waypoint: 0.462687 -0.336079 0.0332072
waypoint: 0.465131 -0.333481 0.0336724
waypoint: 0.467375 -0.331096 0.0340951
waypoint: 0.46894 -0.329435 0.0344121
waypoint: 0.475425 -0.322561 0.0357982
waypoint: 0.475727 -0.322242 0.0358663
waypoint: 0.476702 -0.321212 0.0360997
waypoint: 0.481932 -0.315683 0.0373616
waypoint: 0.485635 -0.311775 0.038327
waypoint: 0.487816 -0.309474 0.0388957
waypoint: 0.494523 -0.302401 0.040684
waypoint: 0.495409 -0.301466 0.0409201
waypoint: 0.497026 -0.299766 0.0414051
waypoint: 0.505146 -0.291239 0.0439227
waypoint: 0.512631 -0.283405 0.0464563
waypoint: 0.513114 -0.2829 0.0466143
waypoint: 0.513487 -0.282504 0.0466856
waypoint: 0.514656 -0.28127 0.047068
waypoint: 0.523755 -0.271593 0.0494011
waypoint: 0.527142 -0.268078 0.0507177
waypoint: 0.531296 -0.263663 0.0511207
waypoint: 0.533716 -0.26113 0.051664
waypoint: 0.535754 -0.259027 0.0522726
waypoint: 0.540994 -0.253654 0.0541041
waypoint: 0.544848 -0.24967 0.0549918
waypoint: 0.548632 -0.245758 0.0558662
waypoint: 0.551726 -0.242557 0.0565547
waypoint: 0.557222 -0.236872 0.0577819
waypoint: 0.559751 -0.234254 0.0583258
waypoint: 0.565531 -0.228272 0.0595848
waypoint: 0.570306 -0.22333 0.0606187
waypoint: 0.571294 -0.222307 0.0608359
waypoint: 0.572661 -0.220892 0.0611289
waypoint: 0.579584 -0.213724 0.0625998
waypoint: 0.585774 -0.207312 0.063882
waypoint: 0.587273 -0.20576 0.0641891
waypoint: 0.590872 -0.202029 0.0648954
waypoint: 0.592164 -0.20069 0.0651503
waypoint: 0.592533 -0.200308 0.0652243
waypoint: 0.600724 -0.191821 0.0668962
waypoint: 0.603973 -0.188455 0.0675553
waypoint: 0.610114 -0.182088 0.068742
waypoint: 0.61593 -0.176058 0.0698531
waypoint: 0.616842 -0.175113 0.0700356
waypoint: 0.617206 -0.174736 0.0701044
waypoint: 0.62396 -0.16773 0.0713177
waypoint: 0.625654 -0.165975 0.0716381
waypoint: 0.630274 -0.161184 0.0725161
waypoint: 0.634878 -0.156406 0.0732609
waypoint: 0.637575 -0.153608 0.0737223
waypoint: 0.640679 -0.150386 0.0741986
waypoint: 0.647553 -0.143246 0.0752178
waypoint: 0.648007 -0.142775 0.0752822
waypoint: 0.648496 -0.142267 0.0753531
waypoint: 0.653889 -0.136666 0.0761569
waypoint: 0.655743 -0.134739 0.0764117
waypoint: 0.659912 -0.130406 0.0769664
waypoint: 0.664791 -0.125338 0.0776583
waypoint: 0.667046 -0.122992 0.0779386
waypoint: 0.669805 -0.120121 0.0782566
waypoint: 0.673808 -0.11595 0.0785136
waypoint: 0.676538 -0.113107 0.0784961
waypoint: 0.683719 -0.105664 0.079583
waypoint: 0.684899 -0.104439 0.0797368
waypoint: 0.688436 -0.100724 0.0796695
waypoint: 0.690163 -0.0989118 0.0796483
waypoint: 0.69088 -0.0981679 0.0797122
waypoint: 0.696598 -0.0922351 0.0802485
waypoint: 0.699755 -0.0889502 0.0804616
waypoint: 0.70249 -0.0860924 0.0805241
waypoint: 0.70886 -0.0794403 0.0806969
waypoint: 0.709614 -0.0786526 0.0807168
waypoint: 0.710314 -0.0779213 0.0807234
waypoint: 0.719171 -0.0686588 0.080795
waypoint: 0.722352 -0.0653321 0.0808134
waypoint: 0.727708 -0.0597279 0.0808158
waypoint: 0.729232 -0.0581355 0.0808411
waypoint: 0.733882 -0.0532712 0.0808526
waypoint: 0.734432 -0.0526954 0.080855
waypoint: 0.734759 -0.0523531 0.0808487
waypoint: 0.741005 -0.0458132 0.0807619
waypoint: 0.746181 -0.0403934 0.0806996
waypoint: 0.746534 -0.0400236 0.0806902
waypoint: 0.74735 -0.0391685 0.0806638
waypoint: 0.752657 -0.0336029 0.0804631
waypoint: 0.760925 -0.0249264 0.0800298
waypoint: 0.763709 -0.0220042 0.0798739
waypoint: 0.765399 -0.0202295 0.0797563
waypoint: 0.773664 -0.0115459 0.0791659
waypoint: 0.776639 -0.00842016 0.0789609
waypoint: 0.781093 -0.00373183 0.0785138
waypoint: 0.782533 -0.00221286 0.078315
waypoint: 0.788274 0.00383559 0.0776437
waypoint: 0.788755 0.00433971 0.0776278
waypoint: 0.792277 0.00803946 0.0771092
waypoint: 0.794331 0.0101965 0.0768346
waypoint: 0.795747 0.0116846 0.0766293
waypoint: 0.800073 0.016227 0.0760869
waypoint: 0.80073 0.0169167 0.0759802
waypoint: 0.805693 0.022129 0.0752169
waypoint: 0.807179 0.0236922 0.0749032
waypoint: 0.813082 0.0299 0.0736908
waypoint: 0.813321 0.0301521 0.0736295
waypoint: 0.816108 0.0330831 0.07301
waypoint: 0.819977 0.0371546 0.0721302
waypoint: 0.82038 0.0375785 0.0720442
waypoint: 0.826194 0.0437054 0.0705431
waypoint: 0.829127 0.0468342 0.0689476
waypoint: 0.832111 0.0500316 0.0677158
waypoint: 0.836907 0.0551232 0.0653141
waypoint: 0.839752 0.0581479 0.0641589
waypoint: 0.84098 0.0594555 0.0636403
waypoint: 0.844553 0.0632605 0.0621222
waypoint: 0.848183 0.067133 0.0604716
waypoint: 0.851276 0.0704435 0.0598325
waypoint: 0.855946 0.0751669 0.0570358
waypoint: 0.855946 0.0751669 0.0570358
waypoint: 0.855673 0.0753774 0.0570009
waypoint: 0.85094 0.0794755 0.057325
waypoint: 0.84796 0.0820668 0.0575552
waypoint: 0.842013 0.0872208 0.0579751
waypoint: 0.837724 0.0912696 0.0590661
waypoint: 0.835022 0.0937876 0.0596699
waypoint: 0.831773 0.0966229 0.0599031
waypoint: 0.829302 0.0987646 0.0600454
waypoint: 0.829302 0.0987646 0.0600454
waypoint: 0.828113 0.0975066 0.0606244
waypoint: 0.827477 0.0968353 0.0609134
waypoint: 0.820687 0.0896669 0.0639313
waypoint: 0.818487 0.0873464 0.064846
waypoint: 0.813929 0.0825435 0.0666519
waypoint: 0.81064 0.0790773 0.0679624
waypoint: 0.805994 0.0741849 0.0696851
waypoint: 0.804674 0.0727956 0.0701471
waypoint: 0.802423 0.0704265 0.0709418
waypoint: 0.799117 0.0669476 0.0720665
waypoint: 0.795594 0.0632509 0.0730817
waypoint: 0.79088 0.0583094 0.0743632
waypoint: 0.788286 0.0555874 0.0751078
waypoint: 0.785074 0.0522449 0.0757437
waypoint: 0.782583 0.0496459 0.0763112
waypoint: 0.781081 0.0480826 0.0766045
waypoint: 0.776514 0.0433325 0.0774081
waypoint: 0.776399 0.0432135 0.0774299
waypoint: 0.776236 0.0430439 0.0774531
waypoint: 0.769412 0.0359678 0.0785245
waypoint: 0.768108 0.0346171 0.0786871
waypoint: 0.761052 0.027305 0.0796488
waypoint: 0.759362 0.0255557 0.0798438
waypoint: 0.754634 0.0206681 0.0803026
waypoint: 0.750325 0.0162115 0.0807288
waypoint: 0.749454 0.0153122 0.0807999
waypoint: 0.747354 0.013144 0.0809492
waypoint: 0.743784 0.00945791 0.0811927
waypoint: 0.741925 0.00753839 0.0813192
waypoint: 0.734661 4.23068e-05 0.0817593
waypoint: 0.732504 -0.00218289 0.0818656
waypoint: 0.726451 -0.00842178 0.0821097
waypoint: 0.724447 -0.0104876 0.0821816
waypoint: 0.721813 -0.0131993 0.0822338
waypoint: 0.715586 -0.0196111 0.0823586
waypoint: 0.713143 -0.0221256 0.0823881
waypoint: 0.707746 -0.0276801 0.0824537
waypoint: 0.706849 -0.0286019 0.0824558
waypoint: 0.698525 -0.0371673 0.0825266
waypoint: 0.694659 -0.04114 0.0824383
waypoint: 0.690067 -0.0458582 0.0823594
waypoint: 0.686156 -0.0498782 0.0823094
waypoint: 0.679905 -0.0563021 0.0821939
waypoint: 0.679777 -0.0564338 0.082191
waypoint: 0.671591 -0.0648223 0.0816817
waypoint: 0.664327 -0.0722786 0.0813402
waypoint: 0.662003 -0.0746678 0.0812758
waypoint: 0.656342 -0.0804703 0.0808259
waypoint: 0.655579 -0.0812524 0.0807515
waypoint: 0.651796 -0.0851261 0.0803343
waypoint: 0.648624 -0.0883758 0.0800722
waypoint: 0.645395 -0.0916831 0.0797744
waypoint: 0.642455 -0.0946806 0.0792228
waypoint: 0.638826 -0.0983958 0.0787391
waypoint: 0.633401 -0.103975 0.0782499
waypoint: 0.63262 -0.10478 0.0782154
waypoint: 0.632015 -0.105402 0.07813
waypoint: 0.629784 -0.107695 0.0778223
waypoint: 0.62677 -0.110792 0.0774105
waypoint: 0.625718 -0.111874 0.0772781
waypoint: 0.619464 -0.118297 0.0763746
waypoint: 0.614743 -0.123147 0.0756981
waypoint: 0.614123 -0.123785 0.0756204
waypoint: 0.613651 -0.124269 0.0755527
waypoint: 0.611098 -0.126892 0.0751901
waypoint: 0.605288 -0.132865 0.0743948
waypoint: 0.603293 -0.134911 0.0740876
waypoint: 0.597964 -0.140382 0.0732822
waypoint: 0.595348 -0.143068 0.0728894
waypoint: 0.58996 -0.14859 0.0719856
waypoint: 0.586315 -0.152321 0.0713222
waypoint: 0.583765 -0.154933 0.0708626
waypoint: 0.578598 -0.160228 0.0699931
waypoint: 0.578198 -0.160638 0.0699198
waypoint: 0.576438 -0.162438 0.0695922
waypoint: 0.573149 -0.165805 0.0689881
waypoint: 0.571793 -0.167194 0.068748
waypoint: 0.566302 -0.172816 0.0677519
waypoint: 0.560507 -0.178744 0.0666646
waypoint: 0.559917 -0.179348 0.0665575
waypoint: 0.5565 -0.182841 0.0658944
waypoint: 0.553786 -0.185617 0.0653727
waypoint: 0.553515 -0.185894 0.0653222
waypoint: 0.552937 -0.186485 0.0652158
waypoint: 0.548477 -0.19105 0.0643853
waypoint: 0.546528 -0.193043 0.0640083
waypoint: 0.544019 -0.195607 0.0635215
waypoint: 0.540057 -0.199646 0.0626396
waypoint: 0.536848 -0.202922 0.061988
waypoint: 0.534459 -0.205355 0.0614486
waypoint: 0.529957 -0.209973 0.0607101
waypoint: 0.528713 -0.211247 0.0604824
waypoint: 0.525792 -0.214224 0.0598578
waypoint: 0.520595 -0.219517 0.058732
waypoint: 0.51739 -0.222777 0.0579924
waypoint: 0.515392 -0.224807 0.0575191
waypoint: 0.509963 -0.230331 0.0562979
waypoint: 0.508378 -0.231949 0.0559782
waypoint: 0.4983 -0.242148 0.053217
waypoint: 0.497556 -0.242898 0.0529908
waypoint: 0.494148 -0.246361 0.0521513
waypoint: 0.486873 -0.253759 0.0503931
waypoint: 0.485208 -0.255426 0.0498058
waypoint: 0.480859 -0.259809 0.0485265
waypoint: 0.478056 -0.262629 0.0476561
waypoint: 0.473308 -0.267417 0.0463185
waypoint: 0.470091 -0.270651 0.0453099
waypoint: 0.469235 -0.271511 0.045035
waypoint: 0.468237 -0.272522 0.0447752
waypoint: 0.462898 -0.277897 0.0431356
waypoint: 0.460415 -0.280411 0.0424992
waypoint: 0.457091 -0.283778 0.041662
waypoint: 0.45617 -0.284711 0.0414281
waypoint: 0.451603 -0.289338 0.0402675
waypoint: 0.446746 -0.294282 0.0392213
waypoint: 0.443725 -0.297358 0.0385713
waypoint: 0.443725 -0.297358 0.0385713
waypoint: 0.442169 -0.295487 0.0388462
waypoint: 0.441112 -0.294215 0.0390336
waypoint: 0.434956 -0.286773 0.0399625
waypoint: 0.434331 -0.286024 0.040083
waypoint: 0.432425 -0.28374 0.0404543
waypoint: 0.429165 -0.279841 0.0411174
waypoint: 0.427427 -0.277753 0.0414301
waypoint: 0.422285 -0.271552 0.0422585
waypoint: 0.420144 -0.268974 0.0426245
waypoint: 0.416284 -0.26434 0.0433361
waypoint: 0.416284 -0.26434 0.0433361
waypoint: 0.420191 -0.260354 0.0442351
waypoint: 0.421802 -0.258716 0.0446431
waypoint: 0.427572 -0.252839 0.0460437
waypoint: 0.429425 -0.250955 0.0465204
waypoint: 0.433547 -0.246766 0.0475935
waypoint: 0.436612 -0.243664 0.0485011
waypoint: 0.44072 -0.239518 0.049832
waypoint: 0.444758 -0.235432 0.0510125
waypoint: 0.450682 -0.22941 0.0522135
waypoint: 0.451721 -0.22836 0.0524939
waypoint: 0.459774 -0.220262 0.055219
waypoint: 0.460914 -0.219115 0.0556009
waypoint: 0.46105 -0.218975 0.0556275
waypoint: 0.465831 -0.214091 0.0566194
waypoint: 0.46959 -0.210303 0.0577306
waypoint: 0.473309 -0.206524 0.0585937
waypoint: 0.477425 -0.202334 0.0594841
waypoint: 0.482856 -0.196808 0.0606615
waypoint: 0.483519 -0.196132 0.0608003
waypoint: 0.485172 -0.19445 0.0611652
waypoint: 0.489354 -0.190197 0.0621005
waypoint: 0.491332 -0.188184 0.0625302
waypoint: 0.499014 -0.180363 0.0641605
waypoint: 0.501714 -0.177613 0.0647204
waypoint: 0.504623 -0.174649 0.0653093
waypoint: 0.51038 -0.168779 0.0664286
waypoint: 0.51382 -0.165274 0.0671233
waypoint: 0.518232 -0.160777 0.0679926
waypoint: 0.523927 -0.154968 0.0690793
waypoint: 0.526764 -0.152079 0.0696617
waypoint: 0.534427 -0.144268 0.0711794
waypoint: 0.536595 -0.142058 0.0716211
waypoint: 0.543459 -0.135063 0.0729873
waypoint: 0.548035 -0.130383 0.0737769
waypoint: 0.550925 -0.127432 0.0743177
waypoint: 0.55579 -0.122478 0.0753296
waypoint: 0.556448 -0.121802 0.0754274
waypoint: 0.562014 -0.11611 0.0763982
waypoint: 0.563439 -0.114655 0.0766613
waypoint: 0.565792 -0.11224 0.0770222
waypoint: 0.570131 -0.107789 0.0776982
waypoint: 0.575515 -0.102257 0.0784752
waypoint: 0.576705 -0.101033 0.0786401
waypoint: 0.581903 -0.0956536 0.0791575
waypoint: 0.583351 -0.0941555 0.0793015
waypoint: 0.583595 -0.0939036 0.0793299
waypoint: 0.588396 -0.088947 0.0798834
waypoint: 0.590604 -0.0866642 0.0801177
waypoint: 0.59421 -0.0829371 0.0805075
waypoint: 0.595967 -0.0811223 0.0807041
waypoint: 0.599975 -0.0769733 0.0810975
waypoint: 0.602884 -0.073961 0.0813727
waypoint: 0.606053 -0.0706717 0.0816226
waypoint: 0.610284 -0.0662906 0.0820343
waypoint: 0.612016 -0.0644949 0.0821879
waypoint: 0.619827 -0.0563904 0.0828181
waypoint: 0.621339 -0.0548178 0.0829044
waypoint: 0.625944 -0.0500324 0.0832215
waypoint: 0.625964 -0.0500115 0.0832229
waypoint: 0.625975 -0.0500003 0.0832237
waypoint: 0.633001 -0.0426821 0.0835221
waypoint: 0.636025 -0.0395324 0.0836421
waypoint: 0.639464 -0.0359458 0.0837273
waypoint: 0.6431 -0.0321593 0.0838833
waypoint: 0.648033 -0.0270149 0.0840126
waypoint: 0.648468 -0.0265596 0.084008
waypoint: 0.650055 -0.0249008 0.0840038
waypoint: 0.653764 -0.0210243 0.0839849
waypoint: 0.65453 -0.0202251 0.0839948
waypoint: 0.660319 -0.0141777 0.0840115
waypoint: 0.66347 -0.0108844 0.0839954
waypoint: 0.666298 -0.00792812 0.0839579
waypoint: 0.667799 -0.00635987 0.0839608
waypoint: 0.672296 -0.00165928 0.0838957
waypoint: 0.678372 0.00469424 0.0837659
waypoint: 0.681297 0.00775289 0.0837089
waypoint: 0.687406 0.014143 0.0835103
waypoint: 0.69146 0.0183836 0.083387
waypoint: 0.698204 0.0254394 0.082938
waypoint: 0.699114 0.026392 0.0828883
waypoint: 0.699916 0.0272294 0.0828734
waypoint: 0.704267 0.0317734 0.082799
waypoint: 0.711223 0.0390416 0.0826086
waypoint: 0.711469 0.0392993 0.0825975
waypoint: 0.711745 0.0395881 0.0825791
waypoint: 0.720815 0.0490817 0.0819252
waypoint: 0.72299 0.051359 0.0817592
waypoint: 0.729216 0.0578818 0.0811405
waypoint: 0.73037 0.0590902 0.0810272
waypoint: 0.731076 0.0598302 0.0809479
waypoint: 0.735568 0.0645396 0.0804236
waypoint: 0.737906 0.0669916 0.0801314
waypoint: 0.742759 0.0720835 0.0794546
waypoint: 0.744884 0.0743149 0.0791166
waypoint: 0.748771 0.0783998 0.078427
waypoint: 0.751239 0.0809955 0.0779173
waypoint: 0.755501 0.0854813 0.0769995
waypoint: 0.75596 0.0859648 0.0768951
waypoint: 0.760547 0.0908044 0.07568
waypoint: 0.762287 0.0926391 0.0752334
waypoint: 0.764279 0.0947499 0.0745129
waypoint: 0.767419 0.0980631 0.073568
waypoint: 0.76871 0.09943 0.073122
waypoint: 0.775541 0.106679 0.0705666
waypoint: 0.779152 0.110519 0.0690865
waypoint: 0.780177 0.111612 0.068614
waypoint: 0.78593 0.117737 0.0662436
waypoint: 0.787464 0.119371 0.0656311
waypoint: 0.79396 0.126299 0.0626907
waypoint: 0.794455 0.126826 0.0624641
waypoint: 0.794982 0.127389 0.0622007
waypoint: 0.800199 0.132963 0.0596007
waypoint: 0.800199 0.132963 0.0596007
waypoint: 0.797511 0.134963 0.0598377
waypoint: 0.794652 0.137094 0.0600984
waypoint: 0.790157 0.140414 0.0604355
waypoint: 0.786626 0.14278 0.0601004
waypoint: 0.784501 0.144337 0.0601779
waypoint: 0.77942 0.148502 0.0611564
waypoint: 0.778281 0.149442 0.0613884
waypoint: 0.77221 0.154047 0.061778
waypoint: 0.76512 0.159435 0.062257
waypoint: 0.76512 0.159435 0.062257
waypoint: 0.764759 0.159061 0.0624476
waypoint: 0.756912 0.150927 0.0663121
waypoint: 0.754667 0.148602 0.0673331
waypoint: 0.751922 0.145762 0.0685031
waypoint: 0.74718 0.140857 0.0704597
waypoint: 0.741961 0.135467 0.0724096
waypoint: 0.740533 0.133992 0.0729518
waypoint: 0.738045 0.131422 0.0738449
waypoint: 0.735248 0.128535 0.0748443
waypoint: 0.733506 0.126739 0.0753497
waypoint: 0.729311 0.122414 0.0765878
waypoint: 0.726165 0.119172 0.0774376
waypoint: 0.723498 0.116423 0.0781569
waypoint: 0.718172 0.110943 0.0791916
waypoint: 0.717189 0.109932 0.0793889
waypoint: 0.716365 0.109084 0.0795373
waypoint: 0.711308 0.10388 0.0805499
waypoint: 0.707829 0.100305 0.0810987
waypoint: 0.70612 0.0985513 0.0813401
waypoint: 0.704632 0.0970244 0.08152
waypoint: 0.700417 0.0927009 0.0820426
waypoint: 0.695189 0.0873514 0.0822682
waypoint: 0.692508 0.0846049 0.0826206
waypoint: 0.689624 0.0816467 0.0831094
waypoint: 0.687106 0.079079 0.0833091
waypoint: 0.681266 0.0731269 0.0836835
waypoint: 0.673373 0.0650871 0.0841196
waypoint: 0.672406 0.0641026 0.0841714
waypoint: 0.671768 0.0634524 0.0841985
waypoint: 0.670011 0.0616664 0.08423
waypoint: 0.664303 0.0558564 0.0844233
waypoint: 0.661517 0.0530145 0.0845883
waypoint: 0.65778 0.0491969 0.0848811
waypoint: 0.650007 0.0412764 0.0852116
waypoint: 0.64997 0.0412384 0.0852134
waypoint: 0.649926 0.0411941 0.0852154
waypoint: 0.649777 0.0410418 0.0852228
waypoint: 0.643536 0.0346774 0.085561
waypoint: 0.641869 0.0329795 0.0856203
waypoint: 0.636317 0.0273212 0.0858824
waypoint: 0.63324 0.0241824 0.0860667
waypoint: 0.630693 0.0215874 0.0861838
waypoint: 0.626387 0.0171852 0.0865329
waypoint: 0.620922 0.0116206 0.0867654
waypoint: 0.619103 0.0097726 0.0868073
waypoint: 0.612001 0.00255054 0.0870416
waypoint: 0.608914 -0.000613849 0.0873627
waypoint: 0.607276 -0.00227649 0.087417
waypoint: 0.601144 -0.00849597 0.087588
waypoint: 0.598405 -0.0112668 0.0876102
waypoint: 0.594541 -0.0151666 0.0875869
waypoint: 0.59049 -0.0192473 0.0875127
waypoint: 0.586505 -0.0232548 0.087395
waypoint: 0.582547 -0.0272517 0.0873914
waypoint: 0.579012 -0.0307911 0.0872125
waypoint: 0.575996 -0.0337977 0.0869925
waypoint: 0.572823 -0.0369674 0.0867917
waypoint: 0.569666 -0.0401095 0.0865381
waypoint: 0.566385 -0.0433952 0.086387
waypoint: 0.564677 -0.045095 0.0862455
waypoint: 0.561061 -0.0486931 0.0859296
waypoint: 0.558449 -0.0512871 0.0856609
waypoint: 0.557112 -0.0526092 0.0854851
waypoint: 0.549842 -0.0598137 0.0846407
waypoint: 0.547462 -0.0621568 0.0842314
waypoint: 0.544283 -0.0652976 0.0837855
waypoint: 0.539585 -0.0699396 0.083138
waypoint: 0.537779 -0.0717186 0.0828331
waypoint: 0.533081 -0.0763413 0.0819922
waypoint: 0.530391 -0.078985 0.0814826
waypoint: 0.52833 -0.0810116 0.0810935
waypoint: 0.524529 -0.084751 0.0804083
waypoint: 0.523444 -0.0858165 0.0801885
waypoint: 0.523444 -0.0858165 0.0801885
waypoint: 0.523858 -0.084414 0.080427
waypoint: 0.525447 -0.0790313 0.0812482
waypoint: 0.525875 -0.077583 0.0814759
waypoint: 0.527735 -0.0712859 0.0824616
waypoint: 0.527838 -0.0709367 0.0825129
waypoint: 0.530459 -0.0620617 0.0837843
waypoint: 0.531099 -0.0598929 0.0841168
waypoint: 0.534109 -0.0496979 0.0855528
waypoint: 0.534349 -0.0488866 0.0856589
waypoint: 0.536132 -0.0428443 0.0864763
waypoint: 0.537742 -0.0373903 0.0872108
waypoint: 0.538016 -0.0364631 0.0873214
waypoint: 0.538219 -0.0357763 0.0874202
waypoint: 0.541101 -0.0260253 0.0887914
waypoint: 0.542952 -0.0197531 0.089565
waypoint: 0.543595 -0.0175643 0.0897879
waypoint: 0.544552 -0.0143338 0.0902541
waypoint: 0.544681 -0.0139003 0.0903128
waypoint: 0.544681 -0.0139003 0.0903128
waypoint: 0.547913 -0.0110182 0.0907092
waypoint: 0.548753 -0.0102625 0.0907618
waypoint: 0.553524 -0.00596473 0.0910289
waypoint: 0.558773 -0.00126066 0.0914847
waypoint: 0.559854 -0.000296189 0.0916089
waypoint: 0.562498 0.0020888 0.0917462
waypoint: 0.566666 0.00587628 0.0918121
waypoint: 0.578603 0.0167968 0.0916307
waypoint: 0.579453 0.0175725 0.0916264
waypoint: 0.579807 0.0179013 0.0915931
waypoint: 0.585268 0.0229415 0.0912359
waypoint: 0.589134 0.0264928 0.0910611
waypoint: 0.59209 0.0292208 0.0908621
waypoint: 0.593973 0.0309678 0.0906799
waypoint: 0.598717 0.0353612 0.090267
waypoint: 0.599334 0.0359344 0.0902026
waypoint: 0.607162 0.0432038 0.0894056
waypoint: 0.613144 0.0487561 0.0888132
waypoint: 0.613341 0.0489402 0.0887882
waypoint: 0.613787 0.0493539 0.0887497
waypoint: 0.621036 0.0560822 0.0880756
waypoint: 0.625851 0.0605571 0.0875806
waypoint: 0.629887 0.0643251 0.0870478
waypoint: 0.634879 0.0689335 0.0866987
waypoint: 0.637081 0.0709561 0.0866159
waypoint: 0.638265 0.0720474 0.0865391
waypoint: 0.646044 0.0792209 0.0859497
waypoint: 0.650101 0.0829631 0.0856267
waypoint: 0.659052 0.0912179 0.0849502
waypoint: 0.659358 0.0914997 0.0849282
waypoint: 0.659516 0.091646 0.0849145
waypoint: 0.664945 0.0966569 0.0844279
waypoint: 0.668354 0.0998095 0.0840235
waypoint: 0.670344 0.101648 0.0838398
waypoint: 0.672947 0.104051 0.0836299
waypoint: 0.677242 0.108016 0.0832831
waypoint: 0.67973 0.110313 0.0831009
waypoint: 0.686385 0.116468 0.0822957
waypoint: 0.687311 0.117324 0.0821667
waypoint: 0.692223 0.121871 0.081381
waypoint: 0.693821 0.123351 0.0811009
waypoint: 0.699002 0.128152 0.0801056
waypoint: 0.703219 0.132063 0.0791588
waypoint: 0.708242 0.136722 0.0779818
waypoint: 0.711497 0.139745 0.0770885
waypoint: 0.714282 0.142331 0.0763246
waypoint: 0.71616 0.144077 0.0757008
waypoint: 0.722344 0.149826 0.0737176
waypoint: 0.728128 0.155205 0.0717446
waypoint: 0.730568 0.157474 0.0708744
waypoint: 0.734325 0.160966 0.0693904
waypoint: 0.738526 0.164871 0.067601
waypoint: 0.74283 0.168872 0.065706
waypoint: 0.747999 0.173676 0.0632476
waypoint: 0.748495 0.174137 0.0630193
waypoint: 0.748844 0.174462 0.0628507
waypoint: 0.750325 0.175838 0.0621021
waypoint: 0.758138 0.183098 0.0581856
waypoint: 0.759783 0.184625 0.0573207
waypoint: 0.759783 0.184625 0.0573207
waypoint: 0.753365 0.191214 0.0573029
waypoint: 0.748394 0.196087 0.0568819
waypoint: 0.747347 0.197149 0.0568599
waypoint: 0.743218 0.201481 0.0570741
waypoint: 0.740115 0.204751 0.0572613
waypoint: 0.73915 0.205737 0.0572641
waypoint: 0.732531 0.212467 0.057228
waypoint: 0.728269 0.216819 0.0572366
waypoint: 0.725074 0.220073 0.0572283
waypoint: 0.723639 0.221548 0.0572473
waypoint: 0.718062 0.227256 0.0572831
waypoint: 0.714754 0.230648 0.0573169
waypoint: 0.714754 0.230648 0.0573169
waypoint: 0.712286 0.228047 0.0587391
waypoint: 0.707621 0.223133 0.0612343
waypoint: 0.704702 0.220054 0.0629112
waypoint: 0.70118 0.216335 0.0649963
waypoint: 0.698699 0.213723 0.0662369
waypoint: 0.694259 0.209049 0.0685257
waypoint: 0.691737 0.206396 0.0697721
waypoint: 0.690313 0.204899 0.0704126
waypoint: 0.684973 0.19929 0.0728099
waypoint: 0.683773 0.198031 0.0733084
waypoint: 0.678496 0.192499 0.0754651
waypoint: 0.675885 0.18977 0.0763824
waypoint: 0.670119 0.183747 0.0783616
waypoint: 0.668147 0.181688 0.0790247
waypoint: 0.667349 0.180856 0.0792828
waypoint: 0.660553 0.173784 0.0812317
waypoint: 0.657765 0.170892 0.0819242
waypoint: 0.655102 0.168134 0.0825361
waypoint: 0.651898 0.164811 0.0833252
waypoint: 0.646243 0.158965 0.0844356
waypoint: 0.644542 0.157206 0.0847844
waypoint: 0.641647 0.154214 0.0853704
waypoint: 0.63651 0.148888 0.0865567
waypoint: 0.634454 0.146772 0.0869067
waypoint: 0.631204 0.143435 0.0873882
waypoint: 0.624007 0.136015 0.0887077
waypoint: 0.621783 0.133731 0.0890521
waypoint: 0.618614 0.13047 0.0895844
waypoint: 0.615495 0.127254 0.0901441
waypoint: 0.612731 0.124407 0.0906291
waypoint: 0.60782 0.119359 0.0914269
waypoint: 0.603002 0.114394 0.0922771
waypoint: 0.599242 0.110513 0.0929672
waypoint: 0.594036 0.105153 0.0938594
waypoint: 0.592318 0.10338 0.0941731
waypoint: 0.591175 0.1022 0.094384
waypoint: 0.583223 0.094049 0.0956015
waypoint: 0.581566 0.0923529 0.0958481
waypoint: 0.575068 0.0857501 0.0966045
waypoint: 0.573205 0.083858 0.0968203
waypoint: 0.571407 0.082036 0.0970101
waypoint: 0.565442 0.0759702 0.0977301
waypoint: 0.561817 0.072333 0.0979413
waypoint: 0.556711 0.0671909 0.0983273
waypoint: 0.548334 0.0588467 0.0985624
waypoint: 0.546937 0.0574481 0.0986352
waypoint: 0.546384 0.0568978 0.0986469
waypoint: 0.545735 0.0562614 0.0986151
waypoint: 0.542905 0.0534834 0.0984825
waypoint: 0.538813 0.0494412 0.0984138
waypoint: 0.538813 0.0494412 0.0984138
waypoint: 0.536923 0.0574379 0.0994439
waypoint: 0.536624 0.0587002 0.0995933
waypoint: 0.536576 0.0589032 0.099623
waypoint: 0.536408 0.0596164 0.0997442
waypoint: 0.534101 0.0693752 0.101189
waypoint: 0.533063 0.0737196 0.101693
waypoint: 0.531903 0.0785986 0.102331
waypoint: 0.530127 0.0860509 0.103248
waypoint: 0.529501 0.0886824 0.103578
waypoint: 0.528337 0.0935454 0.104122
waypoint: 0.526914 0.0994828 0.10477
waypoint: 0.525839 0.103985 0.105303
waypoint: 0.523511 0.113663 0.106239
waypoint: 0.522948 0.11601 0.106478
waypoint: 0.521563 0.12178 0.107083
waypoint: 0.521563 0.12178 0.107083
waypoint: 0.523628 0.123486 0.107039
waypoint: 0.527717 0.126862 0.106968
waypoint: 0.532631 0.131006 0.106328
waypoint: 0.534726 0.132764 0.106105
waypoint: 0.53743 0.135023 0.105884
waypoint: 0.54259 0.139333 0.105455
waypoint: 0.547905 0.143852 0.104588
waypoint: 0.550514 0.14608 0.104112
waypoint: 0.551952 0.147319 0.10379
waypoint: 0.559459 0.153783 0.102126
waypoint: 0.567159 0.160458 0.100181
waypoint: 0.567514 0.160766 0.100088
waypoint: 0.567737 0.16096 0.100029
waypoint: 0.578173 0.170087 0.0969499
waypoint: 0.580817 0.17239 0.0962303
waypoint: 0.587897 0.17856 0.0942809
waypoint: 0.591797 0.181965 0.0931651
waypoint: 0.593012 0.183027 0.092798
waypoint: 0.596854 0.186378 0.0917318
waypoint: 0.600297 0.189378 0.0907932
waypoint: 0.604247 0.192826 0.0896753
waypoint: 0.607891 0.195998 0.0887232
waypoint: 0.616992 0.203933 0.0862002
waypoint: 0.618135 0.204928 0.0858971
waypoint: 0.628858 0.21429 0.0826691
waypoint: 0.62982 0.215129 0.0823839
waypoint: 0.631512 0.216608 0.0818203
waypoint: 0.636614 0.221067 0.0801376
waypoint: 0.638801 0.22298 0.0793143
waypoint: 0.64393 0.227468 0.07737
waypoint: 0.645137 0.228525 0.0769123
waypoint: 0.647185 0.230317 0.0760446
waypoint: 0.653665 0.23599 0.0732669
waypoint: 0.662725 0.243928 0.069029
waypoint: 0.663943 0.244995 0.0684589
waypoint: 0.664467 0.245453 0.0682003
waypoint: 0.667543 0.24815 0.066624
waypoint: 0.67393 0.253747 0.0633487
waypoint: 0.675636 0.255242 0.0624703
waypoint: 0.679725 0.258826 0.0602869
waypoint: 0.679725 0.258826 0.0602869
waypoint: 0.677493 0.26156 0.0602368
waypoint: 0.672806 0.26732 0.0601615
waypoint: 0.669784 0.271001 0.0600608
waypoint: 0.665118 0.276666 0.05988
waypoint: 0.660622 0.282122 0.0597017
waypoint: 0.658641 0.284522 0.0596174
waypoint: 0.654316 0.289678 0.0593067
waypoint: 0.651904 0.292569 0.0591549
waypoint: 0.648252 0.296952 0.0589344
waypoint: 0.648252 0.296952 0.0589344
waypoint: 0.646785 0.295428 0.0598409
waypoint: 0.643789 0.292314 0.0615706
waypoint: 0.636757 0.285011 0.0657983
waypoint: 0.635408 0.28361 0.0666874
waypoint: 0.633571 0.281705 0.0677278
waypoint: 0.630488 0.27851 0.0693984
waypoint: 0.622987 0.270735 0.0734269
waypoint: 0.622881 0.270625 0.0734838
waypoint: 0.622795 0.270536 0.073528
waypoint: 0.618352 0.265933 0.0758012
waypoint: 0.616591 0.264111 0.0766435
waypoint: 0.610906 0.258227 0.0794024
waypoint: 0.610855 0.258175 0.079425
waypoint: 0.60496 0.252081 0.0820957
waypoint: 0.602749 0.249801 0.083016
waypoint: 0.598239 0.245154 0.0847835
waypoint: 0.596292 0.243142 0.0857445
waypoint: 0.586827 0.233426 0.0894093
waypoint: 0.586221 0.232805 0.0896429
waypoint: 0.586016 0.232595 0.0897168
waypoint: 0.580164 0.226588 0.0919576
waypoint: 0.575255 0.221564 0.0937321
waypoint: 0.574205 0.220483 0.0941525
waypoint: 0.572867 0.219112 0.0946502
waypoint: 0.566388 0.212486 0.0969811
waypoint: 0.560396 0.206377 0.0990239
waypoint: 0.559217 0.20517 0.0994599
waypoint: 0.558303 0.204236 0.0997833
waypoint: 0.554926 0.200746 0.10119
waypoint: 0.550038 0.195707 0.103171
waypoint: 0.548537 0.194183 0.103659
waypoint: 0.5436 0.189181 0.105222
waypoint: 0.540782 0.18635 0.105993
waypoint: 0.536512 0.182052 0.107203
waypoint: 0.529597 0.175187 0.1087
waypoint: 0.527884 0.173488 0.109058
waypoint: 0.526761 0.17238 0.109268
waypoint: 0.523132 0.168823 0.109813
waypoint: 0.519341 0.165132 0.110258
waypoint: 0.515688 0.161598 0.110556
waypoint: 0.515688 0.161598 0.110556
waypoint: 0.511204 0.169972 0.11161
waypoint: 0.509967 0.172276 0.111856
waypoint: 0.507889 0.176151 0.112319
waypoint: 0.505344 0.180887 0.112821
waypoint: 0.504378 0.182687 0.113026
waypoint: 0.499482 0.191784 0.113918
waypoint: 0.497516 0.19543 0.11423
waypoint: 0.494418 0.2012 0.114891
waypoint: 0.492786 0.204225 0.115158
waypoint: 0.48997 0.20943 0.115539
waypoint: 0.488556 0.212024 0.115634
waypoint: 0.488556 0.212024 0.115634
waypoint: 0.491587 0.214888 0.115278
waypoint: 0.494193 0.217338 0.115111
waypoint: 0.498645 0.221583 0.114307
waypoint: 0.500127 0.222998 0.114028
waypoint: 0.505734 0.228407 0.112608
waypoint: 0.508624 0.231221 0.111716
waypoint: 0.516131 0.238555 0.109273
waypoint: 0.522768 0.245232 0.106211
waypoint: 0.523939 0.246416 0.105637
waypoint: 0.52674 0.249227 0.10441
waypoint: 0.530944 0.253444 0.102583
waypoint: 0.53251 0.255026 0.101826
waypoint: 0.537001 0.259581 0.0994925
waypoint: 0.54079 0.263422 0.0975643
waypoint: 0.544768 0.267452 0.0955371
waypoint: 0.546314 0.269018 0.0947709
waypoint: 0.554765 0.277584 0.0904353
waypoint: 0.55801 0.280874 0.0887519
waypoint: 0.560899 0.283804 0.0872444
waypoint: 0.566996 0.289985 0.084103
waypoint: 0.567595 0.290593 0.0837985
waypoint: 0.567838 0.290839 0.0836766
waypoint: 0.568245 0.291252 0.0834496
waypoint: 0.575479 0.2986 0.0794101
waypoint: 0.582701 0.305939 0.0753075
waypoint: 0.583135 0.306381 0.0750534
waypoint: 0.583424 0.306674 0.0748733
waypoint: 0.583943 0.307202 0.0745532
waypoint: 0.591098 0.314482 0.070174
waypoint: 0.592812 0.316225 0.0690691
waypoint: 0.598791 0.322306 0.0652088
waypoint: 0.601646 0.325209 0.0633641
waypoint: 0.602711 0.326293 0.062664
waypoint: 0.607274 0.33093 0.0595149
waypoint: 0.610767 0.334482 0.0572015
waypoint: 0.611136 0.334858 0.0569605
waypoint: 0.611136 0.334858 0.0569605
waypoint: 0.60709 0.338323 0.0569625
waypoint: 0.599069 0.345353 0.0572317
waypoint: 0.598315 0.346019 0.0572648
waypoint: 0.597777 0.346489 0.057282
waypoint: 0.59035 0.352892 0.0573656
waypoint: 0.585658 0.357045 0.0575829
waypoint: 0.584569 0.357984 0.0575969
waypoint: 0.58001 0.36197 0.0577325
waypoint: 0.576162 0.364977 0.0573628
waypoint: 0.573755 0.367035 0.0573416
waypoint: 0.571433 0.369253 0.0575964
waypoint: 0.571433 0.369253 0.0575964
waypoint: 0.568577 0.366146 0.0601752
waypoint: 0.568195 0.365734 0.0604814
waypoint: 0.561604 0.358616 0.0651838
waypoint: 0.56014 0.357034 0.0662387
waypoint: 0.559383 0.356216 0.0667798
waypoint: 0.556177 0.352754 0.0690436
waypoint: 0.551661 0.347879 0.0722337
waypoint: 0.547794 0.343707 0.074855
waypoint: 0.545274 0.340989 0.0765539
waypoint: 0.543024 0.338564 0.078034
waypoint: 0.535049 0.329973 0.0831637
waypoint: 0.534666 0.329561 0.083411
waypoint: 0.534318 0.329186 0.0836299
waypoint: 0.530256 0.324811 0.0862218
waypoint: 0.526116 0.320362 0.0887116
waypoint: 0.525476 0.319674 0.0891056
waypoint: 0.525051 0.319217 0.0893736
waypoint: 0.521851 0.315768 0.0914835
waypoint: 0.516249 0.309753 0.0948286
waypoint: 0.513628 0.306938 0.0964214
waypoint: 0.511707 0.304869 0.0976504
waypoint: 0.509636 0.302638 0.0989781
waypoint: 0.506059 0.298793 0.101195
waypoint: 0.503565 0.296118 0.102683
waypoint: 0.500574 0.292903 0.104532
waypoint: 0.49716 0.289258 0.10642
waypoint: 0.492691 0.284482 0.108947
waypoint: 0.484517 0.275847 0.112647
waypoint: 0.483591 0.27487 0.113053
waypoint: 0.482645 0.27388 0.113392
waypoint: 0.477106 0.268073 0.115528
waypoint: 0.474877 0.265751 0.116188
waypoint: 0.468765 0.259412 0.117746
waypoint: 0.464414 0.254947 0.118435
waypoint: 0.464414 0.254947 0.118435
waypoint: 0.462444 0.25841 0.118565
waypoint: 0.458694 0.265007 0.11883
waypoint: 0.456751 0.268411 0.11892
waypoint: 0.453189 0.274642 0.119037
waypoint: 0.451641 0.277302 0.118931
waypoint: 0.448736 0.282472 0.119224
waypoint: 0.447128 0.285304 0.119298
waypoint: 0.442051 0.294117 0.119064
waypoint: 0.442006 0.294194 0.119064
waypoint: 0.438567 0.300163 0.118914
waypoint: 0.43711 0.30271 0.118904
waypoint: 0.43711 0.30271 0.118904
waypoint: 0.437715 0.303403 0.118737
waypoint: 0.44438 0.3111 0.116225
waypoint: 0.44543 0.31231 0.115866
waypoint: 0.446268 0.313282 0.115517
waypoint: 0.448866 0.316285 0.114533
waypoint: 0.45266 0.320726 0.112486
waypoint: 0.452833 0.320929 0.11239
waypoint: 0.456388 0.325096 0.110386
waypoint: 0.458951 0.328105 0.108886
waypoint: 0.464093 0.334145 0.105823
waypoint: 0.464408 0.334516 0.105616
waypoint: 0.471008 0.342314 0.101081
waypoint: 0.472775 0.344393 0.0999335
waypoint: 0.476814 0.349166 0.0971298
waypoint: 0.481402 0.354592 0.0938978
waypoint: 0.488654 0.363166 0.0888304
waypoint: 0.489143 0.363744 0.0884863
waypoint: 0.492879 0.368167 0.0857971
waypoint: 0.496006 0.371868 0.0835427
waypoint: 0.496451 0.372395 0.0832295
waypoint: 0.502691 0.379787 0.0786429
waypoint: 0.50726 0.385273 0.0744498
waypoint: 0.50866 0.386941 0.073255
waypoint: 0.511003 0.3897 0.0714752
waypoint: 0.515989 0.39556 0.0678548
waypoint: 0.516794 0.396508 0.0671883
waypoint: 0.519456 0.399645 0.06489
waypoint: 0.522797 0.403581 0.0620505
waypoint: 0.525758 0.407074 0.0593744
waypoint: 0.528893 0.41077 0.0565248
waypoint: 0.531694 0.414074 0.0538297
waypoint: 0.531694 0.414074 0.0538297
waypoint: 0.531101 0.414426 0.0539067
waypoint: 0.523398 0.419025 0.054957
waypoint: 0.520415 0.420788 0.055337
waypoint: 0.510201 0.426854 0.0566802
waypoint: 0.509163 0.427469 0.0568149
waypoint: 0.500083 0.432939 0.0581316
waypoint: 0.497341 0.434583 0.0585164
waypoint: 0.489554 0.439273 0.0596435
waypoint: 0.484355 0.442269 0.060175
waypoint: 0.484355 0.442269 0.060175
waypoint: 0.482543 0.439641 0.0619237
waypoint: 0.479188 0.434734 0.0656599
waypoint: 0.477586 0.432406 0.0673145
waypoint: 0.472548 0.425093 0.0724015
waypoint: 0.471121 0.423025 0.0738198
waypoint: 0.466874 0.416873 0.0779887
waypoint: 0.465762 0.415268 0.0790295
waypoint: 0.463837 0.412494 0.0807868
waypoint: 0.460993 0.408391 0.0834165
waypoint: 0.45938 0.406068 0.0848782
waypoint: 0.45639 0.401774 0.0874827
waypoint: 0.4525 0.396207 0.0907132
waypoint: 0.449209 0.391502 0.0933944
waypoint: 0.444266 0.384443 0.0973714
waypoint: 0.443611 0.38351 0.0978927
waypoint: 0.442431 0.381835 0.0987444
waypoint: 0.43467 0.37082 0.104346
waypoint: 0.430565 0.364994 0.107323
waypoint: 0.426108 0.358676 0.11045
waypoint: 0.424678 0.356652 0.111419
waypoint: 0.422807 0.354018 0.112507
waypoint: 0.419435 0.349264 0.114562
waypoint: 0.416721 0.34546 0.115934
waypoint: 0.412285 0.33926 0.117899
waypoint: 0.411104 0.337616 0.118363
waypoint: 0.409636 0.335585 0.118855
waypoint: 0.40586 0.330369 0.120027
waypoint: 0.40586 0.330369 0.120027
waypoint: 0.401617 0.333004 0.120256
waypoint: 0.400476 0.333713 0.120323
waypoint: 0.399858 0.334096 0.120349
waypoint: 0.398151 0.335148 0.120408
waypoint: 0.394813 0.33719 0.120457
waypoint: 0.393661 0.337918 0.120568
waypoint: 0.391711 0.339112 0.120576
waypoint: 0.387521 0.341694 0.120663
waypoint: 0.384423 0.343604 0.120729
waypoint: 0.381137 0.345675 0.121009
waypoint: 0.374345 0.34984 0.121002
waypoint: 0.373106 0.350595 0.120974
waypoint: 0.366862 0.354433 0.120995
waypoint: 0.359955 0.35868 0.121027
waypoint: 0.359955 0.35868 0.121027
waypoint: 0.36061 0.359529 0.120812
waypoint: 0.360764 0.359729 0.120764
waypoint: 0.361337 0.360471 0.120636
waypoint: 0.365445 0.365799 0.119609
waypoint: 0.367187 0.36805 0.119074
waypoint: 0.368339 0.369545 0.118776
waypoint: 0.375549 0.378848 0.116049
waypoint: 0.377016 0.38074 0.115431
waypoint: 0.381423 0.386418 0.1133
waypoint: 0.382456 0.38775 0.112804
waypoint: 0.388151 0.395091 0.109293
waypoint: 0.388568 0.395628 0.109048
waypoint: 0.389243 0.396498 0.108638
waypoint: 0.393771 0.402332 0.106046
waypoint: 0.397897 0.407651 0.103244
waypoint: 0.399479 0.409691 0.102172
waypoint: 0.403919 0.415413 0.0991622
waypoint: 0.406222 0.418381 0.0975567
waypoint: 0.40957 0.422695 0.0950745
waypoint: 0.411853 0.425636 0.0933232
waypoint: 0.415421 0.430232 0.0905409
waypoint: 0.417855 0.433366 0.0886954
waypoint: 0.420183 0.436367 0.0868502
waypoint: 0.423536 0.440693 0.0840757
waypoint: 0.427573 0.4459 0.0807523
waypoint: 0.430146 0.449221 0.0785531
waypoint: 0.437998 0.45937 0.071478
waypoint: 0.438366 0.459844 0.0711433
waypoint: 0.438935 0.460582 0.0705954
waypoint: 0.442879 0.465724 0.0663162
waypoint: 0.445173 0.468722 0.0637731
waypoint: 0.446959 0.471018 0.0620557
waypoint: 0.449596 0.474374 0.0599373
waypoint: 0.451201 0.476419 0.0582866
waypoint: 0.451201 0.476419 0.0582866
waypoint: 0.450471 0.477424 0.058097
waypoint: 0.448887 0.479585 0.0576668
waypoint: 0.445391 0.48438 0.056741
waypoint: 0.442966 0.487722 0.0561107
waypoint: 0.440728 0.49079 0.0555169
waypoint: 0.436935 0.495873 0.0544149
waypoint: 0.432794 0.501298 0.0531089
waypoint: 0.431143 0.503563 0.0526764
waypoint: 0.425909 0.510755 0.0513114
waypoint: 0.424288 0.512999 0.0509023
waypoint: 0.423956 0.513427 0.0507927
waypoint: 0.423956 0.513427 0.0507927
waypoint: 0.417877 0.506272 0.056962
waypoint: 0.417011 0.505254 0.0578784
waypoint: 0.41566 0.503665 0.0592188
waypoint: 0.411474 0.498735 0.0633291
waypoint: 0.408767 0.495544 0.0658763
waypoint: 0.407859 0.494474 0.0667356
waypoint: 0.406009 0.492287 0.0682459
waypoint: 0.402357 0.487965 0.0711247
waypoint: 0.398537 0.483464 0.0745342
waypoint: 0.396551 0.481125 0.0763378
waypoint: 0.394494 0.47869 0.0779713
waypoint: 0.391361 0.474981 0.0804495
waypoint: 0.388086 0.471106 0.0830421
waypoint: 0.386454 0.469172 0.0842954
waypoint: 0.382825 0.464865 0.0868477
waypoint: 0.38048 0.462084 0.0885629
waypoint: 0.377462 0.458497 0.0906362
waypoint: 0.372899 0.453065 0.0936242
waypoint: 0.372109 0.452124 0.0941436
waypoint: 0.369372 0.448866 0.095942
waypoint: 0.36746 0.446578 0.097055
waypoint: 0.362871 0.441123 0.10008
waypoint: 0.362526 0.440712 0.100305
waypoint: 0.361968 0.440045 0.100632
waypoint: 0.355616 0.432453 0.104439
waypoint: 0.352977 0.429299 0.106016
waypoint: 0.34534 0.420136 0.110299
waypoint: 0.344436 0.419052 0.110798
waypoint: 0.343948 0.418462 0.111039
waypoint: 0.34203 0.416142 0.111919
waypoint: 0.338708 0.412125 0.113455
waypoint: 0.337488 0.410644 0.113961
waypoint: 0.333795 0.40616 0.115487
waypoint: 0.331293 0.403107 0.116328
waypoint: 0.328232 0.399366 0.11729
waypoint: 0.325474 0.395991 0.118078
waypoint: 0.322053 0.391789 0.118857
waypoint: 0.318601 0.387547 0.119613
waypoint: 0.314402 0.38237 0.120335
waypoint: 0.314402 0.38237 0.120335
waypoint: 0.312043 0.383875 0.120211
waypoint: 0.308998 0.385793 0.119871
waypoint: 0.303209 0.389468 0.119421
waypoint: 0.299093 0.392108 0.119279
waypoint: 0.295244 0.394575 0.119132
waypoint: 0.291478 0.396986 0.118969
waypoint: 0.284985 0.401115 0.118512
waypoint: 0.282707 0.402565 0.118353
waypoint: 0.276781 0.406313 0.117802
waypoint: 0.276718 0.406353 0.117798
waypoint: 0.276718 0.406353 0.117798
waypoint: 0.276802 0.406451 0.11778
waypoint: 0.279068 0.409076 0.117349
waypoint: 0.280975 0.411291 0.117021
waypoint: 0.285444 0.416498 0.116381
waypoint: 0.289071 0.420691 0.115599
waypoint: 0.291759 0.423795 0.115002
waypoint: 0.297695 0.430576 0.113205
waypoint: 0.297827 0.430727 0.113163
waypoint: 0.297917 0.430828 0.113129
waypoint: 0.302617 0.436118 0.111196
waypoint: 0.308376 0.442548 0.108549
waypoint: 0.309244 0.443515 0.108139
waypoint: 0.30957 0.443876 0.107975
waypoint: 0.311489 0.445969 0.106826
waypoint: 0.315388 0.450243 0.104639
waypoint: 0.318476 0.453648 0.103189
waypoint: 0.320937 0.456367 0.102107
waypoint: 0.325236 0.46108 0.0998655
waypoint: 0.32796 0.464065 0.0984338
waypoint: 0.330566 0.466919 0.097057
waypoint: 0.336564 0.473494 0.0939264
waypoint: 0.338645 0.475763 0.0927583
waypoint: 0.343527 0.481091 0.0900392
waypoint: 0.348514 0.486507 0.0870672
waypoint: 0.349449 0.487523 0.0865098
waypoint: 0.350743 0.488923 0.0856937
waypoint: 0.355417 0.493974 0.0826721
waypoint: 0.359156 0.498 0.0801257
waypoint: 0.362808 0.501924 0.0775532
waypoint: 0.368397 0.507904 0.0733578
waypoint: 0.370201 0.50983 0.071965
waypoint: 0.372349 0.512124 0.0703007
waypoint: 0.376203 0.516221 0.0671373
waypoint: 0.381081 0.521353 0.0626633
waypoint: 0.38153 0.521824 0.0622479
waypoint: 0.382361 0.522703 0.0615375
waypoint: 0.390008 0.530795 0.0550607
waypoint: 0.392224 0.533134 0.053094
waypoint: 0.392224 0.533134 0.053094
waypoint: 0.384092 0.538785 0.0532679
waypoint: 0.378728 0.542514 0.0533845
waypoint: 0.377741 0.543172 0.053368
waypoint: 0.371497 0.547384 0.0533314
waypoint: 0.367032 0.550532 0.053503
waypoint: 0.359434 0.555965 0.0539089
waypoint: 0.359108 0.55618 0.053901
waypoint: 0.354151 0.559441 0.0537769
waypoint: 0.348615 0.563653 0.0543656
waypoint: 0.347185 0.564667 0.0544171
waypoint: 0.346215 0.565336 0.054424
waypoint: 0.346215 0.565336 0.054424
waypoint: 0.338494 0.557881 0.0601807
waypoint: 0.335315 0.554755 0.0620917
waypoint: 0.334024 0.553497 0.0629829
waypoint: 0.327965 0.547619 0.0675146
waypoint: 0.32736 0.547025 0.0679061
waypoint: 0.318822 0.538672 0.0736553
waypoint: 0.318621 0.538475 0.073791
waypoint: 0.318166 0.538021 0.074029
waypoint: 0.312107 0.532023 0.0775217
waypoint: 0.310613 0.530571 0.0784912
waypoint: 0.305419 0.525404 0.0813414
waypoint: 0.301876 0.521866 0.0832156
waypoint: 0.299837 0.519814 0.0842091
waypoint: 0.296041 0.515972 0.0859453
waypoint: 0.292291 0.512177 0.0876567
waypoint: 0.287544 0.50735 0.0897116
waypoint: 0.286644 0.506434 0.0900983
waypoint: 0.286111 0.505897 0.0903518
waypoint: 0.277811 0.497492 0.0941302
waypoint: 0.276858 0.496522 0.0945366
waypoint: 0.271616 0.49118 0.0967646
waypoint: 0.267837 0.487324 0.0983474
waypoint: 0.264653 0.484055 0.0995916
waypoint: 0.260004 0.479281 0.101406
waypoint: 0.258911 0.478151 0.101802
waypoint: 0.253101 0.472137 0.103866
waypoint: 0.24954 0.468452 0.10513
waypoint: 0.244849 0.463581 0.106738
waypoint: 0.241207 0.459806 0.108007
waypoint: 0.234113 0.452187 0.109192
waypoint: 0.231877 0.4498 0.109675
waypoint: 0.229889 0.447688 0.11017
waypoint: 0.225154 0.44268 0.111541
waypoint: 0.220818 0.437963 0.112024
waypoint: 0.21786 0.434735 0.112298
waypoint: 0.21786 0.434735 0.112298
waypoint: 0.216837 0.436972 0.111984
waypoint: 0.216193 0.438378 0.111751
waypoint: 0.211941 0.447669 0.1103
waypoint: 0.207753 0.456799 0.108565
waypoint: 0.207663 0.456989 0.108503
waypoint: 0.207545 0.457238 0.108425
waypoint: 0.202144 0.46879 0.105077
waypoint: 0.199225 0.475144 0.103458
waypoint: 0.196887 0.480135 0.10197
waypoint: 0.196887 0.480135 0.10197
waypoint: 0.200035 0.482551 0.101003
waypoint: 0.200924 0.483247 0.100788
waypoint: 0.201772 0.483895 0.100509
waypoint: 0.20274 0.484712 0.100469
waypoint: 0.21108 0.491519 0.0992032
waypoint: 0.212503 0.49268 0.0989814
waypoint: 0.226316 0.503728 0.0954286
waypoint: 0.226563 0.503928 0.095378
waypoint: 0.226978 0.504258 0.0952669
waypoint: 0.234141 0.509956 0.0933743
waypoint: 0.238472 0.513388 0.092177
waypoint: 0.24461 0.51823 0.0904017
waypoint: 0.245978 0.519316 0.0900349
waypoint: 0.247261 0.520289 0.0894984
waypoint: 0.252838 0.524642 0.0876168
waypoint: 0.25578 0.526969 0.0867263
waypoint: 0.2602 0.53038 0.0850891
waypoint: 0.260444 0.530573 0.0850169
waypoint: 0.268153 0.536631 0.0825809
waypoint: 0.269525 0.537694 0.0820761
waypoint: 0.273576 0.540819 0.0805352
waypoint: 0.276839 0.543304 0.0791413
waypoint: 0.27893 0.544912 0.0783287
waypoint: 0.281747 0.547119 0.0774351
waypoint: 0.289768 0.553221 0.0740517
waypoint: 0.289938 0.553351 0.0739814
waypoint: 0.290095 0.553468 0.0739094
waypoint: 0.296577 0.558327 0.0708396
waypoint: 0.300853 0.561489 0.068613
waypoint: 0.30527 0.564749 0.0662756
waypoint: 0.313165 0.570545 0.061951
waypoint: 0.315151 0.572012 0.0609148
waypoint: 0.315151 0.572012 0.0609148
waypoint: 0.306253 0.573757 0.0624491
waypoint: 0.304106 0.574178 0.0628211
waypoint: 0.293213 0.576218 0.064459
waypoint: 0.293127 0.576234 0.0644722
waypoint: 0.285868 0.577628 0.0656534
waypoint: 0.284057 0.577982 0.0659638
waypoint: 0.280363 0.578644 0.0664373
waypoint: 0.275436 0.57953 0.0670806
waypoint: 0.269252 0.580586 0.0677387
waypoint: 0.268981 0.58063 0.067762
waypoint: 0.259441 0.582153 0.0684953
waypoint: 0.258166 0.582351 0.0685775
waypoint: 0.247674 0.584096 0.0695925
waypoint: 0.247674 0.584096 0.0695925
waypoint: 0.24613 0.582589 0.0702853
waypoint: 0.241504 0.578001 0.0719619
waypoint: 0.238272 0.574816 0.073228
waypoint: 0.23602 0.572627 0.0742635
waypoint: 0.228089 0.564793 0.0770668
waypoint: 0.227091 0.563803 0.0773828
waypoint: 0.225422 0.562179 0.0781212
waypoint: 0.221087 0.557981 0.0801254
waypoint: 0.2195 0.556359 0.0804974
waypoint: 0.20781 0.544604 0.0841636
waypoint: 0.206438 0.54323 0.0846281
waypoint: 0.204925 0.541707 0.0850929
waypoint: 0.198729 0.535384 0.0866293
waypoint: 0.194336 0.530939 0.0878683
waypoint: 0.193386 0.529984 0.0881601
waypoint: 0.187936 0.52457 0.0901499
waypoint: 0.184387 0.520968 0.0911517
waypoint: 0.180246 0.516629 0.0918187
waypoint: 0.178448 0.514762 0.0921727
waypoint: 0.178448 0.514762 0.0921727
waypoint: 0.1768 0.51883 0.0912941
waypoint: 0.175683 0.521625 0.090861
waypoint: 0.174677 0.524056 0.0901509
waypoint: 0.173626 0.526607 0.0894611
waypoint: 0.171019 0.532923 0.0876833
waypoint: 0.168653 0.538569 0.0856888
waypoint: 0.16756 0.541184 0.084796
waypoint: 0.166587 0.54357 0.0842781
waypoint: 0.163938 0.550066 0.0828714
waypoint: 0.161561 0.555845 0.0813391
waypoint: 0.160958 0.557305 0.080929
waypoint: 0.160395 0.558671 0.0805546
waypoint: 0.158991 0.56205 0.0794808
waypoint: 0.158711 0.562724 0.0792707
waypoint: 0.158711 0.562724 0.0792707
waypoint: 0.158911 0.562894 0.0792278
waypoint: 0.164656 0.567808 0.0781104
waypoint: 0.16629 0.569192 0.0777477
waypoint: 0.167129 0.5699 0.0775519
waypoint: 0.176008 0.577323 0.0752495
waypoint: 0.176472 0.577715 0.075144
waypoint: 0.182797 0.583067 0.0737091
waypoint: 0.184229 0.584245 0.0732702
waypoint: 0.189451 0.588666 0.0721553
waypoint: 0.193993 0.592504 0.0711509
waypoint: 0.196488 0.594603 0.0705626
waypoint: 0.201099 0.598326 0.0688699
waypoint: 0.202835 0.599782 0.0684846
waypoint: 0.209575 0.605369 0.0665563
waypoint: 0.209575 0.605369 0.0665563
waypoint: 0.203909 0.606365 0.0668798
waypoint: 0.200397 0.606974 0.0670476
waypoint: 0.198951 0.607205 0.0670592
waypoint: 0.191829 0.608284 0.0669369
waypoint: 0.189287 0.608632 0.0667627
waypoint: 0.179598 0.610061 0.0664881
waypoint: 0.171479 0.611302 0.0664501
waypoint: 0.168254 0.611774 0.066349
waypoint: 0.165019 0.61218 0.0660055
waypoint: 0.160779 0.612714 0.0655623
waypoint: 0.155621 0.613533 0.0656601
waypoint: 0.151812 0.61413 0.0657005
waypoint: 0.146193 0.614811 0.0649909
waypoint: 0.14528 0.614933 0.064915
controlpoint: 0.467587 -0.33827 0.0330448
controlpoint: 0.467587 -0.33827 0.0330448
controlpoint: 0.596259 -0.179826 0.0682415
controlpoint: 0.653028 -0.122313 0.0774513
controlpoint: 0.653028 -0.122313 0.0774513
controlpoint: 0.685946 -0.0889343 0.0806407
controlpoint: 0.77162 -0.0139417 0.0793124
controlpoint: 0.797348 0.00703802 0.0768328
controlpoint: 0.797348 0.00703802 0.0768328
controlpoint: 0.824612 0.029239 0.0720432
controlpoint: 0.850476 0.0326254 0.0668693
controlpoint: 0.852061 0.0399491 0.0661306
controlpoint: 0.852061 0.0399491 0.0661306
controlpoint: 0.85589 0.0586629 0.0617404
controlpoint: 0.886909 0.0308219 0.0597934
controlpoint: 0.818719 0.105289 0.0612325
controlpoint: 0.818719 0.105289 0.0612325
controlpoint: 0.784195 0.141577 0.0612552
controlpoint: 0.516207 0.394999 0.0679812
controlpoint: 0.458859 0.450413 0.0671862
controlpoint: 0.458859 0.450413 0.0671862
controlpoint: 0.39643 0.508737 0.0636426
controlpoint: 0.40585 0.516433 0.0564386
controlpoint: 0.373192 0.535926 0.0584732
controlpoint: 0.373192 0.535926 0.0584732
controlpoint: 0.348026 0.550935 0.0600925
controlpoint: 0.266 0.574796 0.0702096
controlpoint: 0.240726 0.577582 0.0721592
controlpoint: 0.240726 0.577582 0.0721592
controlpoint: 0.208574 0.580998 0.0740399
controlpoint: 0.164285 0.578444 0.0749829
controlpoint: 0.15966 0.561625 0.0796439
controlpoint: 0.15966 0.561625 0.0796439
controlpoint: 0.154105 0.541204 0.0846432
controlpoint: 0.170651 0.469942 0.103806
controlpoint: 0.203085 0.438913 0.111112
controlpoint: 0.203085 0.438913 0.111112
controlpoint: 0.228684 0.414277 0.116234
controlpoint: 0.345525 0.372974 0.120156
controlpoint: 0.376699 0.351679 0.120504
controlpoint: 0.376699 0.351679 0.120504
controlpoint: 0.414003 0.325982 0.119175
controlpoint: 0.439069 0.296971 0.119191
controlpoint: 0.45915 0.262823 0.118841
controlpoint: 0.45915 0.262823 0.118841
controlpoint: 0.47834 0.2299 0.117118
controlpoint: 0.512597 0.146035 0.10968
controlpoint: 0.523729 0.100874 0.105248
controlpoint: 0.523729 0.100874 0.105248
controlpoint: 0.533685 0.060054 0.0999745
controlpoint: 0.543054 -0.0209509 0.0894193
controlpoint: 0.540003 -0.0590716 0.0844641
controlpoint: 0.540003 -0.0590716 0.0844641
controlpoint: 0.536983 -0.0970876 0.0790639
controlpoint: 0.518308 -0.149576 0.0696328
controlpoint: 0.498098 -0.183798 0.0635959
controlpoint: 0.498098 -0.183798 0.0635959
controlpoint: 0.483425 -0.208624 0.0587549
controlpoint: 0.411056 -0.271681 0.0419623
controlpoint: 0.409048 -0.279694 0.0406982
controlpoint: 0.409048 -0.279694 0.0406982
controlpoint: 0.401606 -0.309552 0.0365456
controlpoint: 0.463018 -0.324431 0.0349578
controlpoint: 0.463018 -0.324431 0.0349578
