x, y, z, yaw, roll, pitch
0.514076, -0.206694, 0.0301262, 0.798248, -2.79269, -0.104112
0.514771, -0.205984, 0.0302379, 0.799101, -2.79216, -0.101797
0.515467, -0.205274, 0.0303491, 0.800119, -2.79162, -0.0990432
0.516163, -0.204565, 0.0304603, 0.801139, -2.79108, -0.0962901
0.516858, -0.203855, 0.0305715, 0.802163, -2.79054, -0.0935381
0.517554, -0.203145, 0.0306827, 0.803189, -2.78999, -0.0907871
0.518249, -0.202435, 0.0307938, 0.804228, -2.78945, -0.0880404
0.518944, -0.201724, 0.0309022, 0.805391, -2.78888, -0.0850201
0.519637, -0.20101, 0.030999, 0.806955, -2.7882, -0.0808265
0.52033, -0.200295, 0.0310957, 0.808524, -2.78752, -0.0766351
0.521022, -0.19958, 0.0311924, 0.810099, -2.78683, -0.0724462
0.521715, -0.198865, 0.0312892, 0.811679, -2.78614, -0.06826
0.522408, -0.198151, 0.0313859, 0.813636, -2.78546, -0.0642144
0.523088, -0.19742, 0.03143, 0.815208, -2.78561, -0.0605474
0.523762, -0.196682, 0.0314487, 0.816535, -2.78614, -0.0570395
0.524436, -0.195944, 0.0314675, 0.817857, -2.78666, -0.05353
0.525111, -0.195205, 0.0314862, 0.819176, -2.78719, -0.0500189
0.525785, -0.194467, 0.031505, 0.820492, -2.7877, -0.0465064
0.526459, -0.193729, 0.0315237, 0.821804, -2.78821, -0.0429925
0.527133, -0.19299, 0.0315425, 0.823096, -2.78872, -0.0394717
0.527814, -0.192259, 0.0315872, 0.824471, -2.78969, -0.0357127
0.528495, -0.191528, 0.0316324, 0.825841, -2.79066, -0.0319458
0.529176, -0.190797, 0.0316776, 0.827204, -2.79162, -0.0281763
0.529856, -0.190066, 0.0317229, 0.828559, -2.79258, -0.0244042
0.530537, -0.189335, 0.0317681, 0.829907, -2.79353, -0.0206297
0.531218, -0.188604, 0.0318133, 0.831248, -2.79448, -0.016853
0.531899, -0.187873, 0.0318586, 0.832261, -2.79542, -0.0129586
0.532573, -0.187135, 0.0318762, 0.833819, -2.79639, -0.00825572
0.533245, -0.186394, 0.0318832, 0.835615, -2.79736, -0.00324863
0.533916, -0.185653, 0.0318902, 0.837402, -2.79832, 0.00176233
0.534588, -0.184912, 0.0318971, 0.83918, -2.79927, 0.00677684
0.53526, -0.184172, 0.0319041, 0.840948, -2.80022, 0.0117946
0.535931, -0.183431, 0.031911, 0.842725, -2.80115, 0.0168084
0.536594, -0.182683, 0.0318848, 0.844565, -2.80194, 0.0218789
0.537249, -0.181929, 0.0318336, 0.846399, -2.80262, 0.0270121
0.537905, -0.181176, 0.0317824, 0.848227, -2.80329, 0.0321487
0.53856, -0.180422, 0.0317312, 0.850048, -2.80396, 0.0372884
0.539215, -0.179668, 0.0316801, 0.851862, -2.80461, 0.0424308
0.539871, -0.178915, 0.0316289, 0.853669, -2.80525, 0.0475756
0.540526, -0.178161, 0.0315777, 0.855603, -2.80588, 0.0526764
0.541178, -0.177406, 0.0315161, 0.858154, -2.80641, 0.0596402
0.541828, -0.176649, 0.0314468, 0.861078, -2.80685, 0.0680118
0.542478, -0.175892, 0.0313775, 0.864016, -2.80726, 0.0763769
0.543124, -0.175133, 0.0312964, 0.865929, -2.8074, 0.0817808
0.543766, -0.174372, 0.0312033, 0.86675, -2.80727, 0.0841388
0.544408, -0.173611, 0.0311101, 0.867572, -2.80713, 0.0864968
0.54505, -0.17285, 0.031017, 0.868394, -2.807, 0.0888548
0.545692, -0.172089, 0.0309238, 0.869217, -2.80686, 0.0912127
0.546334, -0.171328, 0.0308306, 0.870087, -2.80671, 0.0935546
0.546973, -0.170566, 0.0307296, 0.87105, -2.80643, 0.0961665
0.54761, -0.169802, 0.0306207, 0.872062, -2.806, 0.0990675
0.548247, -0.169039, 0.0305117, 0.873076, -2.80557, 0.101968
0.548884, -0.168276, 0.0304027, 0.874093, -2.80514, 0.104868
0.54952, -0.167512, 0.0302937, 0.875112, -2.80471, 0.107767
0.550157, -0.166749, 0.0301847, 0.876134, -2.80427, 0.110665
0.550794, -0.165986, 0.0300758, 0.877158, -2.80383, 0.113562
0.55143, -0.165222, 0.0299668, 0.878185, -2.80338, 0.116458
0.552067, -0.164459, 0.0298578, 0.879215, -2.80293, 0.119354
0.552704, -0.163696, 0.0297488, 0.880242, -2.80248, 0.12225
0.553337, -0.162931, 0.029631, 0.881258, -2.80243, 0.125124
0.553966, -0.162165, 0.0294988, 0.88227, -2.80302, 0.12796
0.554595, -0.161398, 0.0293666, 0.883279, -2.80361, 0.130798
0.555223, -0.160632, 0.0292344, 0.88424, -2.8042, 0.133652
0.555847, -0.159864, 0.0290896, 0.885462, -2.80412, 0.137137
0.55647, -0.159096, 0.0289416, 0.886751, -2.80387, 0.140777
0.557093, -0.158327, 0.0287936, 0.888043, -2.80361, 0.144416
0.557716, -0.157559, 0.0286456, 0.889336, -2.80334, 0.148056
0.558339, -0.156791, 0.0284976, 0.890631, -2.80308, 0.151695
0.558961, -0.156023, 0.0283496, 0.891929, -2.8028, 0.155334
0.559584, -0.155255, 0.0282017, 0.893228, -2.80252, 0.158972
0.560207, -0.154486, 0.0280537, 0.89453, -2.80224, 0.162609
0.56083, -0.153718, 0.0279056, 0.895796, -2.8018, 0.166131
0.561453, -0.15295, 0.027757, 0.896955, -2.80092, 0.169318
0.562075, -0.152182, 0.0276085, 0.898167, -2.80003, 0.172486
0.562696, -0.151413, 0.027455, 0.899618, -2.79994, 0.175796
0.563306, -0.150641, 0.027275, 0.901179, -2.80276, 0.179546
0.563906, -0.149868, 0.0270699, 0.901695, -2.80179, 0.181056
0.564506, -0.149095, 0.0268648, 1.11316, -2.77049, 0.104639
0.564917, -0.148241, 0.0267416, 1.48605, -2.75761, -0.0441665
0.564992, -0.147244, 0.026763, 1.48602, -2.75624, -0.0441491
0.565068, -0.146247, 0.0267841, 1.48602, -2.75495, -0.0440746
0.565142, -0.14525, 0.0268028, 1.48634, -2.75471, -0.0432779
0.565216, -0.144253, 0.0268215, 1.48666, -2.75448, -0.0424813
0.565291, -0.143256, 0.0268403, 1.48697, -2.75425, -0.0416848
0.565365, -0.142259, 0.026859, 1.48729, -2.75401, -0.0408885
0.565439, -0.141262, 0.0268777, 1.48761, -2.75378, -0.0400923
0.565514, -0.140265, 0.0268964, 1.48793, -2.75355, -0.0392963
0.565588, -0.139268, 0.0269151, 1.48825, -2.75331, -0.0385003
0.565662, -0.138271, 0.0269339, 1.48861, -2.75308, -0.0377182
0.56574, -0.137274, 0.0269603, 1.48914, -2.75308, -0.036708
0.565827, -0.136279, 0.02701, 1.48988, -2.75376, -0.034872
0.565914, -0.135284, 0.0270597, 1.49062, -2.75444, -0.0330349
0.566, -0.134289, 0.0271094, 1.49135, -2.75512, -0.0311968
0.566087, -0.133294, 0.0271591, 1.49209, -2.7558, -0.0293578
0.566174, -0.132299, 0.0272089, 1.49282, -2.75648, -0.0275178
0.566261, -0.131304, 0.0272586, 1.49343, -2.75715, -0.0256322
0.566342, -0.130308, 0.0272955, 1.49451, -2.75803, -0.0228117
0.566422, -0.129312, 0.0273267, 1.4958, -2.75901, -0.0195805
0.566502, -0.128315, 0.0273578, 1.49709, -2.75997, -0.0163467
0.566581, -0.127319, 0.027389, 1.49836, -2.76094, -0.0131105
0.566661, -0.126323, 0.0274202, 1.49964, -2.7619, -0.00987189
0.56674, -0.125326, 0.0274514, 1.50111, -2.76286, -0.00671487
0.566804, -0.124329, 0.0274444, 1.50303, -2.76392, -0.00199808
0.566867, -0.123331, 0.0274332, 1.50503, -2.76498, 0.0028771
0.566928, -0.122333, 0.0274199, 1.50699, -2.76574, 0.00722424
0.566986, -0.121335, 0.0273968, 1.50792, -2.76524, 0.00959846
0.567043, -0.120336, 0.0273737, 1.50885, -2.76474, 0.0119718
0.567101, -0.119338, 0.0273507, 1.50978, -2.76424, 0.0143443
0.567158, -0.11834, 0.0273276, 1.51072, -2.76373, 0.0167159
0.567216, -0.117342, 0.0273046, 1.51166, -2.76323, 0.0190864
0.567273, -0.116344, 0.0272815, 1.5126, -2.76272, 0.021456
0.567331, -0.115346, 0.0272584, 1.51354, -2.7622, 0.0238246
0.567388, -0.114348, 0.0272354, 1.51449, -2.76169, 0.0261924
0.567446, -0.11335, 0.0272124, 1.51496, -2.76254, 0.0273849
0.567504, -0.112352, 0.0271894, 1.51537, -2.76355, 0.0284376
0.567561, -0.111354, 0.0271663, 1.51584, -2.76456, 0.0294687
0.567617, -0.110356, 0.0271397, 1.51663, -2.76523, 0.0308427
0.567667, -0.109358, 0.0270995, 1.51779, -2.76465, 0.033791
0.567718, -0.10836, 0.0270593, 1.51896, -2.76407, 0.0367381
0.567768, -0.107362, 0.0270191, 1.52013, -2.76348, 0.039684
0.567819, -0.106364, 0.0269789, 1.5213, -2.76289, 0.0426286
0.567869, -0.105366, 0.0269387, 1.5225, -2.7623, 0.0455609
0.567918, -0.104368, 0.0268941, 1.52347, -2.76223, 0.0479408
0.567965, -0.103371, 0.0268473, 1.52432, -2.76242, 0.0500427
0.56801, -0.102373, 0.026794, 1.52479, -2.76248, 0.0512009
0.568055, -0.101376, 0.0267382, 1.52511, -2.76247, 0.0519851
0.568099, -0.100378, 0.0266823, 1.52542, -2.76247, 0.0527694
0.568143, -0.0993806, 0.0266265, 1.52573, -2.76247, 0.0535536
0.568187, -0.0983831, 0.0265706, 1.52604, -2.76247, 0.0543379
0.568231, -0.0973857, 0.0265147, 1.52636, -2.76246, 0.0551221
0.568275, -0.0963882, 0.0264589, 1.52668, -2.76246, 0.0559027
0.568317, -0.0953909, 0.0263992, 1.52783, -2.76193, 0.058787
0.56836, -0.0943935, 0.0263406, 1.52874, -2.7631, 0.0610657
0.568403, -0.0933962, 0.0262822, 1.52963, -2.76433, 0.0633086
0.568446, -0.0923988, 0.0262237, 1.53051, -2.76556, 0.065554
0.568489, -0.0914014, 0.0261652, 1.53138, -2.76679, 0.0678017
0.568532, -0.0904041, 0.0261067, 1.53226, -2.76802, 0.0700478
0.568575, -0.0894067, 0.0260474, 1.5331, -2.76915, 0.0721727
0.568617, -0.0884095, 0.0259872, 1.53386, -2.77017, 0.0741548
0.568659, -0.0874122, 0.0259269, 1.53461, -2.77119, 0.0761385
0.568702, -0.0864149, 0.0258666, 1.53536, -2.77221, 0.0781237
0.568744, -0.0854176, 0.0258064, 1.53611, -2.77323, 0.0801104
0.568786, -0.0844203, 0.0257461, 1.53685, -2.77424, 0.0820986
0.568828, -0.083423, 0.0256858, 1.53759, -2.77526, 0.0840883
0.568871, -0.0824257, 0.0256255, 1.53833, -2.77627, 0.0860794
0.568913, -0.0814284, 0.0255653, 1.53944, -2.77725, 0.0879249
0.568949, -0.0804321, 0.0254898, 1.541, -2.77816, 0.0908341
0.568978, -0.0794367, 0.0253989, 1.54248, -2.77905, 0.0950154
0.569, -0.0784432, 0.0252877, 1.54364, -2.77971, 0.0981771
0.569018, -0.077451, 0.0251642, 1.54462, -2.78023, 0.100719
0.569035, -0.0764588, 0.0250408, 1.54561, -2.78075, 0.103261
0.569052, -0.0754666, 0.0249173, 1.54658, -2.78127, 0.105805
0.569069, -0.0744744, 0.0247939, 1.54756, -2.78178, 0.10835
0.569087, -0.0734822, 0.0246704, 1.54853, -2.78229, 0.110896
0.569104, -0.07249, 0.024547, 1.55002, -2.78274, 0.113251
0.56913, -0.0714956, 0.0244475, 1.55111, -2.78386, 0.115189
0.569161, -0.0704995, 0.0243648, 1.5517, -2.78548, 0.116924
0.569193, -0.0695034, 0.0242821, 1.55228, -2.78709, 0.118661
0.569225, -0.0685074, 0.0241994, 1.55286, -2.78871, 0.1204
0.569256, -0.0675113, 0.0241166, 1.5537, -2.79029, 0.12204
0.569282, -0.0665171, 0.0240171, 1.88194, -2.77103, -0.000220221
0.568985, -0.0656062, 0.0240075, 2.10901, -2.78052, -0.0842442
0.568475, -0.0647503, 0.0240948, 2.11009, -2.78086, -0.0813756
0.567966, -0.0638943, 0.0241821, 2.11118, -2.78118, -0.0785063
0.567456, -0.0630384, 0.0242694, 2.11226, -2.78151, -0.0756363
0.566946, -0.0621824, 0.0243568, 2.11351, -2.78184, -0.0728298
0.566435, -0.061327, 0.0244404, 2.11623, -2.78211, -0.0706787
0.56591, -0.0604776, 0.0244883, 2.11692, -2.78055, -0.0687772
0.565384, -0.0596282, 0.0245358, 2.11769, -2.77914, -0.0668742
0.564858, -0.0587791, 0.0245817, 2.11847, -2.77874, -0.0647904
0.564332, -0.05793, 0.0246277, 2.11925, -2.77833, -0.0627073
0.563805, -0.0570809, 0.0246736, 2.12004, -2.77791, -0.060625
0.563279, -0.0562319, 0.0247195, 2.12098, -2.77751, -0.0586038
0.562749, -0.0553845, 0.0247556, 2.12158, -2.77652, -0.0573154
0.562217, -0.0545385, 0.0247845, 2.12183, -2.77509, -0.056531
0.561685, -0.0536925, 0.0248135, 2.12209, -2.77367, -0.0557473
0.561152, -0.0528464, 0.0248424, 2.12235, -2.77224, -0.0549643
0.56062, -0.0520004, 0.0248714, 2.12268, -2.77082, -0.0542106
0.560097, -0.0511498, 0.0249281, 2.12404, -2.76918, -0.0508721
0.559578, -0.0502977, 0.0249944, 2.12583, -2.76747, -0.046692
0.559056, -0.0494472, 0.025051, 2.12734, -2.7654, -0.0433892
0.558526, -0.0486, 0.0250884, 2.12799, -2.76262, -0.0417244
0.557996, -0.0477527, 0.0251258, 2.12864, -2.75984, -0.0400632
0.557466, -0.0469055, 0.0251632, 2.1293, -2.75706, -0.0384054
0.556936, -0.0460583, 0.0252006, 2.12998, -2.75428, -0.0367513
0.556406, -0.045211, 0.025238, 2.13066, -2.7515, -0.0351009
0.555876, -0.0443638, 0.0252754, 2.13135, -2.74872, -0.0334544
0.555346, -0.0435166, 0.0253128, 2.13194, -2.74593, -0.0317687
0.554812, -0.0426719, 0.0253369, 2.13302, -2.74614, -0.029174
0.554276, -0.0418274, 0.0253598, 2.13414, -2.74663, -0.0264898
0.553741, -0.040983, 0.0253827, 2.13526, -2.74713, -0.0238045
0.553206, -0.0401385, 0.0254055, 2.13633, -2.74762, -0.0211002
0.552668, -0.0392955, 0.0254213, 2.13739, -2.74749, -0.0185476
0.55213, -0.0384528, 0.0254359, 2.13844, -2.74727, -0.0160191
0.551592, -0.03761, 0.0254506, 2.13949, -2.74704, -0.0134911
0.551054, -0.0367672, 0.0254652, 2.14054, -2.74682, -0.0109635
0.550516, -0.0359244, 0.0254799, 2.1416, -2.74658, -0.00843641
0.549978, -0.0350817, 0.0254945, 2.14266, -2.74635, -0.00590986
0.54944, -0.0342389, 0.0255092, 2.14364, -2.74611, -0.00335439
0.548897, -0.033399, 0.0255105, 2.14493, -2.7461, -0.000161029
0.548352, -0.0325608, 0.0255044, 2.1464, -2.7462, 0.00337011
0.547807, -0.0317225, 0.0254984, 2.14787, -2.74629, 0.00690286
0.54726, -0.0308855, 0.0254876, 2.14918, -2.74684, 0.0100459
0.54671, -0.0300506, 0.0254673, 2.15019, -2.74828, 0.0124292
0.54616, -0.0292158, 0.0254471, 2.15119, -2.74971, 0.0148154
0.54561, -0.0283809, 0.0254268, 2.15218, -2.75115, 0.0172044
0.545059, -0.0275461, 0.0254065, 2.15322, -2.75258, 0.0195768
0.544508, -0.0267126, 0.0253812, 2.15423, -2.75269, 0.0219863
0.543955, -0.0258795, 0.0253537, 2.15522, -2.75225, 0.0244149
0.543402, -0.0250465, 0.0253262, 2.15622, -2.75181, 0.0268427
0.54285, -0.0242135, 0.0252987, 2.15722, -2.75136, 0.0292697
0.542297, -0.0233805, 0.0252713, 2.15822, -2.75092, 0.0316959
0.541745, -0.0225474, 0.0252438, 2.15922, -2.75047, 0.0341212
0.541192, -0.0217144, 0.0252163, 2.16022, -2.75002, 0.0365456
0.54064, -0.0208814, 0.0251889, 2.16123, -2.74956, 0.038969
0.540087, -0.0200484, 0.0251614, 2.16229, -2.7491, 0.0413725
0.539532, -0.0192171, 0.0251272, 2.16325, -2.7478, 0.0435845
0.538976, -0.0183873, 0.0250875, 2.16406, -2.7458, 0.0456688
0.538421, -0.0175556, 0.0250548, 2.16439, -2.74693, 0.0464907
0.537867, -0.0167239, 0.0250223, 2.16465, -2.74811, 0.0473145
0.537309, -0.0158953, 0.0249778, 2.16497, -2.74868, 0.0481733
0.536749, -0.0150684, 0.0249268, 2.16533, -2.74892, 0.0490493
0.536189, -0.0142415, 0.0248758, 2.1657, -2.74916, 0.0499255
0.535629, -0.0134147, 0.0248248, 2.16606, -2.74939, 0.0508018
0.535069, -0.0125878, 0.0247738, 2.16642, -2.74963, 0.0516784
0.534509, -0.0117609, 0.0247228, 2.16679, -2.74986, 0.0525551
0.533949, -0.0109341, 0.0246718, 2.16715, -2.7501, 0.0534321
0.533389, -0.0101072, 0.0246208, 2.16751, -2.75033, 0.0543092
0.532829, -0.00928032, 0.0245698, 2.16765, -2.75058, 0.055278
0.532264, -0.00845723, 0.0245049, 2.16858, -2.75056, 0.0576863
0.531699, -0.00763507, 0.0244366, 2.16972, -2.75049, 0.0604418
0.531134, -0.0068129, 0.0243682, 2.17086, -2.75041, 0.0631972
0.530569, -0.00599074, 0.0242999, 2.172, -2.75032, 0.0659527
0.530004, -0.00516858, 0.0242316, 2.17314, -2.75024, 0.0687081
0.529439, -0.00434641, 0.0241633, 2.17428, -2.75015, 0.0714627
0.528872, -0.00352638, 0.0240878, 2.17547, -2.75014, 0.0743481
0.528302, -0.00270859, 0.0240048, 2.17673, -2.75021, 0.0773725
0.527733, -0.00189079, 0.0239218, 2.17798, -2.75028, 0.080397
0.527163, -0.001073, 0.0238388, 2.17937, -2.75034, 0.0833652
0.526591, -0.000258195, 0.0237466, 2.18079, -2.74955, 0.0865962
0.526017, 0.000554902, 0.023649, 2.1822, -2.74829, 0.089991
0.525443, 0.00136765, 0.0235504, 2.18365, -2.74706, 0.0933389
0.524866, 0.00217789, 0.0234442, 2.18498, -2.74621, 0.0965243
0.52429, 0.00298813, 0.023338, 2.1863, -2.74536, 0.0997077
0.523713, 0.00379837, 0.0232318, 2.18764, -2.7445, 0.102889
0.523137, 0.00460861, 0.0231256, 2.18898, -2.74363, 0.106068
0.522561, 0.00541886, 0.0230193, 2.19033, -2.74276, 0.109246
0.521984, 0.0062291, 0.0229131, 2.19168, -2.74189, 0.11242
0.521408, 0.00703934, 0.0228069, 2.19304, -2.74101, 0.115593
0.520831, 0.00784958, 0.0227007, 2.19439, -2.74012, 0.118765
0.520253, 0.00865708, 0.0225864, 2.19522, -2.74026, 0.120705
0.519674, 0.00946384, 0.02247, 2.19591, -2.74068, 0.122314
0.519094, 0.0102706, 0.0223535, 2.19659, -2.74109, 0.123923
0.518515, 0.0110774, 0.022237, 2.19727, -2.7415, 0.125533
0.517936, 0.0118841, 0.0221206, 2.19794, -2.74192, 0.127149
0.517354, 0.0126872, 0.0219937, 2.1987, -2.74236, 0.128954
0.516768, 0.013485, 0.021852, 2.19958, -2.74283, 0.131026
0.516182, 0.0142828, 0.0217103, 2.20047, -2.7433, 0.133098
0.515596, 0.0150806, 0.0215686, 2.20136, -2.74377, 0.135171
0.51501, 0.0158784, 0.0214269, 2.20224, -2.74424, 0.137245
0.514423, 0.0166762, 0.0212852, 2.20317, -2.74467, 0.139443
0.513837, 0.0174741, 0.0211436, 2.20447, -2.74478, 0.142507
0.513252, 0.0182719, 0.021002, 2.20577, -2.74489, 0.145573
0.512665, 0.0190697, 0.0208603, 2.20703, -2.74501, 0.148595
0.512079, 0.0198667, 0.0207164, 2.20803, -2.74528, 0.150957
