0.47493 -0.254163 0.022473 -0.15846 0.334465 -0.928991
0.480433 -0.249431 0.0232383 -0.166776 0.334289 -0.927597
0.481951 -0.248119 0.023438 -0.166776 0.334289 -0.927597
0.483682 -0.246601 0.0236253 -0.185939 0.314685 -0.930806
0.488465 -0.242385 0.0240955 -0.185939 0.314685 -0.930806
0.495147 -0.23644 0.0246506 -0.195722 0.30698 -0.931373
0.495587 -0.236048 0.0246849 -0.209388 0.303075 -0.929679
0.496049 -0.235633 0.0247161 -0.209388 0.303075 -0.929679
0.50579 -0.226853 0.0253116 -0.209371 0.298004 -0.93132
0.508126 -0.22475 0.0254593 -0.209371 0.298004 -0.93132
0.514119 -0.219336 0.0258026 -0.210472 0.292149 -0.932926
0.515136 -0.218439 0.0259011 -0.189826 0.317107 -0.929198
0.52286 -0.211648 0.0266961 -0.191857 0.326575 -0.925494
0.529245 -0.206011 0.0273092 -0.20218 0.323191 -0.924484
0.530376 -0.205009 0.0274122 -0.251082 0.27327 -0.928591
0.531173 -0.204265 0.0274156 -0.251082 0.27327 -0.928591
0.539117 -0.196873 0.0274927 -0.25073 0.279121 -0.926944
0.542774 -0.193435 0.027465 -0.267024 0.276568 -0.923151
0.544801 -0.191563 0.027512 -0.295572 0.227626 -0.927806
0.546604 -0.189801 0.0273699 -0.300656 0.173521 -0.937815
0.549941 -0.186444 0.0269212 -0.306615 0.186491 -0.933385
0.554674 -0.181698 0.0263148 -0.326874 0.150145 -0.933065
0.560544 -0.175647 0.0252322 -0.325964 0.138942 -0.935116
0.562513 -0.173607 0.0248489 -0.325964 0.138942 -0.935116
0.564967 -0.17102 0.0242776 -0.415666 0.147491 -0.897479
0.566167 -0.169721 0.0239353 -0.415666 0.147491 -0.897479
0.566167 -0.169721 0.0239353 -0.415666 0.147491 -0.897479
0.566637 -0.166186 0.0242986 -0.347038 0.123923 -0.929628
0.566937 -0.163802 0.0245044 -0.349016 0.102809 -0.93146
0.567052 -0.162829 0.0245687 -0.349016 0.102809 -0.93146
0.568392 -0.150875 0.0251813 -0.376542 0.0894606 -0.92207
0.569504 -0.139311 0.0253317 -0.378362 0.0484279 -0.92439
0.569604 -0.138267 0.0253427 -0.367804 0.0783801 -0.926594
0.570661 -0.128466 0.025752 -0.357749 0.05774 -0.932031
0.570667 -0.1284 0.0257536 -0.357749 0.05774 -0.932031
0.571289 -0.120916 0.0256054 -0.38848 0.0140248 -0.92135
0.571529 -0.117842 0.0255082 -0.384397 0.000816576 -0.923168
0.572141 -0.110008 0.0252609 -0.38435 0.000879332 -0.923187
0.572435 -0.105862 0.0250588 -0.382304 -0.017894 -0.923863
0.572799 -0.100258 0.0247045 -0.391071 -0.0327501 -0.919778
0.573072 -0.0960109 0.0244288 -0.389735 -0.0366833 -0.920196
0.573816 -0.0842825 0.023646 -0.384043 -0.0394789 -0.922471
0.574078 -0.0801067 0.0233585 -0.384043 -0.0394789 -0.922471
0.574423 -0.0732111 0.0226715 -0.37876 -0.0729554 -0.922615
0.574423 -0.0732111 0.0226715 -0.37876 -0.0729554 -0.922615
0.573718 -0.0715198 0.0228271 -0.37876 -0.0729554 -0.922615
0.573406 -0.0708114 0.0228518 -0.326505 -0.111107 -0.938642
0.572811 -0.0694022 0.0229663 -0.38188 -0.134083 -0.914434
0.568547 -0.0597432 0.0233308 -0.356387 -0.168735 -0.918976
0.56673 -0.0558083 0.0233128 -0.356387 -0.168735 -0.918976
0.563722 -0.0493055 0.023271 -0.354066 -0.169709 -0.919694
0.562961 -0.0476771 0.0232442 -0.353375 -0.179539 -0.918091
0.559696 -0.0406861 0.0231337 -0.352575 -0.193456 -0.915568
0.558345 -0.0378326 0.0230509 -0.340539 -0.200337 -0.918639
0.555006 -0.0308582 0.0227679 -0.340539 -0.200337 -0.918639
0.549181 -0.0190971 0.0218847 -0.330704 -0.232457 -0.914658
0.549014 -0.0187608 0.0218579 -0.307475 -0.234372 -0.922241
0.548956 -0.0186442 0.0218478 -0.304857 -0.248543 -0.919396
0.548884 -0.018503 0.0218333 -0.304857 -0.248543 -0.919396
0.545259 -0.0113675 0.0210967 -0.296148 -0.262607 -0.918332
0.542998 -0.00698246 0.0205719 -0.296148 -0.262607 -0.918332
0.541562 -0.00414477 0.0202893 -0.300713 -0.285543 -0.909965
0.537348 0.00387262 0.019166 -0.300713 -0.285543 -0.909965
0.536712 0.00507012 0.0189839 -0.271496 -0.301303 -0.914061
0.536355 0.00573295 0.0188716 -0.274134 -0.318339 -0.907475
0.533463 0.0110257 0.0178885 -0.274134 -0.318339 -0.907475
0.533463 0.0110257 0.0178885 -0.274134 -0.318339 -0.907475
0.527744 0.0136027 0.018712 -0.264911 -0.321418 -0.909127
0.520527 0.0168205 0.0196773 -0.264911 -0.321418 -0.909127
0.520229 0.0169515 0.0197129 -0.244464 -0.342967 -0.906979
0.519847 0.0171164 0.0197533 -0.244464 -0.342967 -0.906979
0.512794 0.0201384 0.0204397 -0.231301 -0.332151 -0.914426
0.510097 0.0212896 0.020692 -0.213789 -0.344856 -0.913985
0.507513 0.0223711 0.0208882 -0.213789 -0.344856 -0.913985
0.500117 0.025445 0.0214027 -0.183711 -0.354329 -0.916898
0.495831 0.0271754 0.0215927 -0.173715 -0.369467 -0.912862
0.486967 0.0306934 0.0218557 -0.173715 -0.369467 -0.912862
0.484945 0.0314843 0.0218914 -0.15919 -0.365534 -0.917084
0.483153 0.0321829 0.0219182 -0.135779 -0.398633 -0.907004
0.471528 0.036547 0.0217405 -0.122603 -0.392176 -0.911683
0.468714 0.0375901 0.0216702 -0.122603 -0.392176 -0.911683
0.466847 0.0382983 0.0216568 -0.0996727 -0.41413 -0.904744
0.458783 0.0411737 0.021229 -0.0996727 -0.41413 -0.904744
0.453743 0.0429853 0.0209905 -0.100602 -0.399818 -0.911057
0.446011 0.0456443 0.0203767 -0.0702736 -0.413874 -0.907618
0.442742 0.0467628 0.0201054 -0.0684876 -0.419691 -0.90508
0.43962 0.0478479 0.0198812 -0.0447637 -0.407916 -0.911921
0.435609 0.049188 0.0194787 -0.0447637 -0.407916 -0.911921
0.430867 0.0507823 0.0190252 -0.0521522 -0.413666 -0.908934
0.42567 0.0524227 0.0183125 -0.0209381 -0.45346 -0.891031
