0.698253 0.016869 0.298954
0.694291 0.019522 0.306913
0.691865 0.020299 0.306539
0.689505 0.022055 0.306770
0.686063 0.025469 0.311545
0.681943 0.030572 0.316117
0.678164 0.033760 0.319270
0.674088 0.039518 0.324555
0.673999 0.038544 0.324466
0.666329 0.048653 0.336155
0.660792 0.055529 0.342402
0.657849 0.058919 0.345453
0.645482 0.070298 0.351821
0.642091 0.074277 0.355688
0.638621 0.077597 0.354846
0.627418 0.090895 0.354891
0.626687 0.094030 0.353684
0.616077 0.103461 0.346863
0.611082 0.110089 0.345964
0.611552 0.110531 0.337716
0.605199 0.119565 0.321062
0.606257 0.119386 0.321187
0.600541 0.125824 0.309664
0.602556 0.124107 0.301774
0.602635 0.130606 0.283271
0.602435 0.129465 0.283204
0.603843 0.134752 0.260031
0.601131 0.140484 0.259952
0.602800 0.141053 0.250093
0.605249 0.144657 0.240444
0.609396 0.141908 0.224212
0.610370 0.150380 0.217760
0.609911 0.153899 0.204242
0.610639 0.154647 0.201590
0.608129 0.160947 0.192298
0.608895 0.161678 0.189907
0.603653 0.168549 0.183825
0.604148 0.167735 0.183860
0.603325 0.175983 0.177050
0.596898 0.181740 0.174182
0.595326 0.180077 0.180428
0.586873 0.184442 0.194400
0.580056 0.184077 0.212799
0.576782 0.192307 0.205726
0.569723 0.197418 0.232492
0.568877 0.196105 0.243193
0.561149 0.198996 0.265410
0.560721 0.198741 0.275012
0.556291 0.205818 0.270751
0.553294 0.211058 0.282697
0.555072 0.206668 0.311041
0.550314 0.211747 0.314544
0.551101 0.209910 0.326301
0.548792 0.215610 0.340894
0.544861 0.222432 0.342163
0.545064 0.221897 0.351615
0.541688 0.228273 0.356493
0.541048 0.229131 0.360033
0.535650 0.240600 0.365778
0.531279 0.249838 0.369920
0.530518 0.250162 0.369819
0.524844 0.265595 0.368273
0.524070 0.267813 0.364020
0.520927 0.277269 0.362033
0.519029 0.286572 0.351923
0.519377 0.285832 0.344579
0.516894 0.294318 0.352163
0.514262 0.300856 0.339076
0.514062 0.303143 0.332632
0.510665 0.314404 0.313947
0.510418 0.315118 0.313958
0.510741 0.321133 0.283433
0.512338 0.321472 0.284371
0.510332 0.325256 0.261100
0.513077 0.320872 0.244855
0.513865 0.325495 0.241188
0.515912 0.321353 0.235719
0.522408 0.315791 0.218265
0.520770 0.323602 0.217712
0.531362 0.309547 0.201839
0.534836 0.308264 0.192123
0.541192 0.300992 0.163970
0.547127 0.299542 0.154989
0.552541 0.298740 0.147894
0.556944 0.294540 0.143828
0.566112 0.284516 0.139032
0.568229 0.279808 0.140265
0.571092 0.279853 0.136873
0.572969 0.277551 0.132565
0.571679 0.260330 0.157875
0.575329 0.262064 0.150003
0.571635 0.243588 0.171227
0.570954 0.232145 0.172972
0.561170 0.225567 0.218002
0.560471 0.217711 0.208922
0.558331 0.218460 0.230566
0.555988 0.218380 0.238504
0.556381 0.215820 0.240680
0.549160 0.217212 0.273367
0.550773 0.213825 0.276289
0.551158 0.209098 0.288969
0.552372 0.206045 0.296333
0.553959 0.200273 0.308540
0.552612 0.200937 0.318491
0.557985 0.191816 0.329322
0.558496 0.188329 0.329681
0.563167 0.182547 0.336045
0.564791 0.176399 0.339058
0.568846 0.169005 0.342815
0.571875 0.165870 0.339350
0.571062 0.166961 0.339090
0.576037 0.161195 0.331046
0.577600 0.155853 0.336611
0.580112 0.157029 0.321181
0.582371 0.152391 0.327084
0.584660 0.155015 0.315609
0.590206 0.144897 0.303118
0.594441 0.138287 0.293810
0.595301 0.138118 0.278683
0.600004 0.132803 0.267928
0.599850 0.133240 0.259977
0.607863 0.129612 0.236868
0.606287 0.129137 0.236375
0.613223 0.126177 0.215690
0.617287 0.118678 0.209419
0.619554 0.121227 0.197446
0.623177 0.116050 0.192753
0.623190 0.119189 0.183200
0.626631 0.113359 0.174136
0.630387 0.111750 0.161718
0.631530 0.110030 0.153861
0.636006 0.107798 0.148488
0.639663 0.101898 0.141672
0.639435 0.100982 0.146718
0.636643 0.099050 0.150104
0.635132 0.093194 0.163493
0.637959 0.088014 0.164869
0.629882 0.084915 0.191619
0.632813 0.078982 0.192645
0.630175 0.078923 0.202329
0.631178 0.073826 0.211887
0.631141 0.067762 0.231674
0.631377 0.067020 0.231696
0.634826 0.057724 0.255615
0.638520 0.052319 0.252581
0.640324 0.048133 0.274742
0.644989 0.039378 0.294217
0.645882 0.036862 0.294274
0.646092 0.035598 0.307229
0.656540 0.025178 0.314314
0.657856 0.022832 0.315977
0.663402 0.016769 0.319693
0.664525 0.015361 0.320341
0.676163 0.005379 0.322123
0.685787 -0.005708 0.315930
0.687793 -0.006113 0.313215
0.695793 -0.015340 0.302586
0.701754 -0.019598 0.309053
0.714919 -0.033763 0.286687
0.711616 -0.028497 0.267685
0.712557 -0.028163 0.258477
0.719675 -0.032881 0.246101
0.725911 -0.039181 0.241625
0.725865 -0.037409 0.233596
0.728347 -0.035488 0.209802
0.735275 -0.040334 0.202953
0.734329 -0.034690 0.192909
0.738588 -0.034610 0.179085
0.748044 -0.036792 0.165353
0.756061 -0.043531 0.160799
0.771142 -0.054084 0.152172
0.770684 -0.053218 0.152148
0.776709 -0.056513 0.153254
0.783593 -0.061183 0.149392
0.794713 -0.073127 0.151136
0.797297 -0.078524 0.154218
0.807937 -0.098863 0.163038
0.811741 -0.103578 0.175583
0.817288 -0.113336 0.185203
0.817518 -0.112077 0.185580
0.818239 -0.123893 0.201710
0.812635 -0.129396 0.219726
0.806536 -0.130611 0.254474
0.805345 -0.130804 0.270408
0.800457 -0.126912 0.279202
0.799889 -0.127270 0.279087
0.803874 -0.130768 0.283919
0.782539 -0.112088 0.315324
0.776904 -0.105894 0.318672
0.776888 -0.106729 0.322629
0.764927 -0.093084 0.325297
0.763814 -0.094000 0.327393
0.748727 -0.078277 0.325353
0.748616 -0.076475 0.326355
0.735106 -0.059887 0.310021
0.552858 0.274048 0.193928
0.554272 0.274488 0.195231
0.551764 0.274093 0.212147
0.552179 0.270046 0.229432
0.551163 0.271038 0.240578
0.551791 0.267646 0.250307
0.553762 0.265964 0.255751
0.558155 0.255410 0.261501
0.556710 0.255557 0.261251
0.562956 0.241803 0.267667
0.563415 0.242725 0.266315
0.570699 0.222361 0.270528
0.568397 0.224686 0.274523
0.581528 0.204813 0.270016
0.579277 0.204303 0.275312
0.589392 0.189360 0.268481
0.588071 0.189423 0.273859
0.598028 0.172557 0.268626
0.606371 0.153058 0.270782
0.609164 0.143368 0.274592
0.610115 0.143182 0.272695
0.620048 0.123353 0.273936
0.627893 0.108730 0.267972
0.631956 0.096975 0.269905
0.637657 0.083823 0.271194
0.646269 0.069365 0.265700
0.650497 0.059750 0.269452
0.659817 0.036537 0.266046
0.662076 0.032367 0.266124
0.668859 0.023254 0.261495
0.678139 0.008044 0.258421
0.685022 -0.006688 0.258356
0.686017 -0.007191 0.258462
0.697646 -0.021023 0.254499
0.710827 -0.033958 0.249293
0.710139 -0.034336 0.248935
0.715087 -0.033412 0.247840
0.726009 -0.038677 0.245650
0.739325 -0.041452 0.244160
0.752323 -0.043582 0.246260
0.757691 -0.027543 0.246044
0.765994 -0.037420 0.247813
0.765700 -0.030207 0.248035
0.775035 -0.028800 0.248807
0.781487 -0.021011 0.248808
0.778667 -0.004232 0.247940
0.778823 -0.005180 0.244906
0.777062 0.013266 0.244298
0.775913 0.031787 0.238997
0.772634 0.041603 0.240054
0.779805 0.035807 0.239197
0.771755 0.065951 0.238839
0.770434 0.065148 0.238153
0.764434 0.081872 0.240092
0.759827 0.096084 0.238010
0.759263 0.103690 0.236238
0.746393 0.119798 0.235331
0.740573 0.134372 0.232104
0.728630 0.148886 0.234298
0.732832 0.154736 0.207652
0.709900 0.178171 0.231195
0.698332 0.188958 0.230621
0.689393 0.201033 0.232023
0.685299 0.208650 0.231963
0.674652 0.216772 0.235326
0.673244 0.222189 0.232819
0.649448 0.237464 0.240039
0.643173 0.243522 0.240658
0.624359 0.257715 0.240615
0.624464 0.258834 0.240612
0.613002 0.255563 0.242314
0.608762 0.263799 0.243196
0.597204 0.262229 0.244240
0.592648 0.267757 0.245774
0.584432 0.256172 0.247040
0.582032 0.266006 0.246776
0.575749 0.251953 0.246307
0.569674 0.246432 0.244467
0.569173 0.247042 0.244402
0.563797 0.247884 0.241715
0.561696 0.248400 0.241192
0.559292 0.239090 0.237071
0.554246 0.237808 0.237117
0.554090 0.232323 0.235431
0.549839 0.232012 0.231546
0.550002 0.221038 0.234697
0.554484 0.205728 0.233077
0.554724 0.203984 0.233121
0.555842 0.195893 0.232885
0.695969 0.201277 0.218377
0.695349 0.206935 0.216667
0.685681 0.222487 0.214092
0.679652 0.225491 0.213429
0.666587 0.239452 0.211366
0.667057 0.238750 0.211458
0.663730 0.247719 0.214520
0.652300 0.250004 0.213364
0.641323 0.259761 0.218248
0.635651 0.259571 0.214952
0.623189 0.260291 0.222772
0.620524 0.266168 0.224147
0.608997 0.255498 0.229171
0.610315 0.265878 0.227746
0.597965 0.250890 0.230606
0.593807 0.251146 0.228807
0.588739 0.248008 0.229930
0.588520 0.232290 0.232724
0.585784 0.242281 0.232196
0.582938 0.224062 0.235137
0.587293 0.205489 0.238096
0.583617 0.205955 0.236569
0.593323 0.182837 0.243886
0.585816 0.190518 0.243246
0.597450 0.169538 0.247018
0.592394 0.169361 0.245542
0.593355 0.161857 0.247487
0.592801 0.161743 0.248676
0.572751 0.109493 0.006668
0.610377 0.132726 0.253356
0.613043 0.120901 0.254907
0.614096 0.113409 0.256248
0.621059 0.108920 0.259813
0.626438 0.096808 0.261992
0.638593 0.090778 0.266868
0.637431 0.084639 0.267612
0.654882 0.068733 0.270647
0.657655 0.062968 0.272398
0.675498 0.059168 0.273639
0.678200 0.052416 0.275396
0.684377 0.052574 0.276651
0.694785 0.047167 0.279912
0.705767 0.045214 0.283314
0.708583 0.047155 0.279709
0.707371 0.046391 0.278772
0.712290 0.049069 0.275073
0.705805 0.061575 0.272557
